1 9.31323e-10 -3.63798e-12 0 -9.31323e-10 1 -4.65661e-10 7.45058e-09 -1.81899e-11 -9.31323e-10 1 0
1 -9.80012e-05 0.000548853 0.00275804 9.78969e-05 1 0.000192499 -0.0111924 -0.000548872 -0.000192446 1 0.232775
1 0.000269168 0.000363768 -0.00496013 -0.000269293 1 0.000342934 -0.0173987 -0.000363676 -0.000343034 1 0.560105
1 0.000154768 0.000582239 -0.0048065 -0.000154804 1 6.318e-05 -0.0262732 -0.000582229 -6.32699e-05 1 0.928578
0.999999 0.000128808 0.0014546 -0.00987636 -0.000128608 1 -0.000138036 -0.0347319 -0.00145462 0.000137849 0.999999 1.23954
1 -9.22419e-05 0.00096411 -0.0175358 9.22084e-05 1 3.31537e-05 -0.0416856 -0.000964113 -3.30647e-05 1 1.61418
0.999999 -0.000307914 0.00148633 -0.0170644 0.000307861 1 3.56212e-05 -0.0490784 -0.00148634 -3.51644e-05 0.999999 1.92984
0.999999 -5.71124e-05 0.00149416 -0.0198781 5.75064e-05 1 -0.000263959 -0.0548569 -0.00149415 0.000264043 0.999999 2.25245
0.999999 0.000135542 0.00117657 -0.0281749 -0.000135466 1 -6.45425e-05 -0.0624595 -0.00117657 6.43833e-05 0.999999 2.59218
1 0.000594853 0.000696293 -0.0287357 -0.000594831 1 -3.30759e-05 -0.0680979 -0.000696312 3.26606e-05 1 2.92009
1 0.000720664 0.000510452 -0.0306386 -0.000720694 1 5.86067e-05 -0.077363 -0.000510409 -5.89765e-05 1 3.28525
1 0.000467073 -0.000160799 -0.0319712 -0.000467022 1 0.000324042 -0.0831831 0.00016095 -0.000323968 1 3.60622
1 0.000150139 -0.00024026 -0.040871 -0.00014999 1 0.000616292 -0.0888001 0.000240352 -0.000616257 1 3.92097
1 -2.49492e-05 -0.000465182 -0.0409185 2.51392e-05 1 0.000410339 -0.0962808 0.000465172 -0.000410351 1 4.24773
1 -6.04056e-06 -0.00107098 -0.0441876 6.11693e-06 1 7.13533e-05 -0.104101 0.00107098 -7.13603e-05 1 4.57501
0.999999 8.10688e-05 -0.00130672 -0.0495393 -8.09226e-05 1 0.000112237 -0.109721 0.00130673 -0.000112131 0.999999 4.87625
0.999999 0.000796828 -0.00156536 -0.050541 -0.00079664 1 0.000120613 -0.115069 0.00156545 -0.000119366 0.999999 5.194
0.999997 0.00109536 -0.00240077 -0.0571808 -0.00109489 0.999999 0.000197721 -0.122743 0.00240098 -0.000195092 0.999997 5.49424
0.999997 0.000878815 -0.00238712 -0.0561649 -0.000878063 1 0.000315877 -0.126875 0.0023874 -0.00031378 0.999997 5.8038
0.999997 0.00104795 -0.00237447 -0.0610666 -0.0010478 0.999999 6.36955e-05 -0.134659 0.00237454 -6.1207e-05 0.999997 6.10708
0.999997 0.000790413 -0.00249244 -0.0654828 -0.000790501 1 -3.37921e-05 -0.140581 0.00249241 3.57609e-05 0.999997 6.40048
0.999996 0.000869038 -0.00276273 -0.0668737 -0.00086893 1 4.04762e-05 -0.145123 0.00276277 -3.80762e-05 0.999996 6.6925
0.999996 0.000642451 -0.00277652 -0.0721664 -0.000642955 1 -0.000180976 -0.151366 0.00277641 0.000182759 0.999996 6.98782
0.999997 0.000738588 -0.00243866 -0.0741063 -0.000738941 1 -0.000143262 -0.158155 0.00243855 0.000145062 0.999997 7.25833
0.999996 0.000871174 -0.00260525 -0.0728105 -0.000870972 1 7.79522e-05 -0.163913 0.00260532 -7.56839e-05 0.999997 7.56044
0.999996 0.00104929 -0.0028091 -0.0778406 -0.00104775 0.999999 0.000551419 -0.168881 0.00280968 -0.000548473 0.999996 7.83846
0.999995 0.00147857 -0.00274659 -0.0868354 -0.0014772 0.999999 0.000499125 -0.17386 0.00274732 -0.000495066 0.999996 8.12297
0.999995 0.00179726 -0.00265466 -0.0889293 -0.00179625 0.999998 0.000386145 -0.179185 0.00265535 -0.000381375 0.999996 8.39787
0.999995 0.00207562 -0.00252491 -0.0893108 -0.00207399 0.999998 0.000648438 -0.184541 0.00252625 -0.0006432 0.999997 8.67209
0.999995 0.00170544 -0.00267611 -0.0917253 -0.00170282 0.999998 0.000983218 -0.189719 0.00267778 -0.000978657 0.999996 8.93479
0.999996 0.0015015 -0.00223198 -0.0975002 -0.00149967 0.999999 0.000820111 -0.19655 0.00223321 -0.000816761 0.999997 9.19398
0.999997 0.00121628 -0.00194633 -0.099484 -0.00121489 0.999999 0.000711372 -0.202165 0.00194719 -0.000709007 0.999998 9.46174
0.999997 0.00149582 -0.00192607 -0.100482 -0.0014942 0.999999 0.000841771 -0.207018 0.00192732 -0.000838892 0.999998 9.72857
0.999997 0.00172001 -0.00203381 -0.10596 -0.0017186 0.999998 0.000698215 -0.211231 0.002035 -0.000694718 0.999998 9.98294
0.999996 0.00205513 -0.00179235 -0.109107 -0.00205566 0.999998 -0.000293299 -0.216239 0.00179175 0.000296981 0.999998 10.2383
0.999996 0.00197373 -0.00204691 -0.108875 -0.00197579 0.999998 -0.0010017 -0.222047 0.00204493 0.00100574 0.999997 10.5088
0.999997 0.00162358 -0.00188156 -0.119419 -0.00162639 0.999998 -0.00149601 -0.225925 0.00187913 0.00149907 0.999997 10.7765
0.999996 0.00167975 -0.00209989 -0.121815 -0.00168354 0.999997 -0.00180582 -0.230883 0.00209685 0.00180935 0.999996 11.0644
0.999995 0.00177923 -0.00249766 -0.125384 -0.00178427 0.999996 -0.00201327 -0.234896 0.00249407 0.00201771 0.999995 11.3363
0.999994 0.00178389 -0.00287405 -0.127009 -0.00179056 0.999996 -0.00232085 -0.240503 0.00286989 0.00232598 0.999993 11.6231
0.999993 0.00172994 -0.00329786 -0.127217 -0.00173863 0.999995 -0.00263668 -0.245932 0.00329328 0.00264239 0.999991 11.9148
0.999991 0.00144619 -0.00409646 -0.132374 -0.00145847 0.999995 -0.002996 -0.25219 0.0040921 0.00300194 0.999987 12.2142
0.999986 0.00153846 -0.00498924 -0.139749 -0.00155422 0.999994 -0.0031565 -0.25775 0.00498435 0.00316421 0.999983 12.5217
0.99998 0.00203927 -0.00600527 -0.146725 -0.00206048 0.999992 -0.00352803 -0.262798 0.00599802 0.00354033 0.999976 12.854
0.999976 0.00208163 -0.00655182 -0.155386 -0.0021077 0.99999 -0.00397453 -0.268666 0.00654348 0.00398824 0.999971 13.2045
0.999971 0.00191446 -0.00736884 -0.157351 -0.00194618 0.999989 -0.00430009 -0.275873 0.00736052 0.0043143 0.999964 13.5453
0.999964 0.00208186 -0.0082083 -0.161598 -0.00212161 0.999986 -0.00483623 -0.282368 0.00819811 0.00485348 0.999955 13.9137
0.999959 0.00227363 -0.00880756 -0.170795 -0.00231703 0.999985 -0.00492031 -0.288242 0.00879624 0.00494051 0.999949 14.2926
0.999958 0.00189772 -0.0090119 -0.183348 -0.00194313 0.999986 -0.00503246 -0.293768 0.00900221 0.00504976 0.999947 14.6816
0.999957 0.00165759 -0.00912668 -0.194096 -0.00170421 0.999986 -0.00510335 -0.302918 0.00911809 0.00511868 0.999945 15.0913
0.999952 0.00200229 -0.00962244 -0.199494 -0.00205278 0.999984 -0.00524035 -0.309742 0.00961179 0.00525985 0.99994 15.4921
0.999953 0.00237641 -0.00943014 -0.205933 -0.00242786 0.999982 -0.00544802 -0.316248 0.00941703 0.00547066 0.999941 15.9339
0.999953 0.00215723 -0.00944273 -0.215187 -0.0022083 0.999983 -0.00540149 -0.326153 0.00943092 0.00542209 0.999941 16.3928
0.999952 0.00198226 -0.00959402 -0.222953 -0.00203738 0.999982 -0.00573888 -0.334056 0.00958247 0.00575815 0.999938 16.8386
0.999952 0.00184923 -0.00965692 -0.226459 -0.00190628 0.999981 -0.00590183 -0.34272 0.00964582 0.00591995 0.999936 17.3238
0.999957 0.00178063 -0.00907397 -0.240553 -0.00183541 0.99998 -0.00603296 -0.351997 0.00906305 0.00604936 0.999941 17.824
0.999952 0.00230814 -0.00957592 -0.249657 -0.00236727 0.999978 -0.00616842 -0.359762 0.00956148 0.00619079 0.999935 18.3229
0.999951 0.00266941 -0.00954303 -0.26116 -0.00273123 0.999975 -0.00647143 -0.36791 0.00952552 0.00649717 0.999934 18.8409
0.999955 0.00241609 -0.00921261 -0.261751 -0.00247805 0.999974 -0.00672008 -0.379723 0.00919613 0.0067426 0.999935 19.3735
0.999953 0.00229272 -0.00939225 -0.274917 -0.00235348 0.999976 -0.00646375 -0.389564 0.00937721 0.00648555 0.999935 19.9239
0.999954 0.0021183 -0.00932079 -0.286131 -0.00217354 0.99998 -0.00592072 -0.399932 0.00930806 0.00594071 0.999939 20.4789
0.999951 0.00206769 -0.00973707 -0.29466 -0.00212181 0.999982 -0.00555137 -0.40895 0.00972542 0.00557175 0.999937 21.0493
0.999958 0.00249113 -0.00886887 -0.304271 -0.00253881 0.999982 -0.00536915 -0.420321 0.00885534 0.00539144 0.999946 21.6207
0.999952 0.00289721 -0.00934798 -0.316111 -0.00293392 0.999988 -0.00391586 -0.430631 0.00933653 0.0039431 0.999949 22.2295
0.999952 0.00230142 -0.00954297 -0.325521 -0.00231889 0.999996 -0.00181984 -0.441859 0.00953873 0.00184188 0.999953 22.8421
0.999952 0.00201007 -0.00954748 -0.336384 -0.00200554 0.999998 0.000484167 -0.453638 0.00954843 -0.000464996 0.999954 23.4554
0.999951 0.00185042 -0.0097096 -0.338199 -0.00182816 0.999996 0.00230118 -0.464404 0.00971381 -0.00228332 0.99995 24.0626
0.99995 0.0018683 -0.00983142 -0.352745 -0.00183458 0.999992 0.00343707 -0.473843 0.00983777 -0.00341887 0.999946 24.6591
0.99995 0.00215079 -0.00980338 -0.361211 -0.00211164 0.99999 0.00400272 -0.482907 0.00981189 -0.00398182 0.999944 25.2585
0.999944 0.00215939 -0.0103861 -0.376549 -0.00211803 0.99999 0.00399218 -0.49225 0.0103946 -0.00396996 0.999938 25.8695
0.99994 0.00193273 -0.0107999 -0.391502 -0.00188585 0.999989 0.00434873 -0.500273 0.0108082 -0.0043281 0.999932 26.468
0.999939 0.00180708 -0.0109225 -0.396886 -0.00175838 0.999989 0.00446684 -0.510121 0.0109305 -0.00444736 0.99993 27.0738
0.999941 0.00219177 -0.0106546 -0.405998 -0.00213976 0.999986 0.00489069 -0.518015 0.0106652 -0.0048676 0.999931 27.6736
0.999927 0.00251421 -0.0117991 -0.420215 -0.00245311 0.999984 0.0051901 -0.524979 0.0118119 -0.00516078 0.999917 28.2625
0.99993 0.00230957 -0.0115861 -0.432252 -0.00225051 0.999985 0.00510782 -0.53398 0.0115977 -0.00508139 0.99992 28.8501
0.99993 0.00189313 -0.0117238 -0.448997 -0.001832 0.999985 0.00522315 -0.543445 0.0117335 -0.0052013 0.999918 29.4319
0.999916 0.00258197 -0.0126661 -0.460104 -0.0025101 0.999981 0.0056866 -0.549292 0.0126806 -0.00565433 0.999904 30.0235
0.999914 0.00252411 -0.0128787 -0.474587 -0.0024503 0.999981 0.00574379 -0.557867 0.012893 -0.00571174 0.999901 30.609
0.999914 0.00281576 -0.0128421 -0.48612 -0.00274432 0.999981 0.00557738 -0.566534 0.0128575 -0.00554166 0.999902 31.1849
0.999908 0.00288316 -0.0132803 -0.504965 -0.00280358 0.999978 0.00600657 -0.574527 0.0132973 -0.00596879 0.999894 31.7667
0.999902 0.00269864 -0.0137386 -0.512844 -0.00261662 0.999979 0.00598413 -0.582237 0.0137545 -0.00594759 0.999888 32.3242
0.999901 0.00232378 -0.0138916 -0.527492 -0.00225084 0.999984 0.00526398 -0.591016 0.0139036 -0.0052322 0.99989 32.8793
0.999904 0.00243166 -0.013628 -0.542297 -0.00236807 0.999986 0.0046807 -0.599388 0.0136392 -0.00464798 0.999896 33.4548
0.999893 0.00248148 -0.0144039 -0.545912 -0.00241818 0.999987 0.00441013 -0.606317 0.0144147 -0.00437483 0.999887 34.0193
0.999891 0.00198982 -0.0146212 -0.560204 -0.00193235 0.99999 0.00394328 -0.616021 0.0146289 -0.0039146 0.999885 34.5596
0.999888 0.00229806 -0.0147891 -0.576411 -0.00224547 0.999991 0.00357158 -0.625167 0.0147972 -0.00353797 0.999884 35.1315
0.999889 0.00241632 -0.0146899 -0.595584 -0.00235924 0.99999 0.00390191 -0.633765 0.0146992 -0.00386682 0.999885 35.6785
0.999887 0.00264368 -0.0147888 -0.602674 -0.00258634 0.999989 0.00389473 -0.641317 0.014799 -0.00385604 0.999883 36.2347
0.999886 0.00214353 -0.0149542 -0.615861 -0.00208865 0.999991 0.00368478 -0.651039 0.0149619 -0.00365312 0.999881 36.792
0.999895 0.00209234 -0.0143606 -0.624452 -0.00204327 0.999992 0.00343074 -0.661856 0.0143677 -0.00340104 0.999891 37.3259
0.999897 0.00232129 -0.0141414 -0.628653 -0.00227454 0.999992 0.00332127 -0.670318 0.014149 -0.00328876 0.999895 37.9023
0.999886 0.00232953 -0.0149452 -0.647245 -0.00228058 0.999992 0.00329159 -0.678096 0.0149528 -0.00325713 0.999883 38.4397
0.999897 0.00223762 -0.0141514 -0.658232 -0.0021865 0.999991 0.00362653 -0.68648 0.0141594 -0.00359521 0.999893 38.9672
0.999893 0.00263676 -0.0144202 -0.671253 -0.00258023 0.999989 0.00393732 -0.694898 0.0144304 -0.00389969 0.999888 39.5225
0.999898 0.00241651 -0.0140655 -0.680266 -0.00235622 0.999988 0.00430146 -0.703423 0.0140757 -0.00426788 0.999892 40.0805
0.999901 0.00236584 -0.0138907 -0.693528 -0.00230862 0.999989 0.00413392 -0.713112 0.0139003 -0.00410144 0.999895 40.6081
0.999908 0.00205399 -0.0134297 -0.707022 -0.00199629 0.999989 0.00430841 -0.721481 0.0134384 -0.0042812 0.999901 41.1609
0.999899 0.00199377 -0.0140536 -0.714001 -0.00193283 0.999989 0.00434832 -0.729477 0.0140621 -0.00432072 0.999892 41.6824
0.999901 0.00242085 -0.0138762 -0.72599 -0.00236432 0.999989 0.0040882 -0.736298 0.0138859 -0.00405498 0.999896 42.2171
0.999904 0.00256492 -0.0136066 -0.737095 -0.00250624 0.999988 0.00432786 -0.74317 0.0136175 -0.00429335 0.999898 42.736
0.999911 0.00226271 -0.0131843 -0.751864 -0.00219905 0.999986 0.0048412 -0.75015 0.0131951 -0.00481177 0.999901 43.2519
0.999902 0.00230706 -0.0137938 -0.758971 -0.00223707 0.999985 0.00508737 -0.758241 0.0138053 -0.00505602 0.999892 43.7798
0.999908 0.000987433 -0.0135323 -0.782169 -0.00091532 0.999985 0.00533417 -0.76712 0.0135374 -0.0053213 0.999894 44.3009
0.9999 0.00104952 -0.0140733 -0.791166 -0.000969726 0.999983 0.00567584 -0.775004 0.014079 -0.00566163 0.999885 44.824
0.999897 0.0012922 -0.014317 -0.809387 -0.00120445 0.999981 0.00613575 -0.781618 0.0143246 -0.00611787 0.999879 45.365
0.99989 0.00135794 -0.0147516 -0.824822 -0.0012684 0.999981 0.00607752 -0.788037 0.0147596 -0.00605814 0.999873 45.8545
0.999889 0.00132675 -0.0148385 -0.836789 -0.0012378 0.999981 0.00600245 -0.794949 0.0148462 -0.00598342 0.999872 46.3634
0.999876 0.000876114 -0.0157391 -0.853313 -0.000772301 0.999978 0.00660059 -0.802618 0.0157445 -0.00658761 0.999854 46.8899
0.999857 0.000789629 -0.0169193 -0.859388 -0.000670867 0.999975 0.00702382 -0.809096 0.0169244 -0.00701146 0.999832 47.3887
0.999852 0.00137994 -0.017179 -0.867159 -0.0012555 0.999973 0.00725274 -0.815576 0.0171885 -0.0072301 0.999826 47.8781
0.999835 0.000682436 -0.0181551 -0.892951 -0.000556061 0.999976 0.006965 -0.821478 0.0181594 -0.00695375 0.999811 48.4066
0.999822 0.000469684 -0.0188658 -0.914904 -0.000334046 0.999974 0.0071922 -0.829141 0.0188687 -0.00718462 0.999796 48.9038
0.999799 0.00115085 -0.0199955 -0.920194 -0.00100154 0.999972 0.00747576 -0.833548 0.0200036 -0.00745423 0.999772 49.3846
0.99977 0.00116727 -0.021431 -0.933829 -0.00100037 0.999969 0.00779675 -0.840163 0.0214395 -0.00777352 0.99974 49.867
0.999763 0.000895934 -0.0217675 -0.947923 -0.000730854 0.999971 0.0075905 -0.847234 0.0217737 -0.00757279 0.999734 50.362
0.999738 0.00108469 -0.022844 -0.961549 -0.000909944 0.99997 0.00765855 -0.853399 0.0228516 -0.00763576 0.99971 50.8457
0.999716 0.00127134 -0.023789 -0.98062 -0.00108461 0.999969 0.00786082 -0.857998 0.0237982 -0.00783278 0.999686 51.3131
0.99968 0.00130445 -0.0252559 -1.00502 -0.00110767 0.999969 0.00780374 -0.864677 0.0252653 -0.00777327 0.999651 51.8082
0.999684 0.000965962 -0.0251382 -1.01588 -0.000772979 0.99997 0.00768545 -0.870828 0.0251449 -0.00766359 0.999654 52.2808
0.999651 0.00112688 -0.0263944 -1.0258 -0.000923259 0.99997 0.00772539 -0.875496 0.0264024 -0.00769832 0.999622 52.7404
0.99963 0.00154767 -0.027175 -1.04641 -0.00133632 0.999969 0.0077942 -0.881911 0.0271862 -0.007755 0.9996 53.1966
0.999592 0.00187108 -0.0284927 -1.06391 -0.00164483 0.999967 0.00796209 -0.887714 0.0285066 -0.00791198 0.999562 53.6709
0.999594 0.00195908 -0.0284196 -1.0751 -0.00172938 0.999966 0.00810491 -0.893234 0.0284345 -0.00805247 0.999563 54.1281
0.99957 0.00229163 -0.0292389 -1.09734 -0.00204264 0.999961 0.00854297 -0.899475 0.0292573 -0.00847957 0.999536 54.5823
0.999538 0.00268863 -0.0302697 -1.12504 -0.00241619 0.999956 0.00903356 -0.903546 0.0302927 -0.00895625 0.999501 55.0326
0.999537 0.00327279 -0.0302518 -1.14198 -0.00299825 0.999954 0.00911599 -0.909406 0.0302802 -0.00902107 0.999501 55.4902
0.999526 0.00327083 -0.030605 -1.16209 -0.00301034 0.999959 0.00855358 -0.914831 0.0306317 -0.0084574 0.999495 55.905
0.99954 0.00304167 -0.0301672 -1.18212 -0.0027783 0.999958 0.00876854 -0.920545 0.0301926 -0.00868069 0.999506 56.3584
0.999526 0.00304638 -0.0306242 -1.20063 -0.00277145 0.999956 0.00901594 -0.925142 0.0306503 -0.0089268 0.99949 56.7793
0.999537 0.00355828 -0.0302163 -1.21648 -0.00329076 0.999955 0.0088987 -0.929974 0.0302466 -0.00879514 0.999504 57.2065
0.999538 0.00381967 -0.0301673 -1.22825 -0.00356197 0.999957 0.00859161 -0.933589 0.0301988 -0.00848018 0.999508 57.6074
0.999527 0.00374934 -0.0305349 -1.25227 -0.00349268 0.999958 0.0084545 -0.938424 0.0305654 -0.00834385 0.999498 58.0388
0.99956 0.0037259 -0.0294295 -1.2623 -0.00347405 0.999957 0.00860414 -0.943371 0.0294603 -0.00849812 0.99953 58.4418
0.999542 0.00361768 -0.0300472 -1.28173 -0.00335474 0.999956 0.0087963 -0.949145 0.0300777 -0.00869147 0.99951 58.8581
0.999524 0.00401107 -0.0306021 -1.29619 -0.0037369 0.999952 0.00901116 -0.955123 0.0306368 -0.00889251 0.999491 59.2676
0.999528 0.00429561 -0.0304271 -1.31107 -0.00401688 0.999949 0.00921607 -0.958306 0.0304652 -0.00908949 0.999495 59.643
0.999534 0.00444839 -0.0302174 -1.33353 -0.00416825 0.999948 0.00932756 -0.962939 0.0302573 -0.00919725 0.9995 60.0515
0.999518 0.00472076 -0.0306859 -1.34675 -0.00444783 0.99995 0.0089564 -0.967431 0.0307266 -0.0088156 0.999489 60.4484
0.999505 0.00456529 -0.0311256 -1.35797 -0.00429758 0.999953 0.00866266 -0.97373 0.0311636 -0.00852461 0.999478 60.8364
0.999482 0.00461816 -0.0318587 -1.38061 -0.00433432 0.99995 0.00897263 -0.977306 0.0318985 -0.0088299 0.999452 61.2212
0.999457 0.00468935 -0.0326176 -1.38789 -0.00439261 0.999948 0.00916314 -0.982275 0.0326589 -0.00901489 0.999426 61.5987
0.999465 0.0044194 -0.0324203 -1.40478 -0.00413741 0.999953 0.00876 -0.987978 0.0324575 -0.00862118 0.999436 61.9722
0.999475 0.00463037 -0.0320797 -1.42227 -0.0043552 0.999953 0.00864203 -0.991838 0.0321182 -0.00849778 0.999448 62.3525
0.999451 0.00482384 -0.03279 -1.43114 -0.00454566 0.999953 0.00855289 -0.995531 0.0328297 -0.00839914 0.999426 62.7269
0.999425 0.00516984 -0.0335066 -1.44966 -0.00490092 0.999955 0.00810315 -0.998501 0.033547 -0.00793428 0.999406 63.0735
0.999423 0.00477108 -0.0336223 -1.45896 -0.00451211 0.99996 0.00777407 -1.00429 0.0336581 -0.00761788 0.999404 63.4451
0.999418 0.00454856 -0.0338226 -1.47358 -0.00429583 0.999962 0.00754104 -1.00821 0.0338556 -0.00739135 0.999399 63.7958
0.999437 0.00491126 -0.0331792 -1.48735 -0.00466572 0.999961 0.00747381 -1.01193 0.0332146 -0.0073148 0.999421 64.1759
0.999431 0.00499096 -0.0333679 -1.5025 -0.00474952 0.999962 0.00731095 -1.01445 0.0334031 -0.0071483 0.999416 64.5415
0.999429 0.00511598 -0.0333866 -1.51891 -0.0048812 0.999963 0.00710981 -1.0178 0.0334217 -0.00694279 0.999417 64.8943
0.999438 0.00512295 -0.033123 -1.52672 -0.00489782 0.999964 0.00687433 -1.02167 0.0331571 -0.00670824 0.999428 65.2277
0.999449 0.00470976 -0.0328585 -1.55178 -0.00449577 0.999968 0.00658318 -1.02598 0.0328884 -0.00643183 0.999438 65.6303
0.99946 0.00413944 -0.0325868 -1.56582 -0.00393191 0.999972 0.00643002 -1.03133 0.0326125 -0.00629842 0.999448 65.9912
0.99946 0.00423686 -0.032604 -1.5811 -0.00403387 0.999972 0.00628913 -1.03645 0.0326297 -0.00615421 0.999449 66.3699
0.999452 0.00438184 -0.0328018 -1.59888 -0.00418528 0.999973 0.00605851 -1.03962 0.0328274 -0.00591791 0.999444 66.76
0.999463 0.00475283 -0.0324354 -1.61352 -0.00459367 0.999977 0.00497986 -1.04242 0.0324583 -0.00482818 0.999462 67.1276
0.999484 0.00397407 -0.031866 -1.62078 -0.00386767 0.999987 0.00340006 -1.04903 0.0318791 -0.00327506 0.999486 67.5041
0.999513 0.00320429 -0.0310285 -1.63681 -0.00314461 0.999993 0.00197181 -1.05599 0.0310346 -0.00187328 0.999517 67.9042
0.999569 0.00371608 -0.0291352 -1.65621 -0.00367309 0.999992 0.00152895 -1.06208 0.0291407 -0.00142128 0.999574 68.3054
0.999625 0.00440679 -0.0270412 -1.67236 -0.00434181 0.999988 0.00246103 -1.06469 0.0270517 -0.0023427 0.999631 68.7068
0.999683 0.00545163 -0.0245823 -1.67911 -0.00537041 0.99998 0.00336871 -1.06587 0.0246001 -0.00323562 0.999692 69.1099
0.999765 0.00604607 -0.0208391 -1.6913 -0.00597979 0.999977 0.00324114 -1.07001 0.0208582 -0.00311576 0.999778 69.5462
0.999856 0.00569359 -0.0159718 -1.69717 -0.00564414 0.999979 0.00313972 -1.07631 0.0159893 -0.00304912 0.999868 69.9714
0.99993 0.0040822 -0.0111479 -1.70434 -0.00404027 0.999985 0.00378106 -1.08424 0.0111632 -0.00373575 0.999931 70.4404
0.999973 0.00282515 -0.0067974 -1.70059 -0.00279485 0.999986 0.00446348 -1.09056 0.00680991 -0.00444436 0.999967 70.887
0.999996 0.00291872 -0.000309208 -1.69831 -0.00291745 0.999988 0.00401216 -1.09502 0.000320914 -0.00401124 0.999992 71.3422
0.999982 0.00370551 0.00482062 -1.69418 -0.00371798 0.99999 0.00258151 -1.0949 -0.004811 -0.00259939 0.999985 71.838
0.999929 0.00408665 0.011222 -1.69931 -0.00409921 0.999991 0.0010962 -1.09989 -0.0112174 -0.00114213 0.999936 72.3318
0.999868 0.00427732 0.0156625 -1.68505 -0.00429132 0.99999 0.000860727 -1.10589 -0.0156587 -0.000927827 0.999877 72.8434
0.999769 0.00284782 0.021299 -1.67244 -0.00288998 0.999994 0.00194909 -1.11149 -0.0212933 -0.0020102 0.999771 73.3602
0.99963 0.0024641 0.0270887 -1.64906 -0.002538 0.999993 0.002694 -1.11895 -0.0270819 -0.00276175 0.999629 73.9108
0.99943 0.00281863 0.0336396 -1.64067 -0.00290989 0.999992 0.00266425 -1.12272 -0.0336318 -0.00276061 0.99943 74.4747
0.999238 0.00272231 0.0389316 -1.61947 -0.00282603 0.999993 0.00260959 -1.12698 -0.0389242 -0.00271762 0.999238 75.0555
0.998984 0.00192641 0.0450237 -1.58393 -0.00203742 0.999995 0.00241993 -1.13418 -0.0450188 -0.0025092 0.998983 75.6306
0.998696 0.00160858 0.0510326 -1.55247 -0.00175644 0.999994 0.00285253 -1.14036 -0.0510277 -0.00293844 0.998693 76.207
0.998392 0.00168098 0.0566572 -1.52226 -0.00186811 0.999993 0.00325009 -1.14518 -0.0566514 -0.00335071 0.998389 76.8475
0.997973 0.00144725 0.063619 -1.48087 -0.00165694 0.999993 0.00324328 -1.15037 -0.0636138 -0.00334212 0.997969 77.4255
0.997607 0.000825512 0.0691274 -1.43648 -0.00104824 0.999994 0.00318575 -1.15688 -0.0691244 -0.00325059 0.997603 78.0656
0.997277 0.000859562 0.0737391 -1.39397 -0.00113281 0.999993 0.00366381 -1.16368 -0.0737354 -0.00373737 0.997271 78.7055
0.996789 0.00033517 0.080081 -1.34282 -0.000666053 0.999991 0.00410516 -1.16686 -0.0800789 -0.00414531 0.99678 79.341
0.996287 0.000499427 0.0860886 -1.28778 -0.000890478 0.99999 0.00450409 -1.17519 -0.0860855 -0.00456402 0.996277 80.0087
0.995791 0.000602971 0.0916525 -1.22768 -0.00106307 0.999987 0.00497126 -1.17998 -0.0916483 -0.00504777 0.995779 80.6981
0.995319 -0.000240679 0.0966502 -1.16406 -0.000254782 0.999987 0.00511394 -1.18494 -0.0966502 -0.00511463 0.995305 81.3454
0.994857 -0.000991161 0.101284 -1.09377 0.000425745 0.999984 0.00560396 -1.19101 -0.101288 -0.00553202 0.994842 82.0463
0.994643 -0.00183869 0.103352 -1.0236 0.00120986 0.99998 0.00614673 -1.19519 -0.103361 -0.00598876 0.994626 82.7354
0.994448 -0.0030127 0.10519 -0.95423 0.00236005 0.999977 0.00632843 -1.19911 -0.105206 -0.00604504 0.994432 83.4374
0.994408 -0.00335752 0.105556 -0.883961 0.0027229 0.999977 0.00615573 -1.20605 -0.105574 -0.00583389 0.994394 84.1817
0.994432 -0.00292329 0.105341 -0.813458 0.0023424 0.999981 0.00563765 -1.21054 -0.105355 -0.00535951 0.99442 84.8815
0.994489 -0.0026384 0.104807 -0.740302 0.00210656 0.999984 0.00518486 -1.2159 -0.104819 -0.0049355 0.994479 85.6478
0.99459 -0.00262584 0.103845 -0.665804 0.00212014 0.999985 0.00497982 -1.22102 -0.103857 -0.00473271 0.994581 86.4024
0.994672 -0.00307449 0.103048 -0.592354 0.00261027 0.999986 0.00463951 -1.22759 -0.103061 -0.00434581 0.994666 87.1276
0.994937 -0.00374901 0.100436 -0.524389 0.00327325 0.999983 0.00490136 -1.23491 -0.100452 -0.0045478 0.994932 87.9436
0.995184 -0.00360848 0.0979583 -0.451519 0.00311817 0.999982 0.00515799 -1.23936 -0.0979752 -0.0048277 0.995177 88.6833
0.995518 -0.0038584 0.0944937 -0.389666 0.00337506 0.99998 0.0052743 -1.24725 -0.0945122 -0.00493174 0.995512 89.5062
0.995879 -0.00392973 0.090609 -0.321392 0.0034059 0.999977 0.00593514 -1.25415 -0.0906302 -0.00560208 0.995869 90.3008
0.996211 -0.00429569 0.0868605 -0.265156 0.00365748 0.999965 0.00750532 -1.25972 -0.0868897 -0.00715919 0.996192 91.0841
0.996632 -0.00504878 0.0818507 -0.208734 0.00434507 0.999952 0.00877329 -1.26709 -0.0818911 -0.00838809 0.996606 91.907
0.997045 -0.00489348 0.07667 -0.152957 0.00416256 0.999944 0.00969024 -1.27412 -0.0767131 -0.00934246 0.997009 92.7067
0.9974 -0.00533402 0.0718712 -0.0997407 0.00459174 0.999935 0.0104892 -1.28047 -0.0719224 -0.0101319 0.997359 93.4986
0.997813 -0.00533378 0.0658854 -0.0542484 0.00463798 0.999932 0.0107093 -1.28734 -0.065938 -0.0103803 0.99777 94.2947
0.998085 -0.00516912 0.0616347 -0.0172338 0.0045002 0.99993 0.0109868 -1.2946 -0.0616871 -0.0106884 0.998038 95.108
0.998464 -0.00504848 0.0551816 0.0205291 0.00444861 0.99993 0.0109882 -1.30145 -0.0552332 -0.0107258 0.998416 95.8996
0.998792 -0.00414137 0.0489576 0.0413928 0.00361437 0.999935 0.0108481 -1.30709 -0.0489993 -0.010658 0.998742 96.7103
0.999048 -0.00424745 0.0434225 0.0691018 0.0037814 0.999934 0.0108092 -1.31396 -0.0434656 -0.0106348 0.998998 97.5038
0.999273 -0.00427103 0.0378962 0.0948951 0.00385543 0.999932 0.0110331 -1.31982 -0.0379407 -0.010879 0.999221 98.2537
0.999449 -0.00428163 0.0329314 0.101915 0.00390773 0.999927 0.0114099 -1.32674 -0.0329778 -0.011275 0.999392 99.0697
0.999606 -0.00341293 0.0278593 0.11938 0.00308288 0.999925 0.0118817 -1.33122 -0.0278977 -0.0117911 0.999541 99.7954
0.999757 -0.00285467 0.0218488 0.124467 0.0025894 0.999923 0.0121596 -1.33847 -0.0218819 -0.0121 0.999687 100.574
0.999854 -0.00300921 0.0168364 0.130416 0.00280279 0.999921 0.0122703 -1.34503 -0.016872 -0.0122213 0.999783 101.416
0.999928 -0.00368552 0.0114092 0.134868 0.00354149 0.999914 0.0126183 -1.34968 -0.0114547 -0.012577 0.999855 102.133
0.999972 -0.00337841 0.00671166 0.125079 0.00329389 0.999916 0.0125644 -1.35501 -0.00675354 -0.012542 0.999899 102.936
0.999995 -0.00276165 0.00162461 0.118979 0.00274103 0.999917 0.0125599 -1.36154 -0.00165917 -0.0125554 0.99992 103.713
0.999995 -0.00211336 -0.00220162 0.107784 0.00214181 0.999913 0.0130021 -1.36593 0.00217395 -0.0130068 0.999913 104.483
0.999981 -0.0021822 -0.0057557 0.10024 0.00225849 0.999909 0.013281 -1.37198 0.00572619 -0.0132938 0.999895 105.225
0.999961 -0.00231719 -0.00847975 0.0884639 0.00243881 0.999894 0.0143602 -1.37562 0.00844557 -0.0143803 0.999861 105.989
0.99993 -0.00253544 -0.011581 0.0650206 0.00270575 0.999888 0.0147144 -1.38036 0.0115424 -0.0147447 0.999825 106.781
0.999901 -0.00242381 -0.0138605 0.0516164 0.00261249 0.999904 0.0136112 -1.3854 0.0138261 -0.0136461 0.999811 107.49
0.999872 -0.00146729 -0.0159505 0.0328694 0.00167224 0.999916 0.0128434 -1.3887 0.0159304 -0.0128684 0.99979 108.284
0.999862 -0.00175314 -0.0165414 0.00718097 0.00195647 0.999923 0.012284 -1.39087 0.0165186 -0.0123147 0.999788 109.046
0.999832 -0.00186716 -0.0182437 -0.00324368 0.00209654 0.999919 0.0125618 -1.39537 0.0182188 -0.012598 0.999755 109.806
0.999807 -0.00220442 -0.0195142 -0.0190359 0.00244919 0.999919 0.0125279 -1.39991 0.019485 -0.0125733 0.999731 110.544
0.999798 -0.00235759 -0.0199669 -0.0331748 0.00260094 0.999923 0.0121704 -1.40365 0.0199366 -0.0122199 0.999727 111.309
0.999755 -0.0016828 -0.0220728 -0.0735029 0.00195304 0.999923 0.0122271 -1.40367 0.0220505 -0.0122672 0.999682 112.125
0.999736 -0.00181379 -0.0229311 -0.0880954 0.00209421 0.999923 0.0122104 -1.40712 0.0229072 -0.0122552 0.999663 112.892
0.999685 -0.00134544 -0.0250673 -0.116048 0.00164802 0.999926 0.0120537 -1.4114 0.0250492 -0.0120912 0.999613 113.687
0.999671 -0.000919627 -0.0256492 -0.147496 0.00123336 0.999925 0.0122185 -1.41321 0.025636 -0.0122461 0.999596 114.492
0.99965 -0.00129657 -0.0264402 -0.177831 0.00161631 0.999926 0.0120753 -1.4157 0.0264225 -0.0121138 0.999578 115.273
0.999606 -0.000262463 -0.0280872 -0.213573 0.000587902 0.999933 0.0115791 -1.4169 0.0280822 -0.0115911 0.999538 116.075
0.999571 -0.000350739 -0.0292941 -0.250877 0.000685961 0.999934 0.0114341 -1.419 0.0292881 -0.0114493 0.999506 116.895
0.999534 -0.000469282 -0.0305145 -0.270187 0.000818808 0.999934 0.0114429 -1.42309 0.0305072 -0.0114626 0.999469 117.702
0.999468 -0.000458946 -0.0326227 -0.294854 0.000836048 0.999933 0.0115469 -1.42631 0.0326152 -0.011568 0.999401 118.537
0.999423 -0.00187595 -0.0339206 -0.341898 0.00227902 0.999927 0.0118483 -1.42787 0.0338959 -0.0119188 0.999354 119.358
0.999318 -0.0010217 -0.0369136 -0.380786 0.00147653 0.999923 0.0122962 -1.43191 0.0368982 -0.0123423 0.999243 120.189
0.999256 -0.00251732 -0.0384974 -0.425018 0.00299213 0.99992 0.0122807 -1.43274 0.0384634 -0.0123868 0.999183 121.049
0.999159 -0.00232157 -0.0409359 -0.46922 0.00282728 0.99992 0.0123001 -1.43381 0.0409041 -0.0124055 0.999086 121.91
0.999059 -0.00302343 -0.0432618 -0.505634 0.0035432 0.999922 0.0119429 -1.43584 0.0432223 -0.0120849 0.998992 122.728
0.998979 -0.00345397 -0.0450529 -0.567101 0.00397748 0.999926 0.0115355 -1.44043 0.0450097 -0.0117029 0.998918 123.634
0.998896 -0.00331674 -0.0468562 -0.601686 0.00385887 0.999927 0.0114844 -1.44191 0.0468147 -0.0116525 0.998836 124.431
0.998774 -0.00275646 -0.0494197 -0.65095 0.00332447 0.999929 0.0114153 -1.44672 0.0493848 -0.0115656 0.998713 125.37
0.998738 -0.00215586 -0.050185 -0.711208 0.0027568 0.999925 0.0119083 -1.45001 0.0501556 -0.0120317 0.998669 126.247
0.998646 -0.00256936 -0.0519679 -0.76651 0.00320463 0.999921 0.0121446 -1.45429 0.0519326 -0.0122947 0.998575 127.187
0.998588 -0.00196105 -0.0530942 -0.834486 0.00264034 0.999916 0.0127269 -1.45693 0.0530647 -0.0128491 0.998509 128.079
0.998441 -0.00218613 -0.0557848 -0.879135 0.00290988 0.999913 0.0128961 -1.46029 0.0557518 -0.0130383 0.99836 128.999
0.998362 -0.00216329 -0.0571744 -0.949011 0.00294415 0.999904 0.0135768 -1.46008 0.0571395 -0.0137229 0.998272 129.898
0.998233 -0.00258465 -0.0593587 -1.00686 0.00336889 0.999908 0.0131155 -1.46394 0.0593193 -0.0132923 0.998151 130.837
0.998123 -0.00296977 -0.0611747 -1.07306 0.00376295 0.99991 0.0128547 -1.46522 0.0611311 -0.0130608 0.998044 131.769
0.997992 -0.00364569 -0.0632376 -1.13658 0.00448071 0.999905 0.0130677 -1.46692 0.0631839 -0.0133249 0.997913 132.687
0.997898 -0.00310427 -0.0647326 -1.20698 0.0040082 0.999896 0.0138389 -1.46699 0.064683 -0.0140692 0.997807 133.636
0.997779 -0.00337488 -0.0665335 -1.27175 0.00431206 0.999893 0.0139472 -1.47224 0.0664793 -0.0142032 0.997687 134.592
0.997745 -0.00351281 -0.0670255 -1.34621 0.00449401 0.999885 0.0144941 -1.47038 0.0669669 -0.0147626 0.997646 135.515
0.997675 -0.00398336 -0.0680329 -1.42255 0.0050517 0.999867 0.0155385 -1.4728 0.0679619 -0.0158461 0.997562 136.431
0.997572 -0.00336076 -0.069563 -1.48943 0.00450988 0.999856 0.0163686 -1.47431 0.069498 -0.0166426 0.997443 137.416
0.997558 -0.00296368 -0.0697823 -1.56365 0.00415845 0.999847 0.0169824 -1.47571 0.0697213 -0.0172311 0.997418 138.357
0.997572 -0.00191239 -0.0696193 -1.64044 0.00313406 0.999843 0.0174429 -1.47588 0.069575 -0.0176187 0.997421 139.292
0.997479 -0.00217769 -0.0709286 -1.72063 0.0034423 0.999837 0.0177119 -1.47507 0.0708785 -0.0179114 0.997324 140.281
0.99755 -0.001938 -0.0699318 -1.79295 0.00315178 0.999846 0.0172504 -1.47577 0.0698877 -0.0174285 0.997403 141.196
0.997526 -0.00160072 -0.070279 -1.8647 0.00279421 0.999854 0.0168871 -1.47721 0.0702416 -0.0170417 0.997384 142.162
0.997549 -0.00113146 -0.0699665 -1.93615 0.00230324 0.999858 0.0166694 -1.4783 0.0699378 -0.0167897 0.99741 143.13
0.997557 -0.00124703 -0.0698453 -2.01075 0.00239959 0.999862 0.0164202 -1.4794 0.0698152 -0.0165476 0.997423 144.038
0.997511 0.00061855 -0.0705032 -2.08009 0.000533117 0.999867 0.016315 -1.48504 0.0705039 -0.016312 0.997378 144.967
0.997634 0.000284272 -0.0687562 -2.14861 0.000885456 0.999855 0.0169817 -1.4851 0.068751 -0.0170024 0.997489 145.952
0.997594 0.000580872 -0.0693316 -2.22387 0.000621049 0.99985 0.017313 -1.48753 0.0693313 -0.0173144 0.997443 146.924
0.997619 0.000713425 -0.0689699 -2.29792 0.000499276 0.999846 0.0175642 -1.48871 0.0689718 -0.0175568 0.997464 147.891
0.997538 0.000121305 -0.0701249 -2.37335 0.00115105 0.999836 0.0181035 -1.48647 0.0701156 -0.0181396 0.997374 148.829
0.997535 0.000307154 -0.0701751 -2.4508 0.000992132 0.999829 0.0184793 -1.48919 0.0701688 -0.0185034 0.997364 149.817
0.997567 0.000712334 -0.0697126 -2.52287 0.000567924 0.999832 0.0183433 -1.49086 0.0697139 -0.0183382 0.997399 150.763
0.997516 0.000604308 -0.0704438 -2.59681 0.000655543 0.99984 0.01786 -1.489 0.0704433 -0.0178618 0.997356 151.718
0.997528 -0.000212411 -0.0702643 -2.67163 0.00145785 0.999843 0.0176743 -1.4881 0.0702495 -0.017733 0.997372 152.645
0.99752 0.00051119 -0.0703788 -2.74681 0.000705427 0.999851 0.0172608 -1.49351 0.0703771 -0.0172676 0.997371 153.62
0.997554 0.00100709 -0.0698919 -2.81895 0.000262983 0.999835 0.0181603 -1.49391 0.0698987 -0.0181343 0.997389 154.513
0.997434 0.000380199 -0.0715849 -2.90363 0.00101362 0.999811 0.0194335 -1.49314 0.0715788 -0.0194562 0.997245 155.468
0.99746 0.00127375 -0.0712172 -2.98095 8.69483e-05 0.999818 0.0191 -1.49793 0.0712285 -0.0190577 0.997278 156.408
0.997449 0.000948415 -0.0713745 -3.04952 0.000381583 0.999827 0.0186181 -1.49876 0.0713798 -0.0185979 0.997276 157.329
0.997325 0.000457576 -0.0730974 -3.13247 0.000957532 0.999813 0.019323 -1.49591 0.0730925 -0.0193413 0.997138 158.245
0.997362 0.000898422 -0.0725809 -3.20567 0.000593451 0.999789 0.0205305 -1.49485 0.072584 -0.0205194 0.997151 159.16
0.997333 0.000833744 -0.072987 -3.27974 0.000758389 0.999762 0.0217835 -1.49316 0.0729878 -0.0217807 0.997095 160.077
0.997392 0.0019578 -0.0721549 -3.36144 -0.000296199 0.999735 0.0230317 -1.49178 0.0721808 -0.0229503 0.997128 161.026
0.997344 0.00078617 -0.0728335 -3.42829 0.000999223 0.9997 0.0244737 -1.48845 0.0728309 -0.0244815 0.997044 161.887
0.997342 0.00191614 -0.0728395 -3.50124 -6.27255e-05 0.999676 0.0254389 -1.4838 0.0728646 -0.0253667 0.997019 162.79
0.997331 0.00115936 -0.073005 -3.58162 0.000665156 0.999688 0.0249624 -1.48296 0.0730112 -0.0249443 0.997019 163.735
0.997352 0.00105342 -0.0727213 -3.665 0.000729593 0.9997 0.0244876 -1.47655 0.0727252 -0.0244758 0.997052 164.568
0.997326 0.000397488 -0.0730774 -3.73376 0.0013638 0.99971 0.0240503 -1.47398 0.0730658 -0.0240856 0.997036 165.482
0.997235 0.000664278 -0.074317 -3.81155 0.0010663 0.999729 0.0232444 -1.47321 0.0743123 -0.0232593 0.996964 166.355
0.997337 -6.78594e-05 -0.0729295 -3.87967 0.00172809 0.999741 0.022702 -1.46946 0.0729091 -0.0227676 0.997079 167.212
0.997259 -0.00120758 -0.0739847 -3.96035 0.00285304 0.999751 0.0221389 -1.46812 0.0739395 -0.0222893 0.997014 168.061
0.997229 -0.000601305 -0.0743908 -4.03822 0.00220751 0.999766 0.0215111 -1.46796 0.0743605 -0.0216157 0.996997 168.946
0.997238 -0.00105134 -0.0742703 -4.09954 0.00271658 0.999747 0.0223239 -1.46778 0.074228 -0.022464 0.996988 169.785
0.997133 -0.000920338 -0.0756693 -4.17912 0.00273654 0.999711 0.0239017 -1.46291 0.0756253 -0.0240402 0.996846 170.602
0.997134 -0.000713715 -0.0756566 -4.26087 0.00261795 0.999682 0.0250732 -1.45971 0.0756146 -0.0251994 0.996819 171.441
0.996991 0.000107889 -0.0775247 -4.32561 0.00188064 0.999671 0.0255768 -1.46194 0.0775019 -0.0256456 0.996662 172.217
0.997011 -0.000606205 -0.0772607 -4.39166 0.00268198 0.999638 0.0267663 -1.45445 0.0772165 -0.0268935 0.996652 172.967
0.996923 -0.000340175 -0.0783826 -4.46598 0.00247552 0.999628 0.027147 -1.45059 0.0783443 -0.0272575 0.996554 173.72
0.996888 -0.000229626 -0.0788264 -4.51517 0.00234972 0.999638 0.0268041 -1.44811 0.0787917 -0.0269059 0.996528 174.312
0.996828 0.000695735 -0.0795882 -4.55686 0.00137468 0.999662 0.0259563 -1.4474 0.0795794 -0.0259834 0.99649 174.746
0.996839 -0.000350507 -0.0794516 -4.59611 0.00246254 0.999646 0.0264862 -1.43938 0.0794142 -0.0265982 0.996487 175.325
0.996805 -0.000525071 -0.0798719 -4.64582 0.00270083 0.999628 0.027135 -1.43766 0.079828 -0.027264 0.996436 175.84
0.996807 -0.00105825 -0.0798388 -4.69603 0.00331867 0.999597 0.0281849 -1.42966 0.0797768 -0.0283599 0.996409 176.448
0.996824 -0.000501999 -0.0796391 -4.75099 0.00276187 0.999597 0.0282688 -1.42594 0.0795928 -0.028399 0.996423 177.007
0.996839 -0.00050948 -0.0794504 -4.79353 0.00279739 0.999585 0.028688 -1.42411 0.0794028 -0.0288196 0.996426 177.584
0.99683 0.00037674 -0.079559 -4.83995 0.00189906 0.999591 0.0285276 -1.42041 0.0795372 -0.0285883 0.996422 178.183
0.996835 -0.000957232 -0.0794943 -4.90437 0.0032454 0.999584 0.0286599 -1.411 0.0794338 -0.0288272 0.996423 178.889
0.996712 -0.00108179 -0.081016 -4.99413 0.00355291 0.999533 0.0303636 -1.40055 0.0809452 -0.0305516 0.99625 179.991
0.996664 -0.000210227 -0.0816211 -5.08576 0.0027498 0.999516 0.031003 -1.39311 0.081575 -0.031124 0.996181 180.964
0.996709 -0.00104154 -0.0810519 -5.12614 0.00357633 0.999509 0.0311349 -1.39104 0.0809796 -0.0313223 0.996224 181.471
0.996698 -0.00143792 -0.0811855 -5.16338 0.00397191 0.99951 0.0310595 -1.38691 0.0811011 -0.0312794 0.996215 181.988
0.996677 -0.00250961 -0.0814237 -5.20491 0.00504785 0.999507 0.0309824 -1.38238 0.0813058 -0.0312905 0.996198 182.49
0.996746 -0.00265853 -0.0805684 -5.23864 0.00518256 0.999502 0.0311349 -1.37656 0.0804455 -0.0314512 0.996263 182.959
0.996706 -0.00253668 -0.0810658 -5.28212 0.00505625 0.99951 0.0308904 -1.37321 0.0809477 -0.0311986 0.99623 183.495
0.996696 -0.00359464 -0.081144 -5.32054 0.00606125 0.999526 0.0301722 -1.36914 0.0809971 -0.0305643 0.996246 183.949
0.996586 -0.00317986 -0.0825054 -5.36558 0.00562621 0.999551 0.0294352 -1.3659 0.0823747 -0.0297989 0.996156 184.405
0.996666 -0.00244624 -0.081556 -5.39562 0.00483286 0.999565 0.0290791 -1.36307 0.0814495 -0.0293762 0.996245 184.857
0.996751 -0.00276766 -0.0804937 -5.4247 0.00510271 0.999572 0.0288179 -1.36009 0.0803794 -0.029135 0.996339 185.29
0.99682 -0.00324097 -0.0796272 -5.45937 0.00555299 0.999569 0.0288313 -1.35532 0.0794994 -0.0291818 0.996408 185.761
0.996896 -0.00313662 -0.0786725 -5.49512 0.00540203 0.999576 0.0285992 -1.34982 0.0785494 -0.0289354 0.99649 186.216
0.996963 -0.00371797 -0.0777918 -5.52962 0.00594942 0.999577 0.0284728 -1.34543 0.077653 -0.0288491 0.996563 186.687
0.996945 -0.00475539 -0.0779608 -5.63092 0.00707977 0.999538 0.0295655 -1.34008 0.0777841 -0.0300271 0.996518 187.517
0.996813 -0.00479461 -0.079634 -5.67892 0.00715178 0.999544 0.0293413 -1.33639 0.079457 -0.0298173 0.996392 188.132
0.996921 -0.00537608 -0.0782305 -5.72808 0.00764024 0.99956 0.0286717 -1.33017 0.0780419 -0.0291811 0.996523 188.686
0.996914 -0.00507702 -0.0783349 -5.79189 0.00731444 0.999573 0.0283017 -1.32681 0.0781578 -0.0287874 0.996525 189.343
0.99683 -0.00457063 -0.0794313 -5.84442 0.00684928 0.999572 0.0284383 -1.32043 0.0792673 -0.0288922 0.996435 190.007
0.996836 -0.00630209 -0.079236 -5.89487 0.00857972 0.999559 0.0284374 -1.31452 0.0790218 -0.0290272 0.99645 190.582
0.996843 -0.00612549 -0.0791657 -5.95196 0.00840896 0.999557 0.0285432 -1.30903 0.0789558 -0.0291188 0.996453 191.192
0.99686 -0.00593343 -0.0789624 -6.00634 0.00823903 0.999548 0.028905 -1.30553 0.0787552 -0.0294648 0.996458 191.781
0.996838 -0.00317077 -0.0793999 -6.05217 0.00550241 0.99956 0.0291643 -1.30262 0.0792725 -0.029509 0.996416 192.367
0.996806 -0.00423244 -0.0797451 -6.11089 0.00657836 0.999553 0.0291781 -1.29791 0.0795859 -0.0296095 0.996388 192.967
0.996847 -0.00252478 -0.0793108 -6.16314 0.00488578 0.99955 0.029589 -1.29036 0.0792004 -0.0298832 0.996411 193.562
0.996831 -0.00271197 -0.0795031 -6.21761 0.00506758 0.999554 0.0294425 -1.28499 0.0793878 -0.029752 0.9964 194.154
0.996772 -0.00257309 -0.0802423 -6.26477 0.00498326 0.999542 0.0298504 -1.27978 0.0801288 -0.0301539 0.996328 194.738
0.99682 -0.00225991 -0.0796593 -6.32092 0.00467237 0.999536 0.0301114 -1.2753 0.0795543 -0.0303878 0.996367 195.315
0.996752 -0.00270785 -0.0804833 -6.36945 0.00513888 0.999536 0.0300136 -1.27044 0.0803647 -0.0303298 0.996304 195.858
0.996769 -0.00312825 -0.0802587 -6.43213 0.00555082 0.999535 0.0299792 -1.26359 0.0801276 -0.0303278 0.996323 196.492
0.996725 -0.00295774 -0.0808092 -6.4771 0.00541112 0.999531 0.030158 -1.25784 0.0806821 -0.0304965 0.996273 197.015
0.99664 -0.00204721 -0.081882 -6.52851 0.0045081 0.999543 0.0298805 -1.25255 0.0817834 -0.0301492 0.996194 197.592
0.996578 -0.000870682 -0.0826569 -6.57754 0.00331848 0.99956 0.0294812 -1.24817 0.0825949 -0.0296546 0.996142 198.156
0.996642 -0.00211281 -0.0818573 -6.62933 0.00455649 0.999549 0.0296776 -1.24196 0.0817577 -0.0299509 0.996202 198.708
