1 0 -6.54836e-11 0 9.31323e-10 1 0 0 -1.81899e-10 0 1 0
0.999982 0.00137301 -0.00589288 -0.0177322 -0.00136568 0.999998 0.00124756 -0.0600124 0.00589459 -0.00123949 0.999982 2.46546
0.999923 0.00277951 -0.0121113 -0.0533037 -0.00273496 0.999989 0.00369293 -0.109572 0.0121214 -0.00365952 0.99992 4.94378
0.999835 0.0036818 -0.0177616 -0.0899477 -0.00358065 0.999977 0.00572321 -0.151872 0.0177823 -0.00565867 0.999826 7.43315
0.999738 0.00440836 -0.0224767 -0.167699 -0.00427951 0.999974 0.00577734 -0.195144 0.0225016 -0.00567964 0.999731 9.87883
0.999581 0.00388644 -0.0286701 -0.237717 -0.00374621 0.999981 0.00494311 -0.233613 0.0286888 -0.00483363 0.999577 12.372
0.999473 0.00362811 -0.0322605 -0.319422 -0.00349372 0.999985 0.0042211 -0.275531 0.0322753 -0.00410617 0.999471 14.8581
0.999294 0.00393197 -0.0373538 -0.415984 -0.00378601 0.999985 0.00397723 -0.32071 0.0373688 -0.003833 0.999294 17.3086
0.999123 0.00488195 -0.0415897 -0.520157 -0.0047306 0.999982 0.00373667 -0.36575 0.0416072 -0.00353665 0.999128 19.8141
0.998854 0.00698265 -0.0473542 -0.63355 -0.00685156 0.999972 0.00293009 -0.413475 0.0473734 -0.00260228 0.998874 22.2368
0.998622 0.0088291 -0.0517391 -0.781951 -0.00874399 0.99996 0.0018711 -0.473719 0.0517535 -0.00141612 0.998659 24.6744
0.998359 0.0105315 -0.0562893 -0.913933 -0.0104341 0.999944 0.00202535 -0.525007 0.0563074 -0.0014347 0.998413 27.1367
0.998057 0.01166 -0.0612124 -1.08569 -0.011503 0.99993 0.00291579 -0.581699 0.061242 -0.002206 0.998121 29.5412
0.997749 0.0119811 -0.0659868 -1.25207 -0.0117024 0.999921 0.0046079 -0.633633 0.0660368 -0.00382532 0.99781 31.984
0.997473 0.0113728 -0.0701256 -1.43247 -0.010981 0.999922 0.00596934 -0.678937 0.070188 -0.00518421 0.99752 34.4682
0.997067 0.010232 -0.0758524 -1.59121 -0.00973516 0.999929 0.00691667 -0.726797 0.0759178 -0.00615795 0.997095 36.8541
0.996579 0.00846795 -0.082217 -1.84304 -0.00784544 0.999938 0.00789163 -0.768411 0.0822788 -0.00721959 0.996583 39.3357
0.996213 0.00669281 -0.0866856 -2.01801 -0.00594353 0.999943 0.00889881 -0.813228 0.0867401 -0.0083499 0.996196 41.8313
0.995667 0.00548098 -0.0928269 -2.31781 -0.00470826 0.999952 0.00854129 -0.855483 0.0928693 -0.00806723 0.995646 44.3429
0.995322 0.00599219 -0.0964276 -2.49744 -0.00532989 0.99996 0.00712445 -0.897101 0.0964664 -0.00657717 0.995315 46.7041
0.994921 0.00631934 -0.100458 -2.77511 -0.00578362 0.999968 0.00562303 -0.940246 0.10049 -0.00501346 0.994925 49.1065
0.994585 0.00778069 -0.103632 -2.99624 -0.00729759 0.999961 0.00503997 -0.984249 0.103667 -0.00425642 0.994603 51.4493
0.993994 0.00879589 -0.109085 -3.30695 -0.00820248 0.999949 0.00588745 -1.03539 0.109131 -0.00495732 0.994015 53.9269
0.993629 0.00939721 -0.112307 -3.62228 -0.00860263 0.999934 0.00755759 -1.08225 0.11237 -0.00654331 0.993645 56.2861
0.993365 0.00941457 -0.114622 -3.88194 -0.00851973 0.999929 0.00829425 -1.12271 0.114692 -0.00726266 0.993375 58.6509
0.992859 0.00947117 -0.118919 -4.20711 -0.00858571 0.999932 0.00795597 -1.16245 0.118986 -0.00687815 0.992872 61.1188
0.992347 0.00901647 -0.123149 -4.46486 -0.00815731 0.999939 0.00747896 -1.20316 0.123209 -0.00641716 0.99236 63.4153
0.992213 0.00746233 -0.124332 -4.82013 -0.00651827 0.999947 0.0079982 -1.24565 0.124385 -0.00712549 0.992209 65.8798
0.991714 0.00536974 -0.128357 -5.10956 -0.00422041 0.999949 0.00922448 -1.28898 0.1284 -0.00860632 0.991685 68.1632
0.99133 0.00364351 -0.131343 -5.40756 -0.00244208 0.999954 0.00930721 -1.32806 0.131371 -0.00890577 0.991293 70.5696
0.990772 0.00299303 -0.135507 -5.77393 -0.00194778 0.999967 0.00784556 -1.37057 0.135526 -0.00750922 0.990745 73.0325
0.990358 0.0023577 -0.138515 -6.09723 -0.00136844 0.999973 0.00723673 -1.40842 0.138528 -0.0069774 0.990334 75.2446
0.990397 0.00175892 -0.138243 -6.42677 -0.000677751 0.999969 0.00786743 -1.45093 0.138253 -0.00769819 0.990367 77.5541
0.989352 0.001359 -0.145535 -6.80768 -4.608e-05 0.999959 0.00902432 -1.49507 0.145541 -0.00892153 0.989312 79.9724
0.989026 0.000588201 -0.147737 -7.16522 0.000923768 0.999948 0.0101653 -1.52941 0.147736 -0.0101902 0.988974 82.2702
0.988719 -0.000499869 -0.14978 -7.5031 0.00203112 0.999947 0.0100705 -1.56925 0.149767 -0.0102611 0.988668 84.6272
0.988145 -0.000870155 -0.153522 -7.89113 0.00215659 0.999964 0.00821313 -1.60697 0.153509 -0.00844684 0.988111 87.0515
0.987859 -0.0012001 -0.155346 -8.2706 0.00210011 0.999982 0.00562959 -1.64831 0.155336 -0.00588749 0.987844 89.4133
0.987815 -0.00175049 -0.15562 -8.63942 0.00266453 0.99998 0.00566511 -1.6879 0.155607 -0.00601073 0.987801 91.545
0.987072 -0.00532097 -0.160189 -9.06667 0.00658001 0.999951 0.00733026 -1.73663 0.160143 -0.00828954 0.987059 94.0369
0.986727 -0.00878471 -0.162152 -9.38314 0.010315 0.99991 0.00859796 -1.76977 0.162062 -0.0101564 0.986728 96.2111
0.985979 -0.0123476 -0.166412 -9.8004 0.0136504 0.999884 0.00668719 -1.81447 0.166311 -0.00886503 0.986034 98.5855
0.985832 -0.0132237 -0.167216 -10.1725 0.0141167 0.999892 0.00415321 -1.85616 0.167143 -0.0064549 0.985912 100.813
0.985391 -0.0111514 -0.169943 -10.592 0.0118551 0.999925 0.00312653 -1.90653 0.169895 -0.00509555 0.985449 103.133
0.985289 -0.00706255 -0.170753 -11.0102 0.0077552 0.999964 0.00338973 -1.95582 0.170723 -0.00466408 0.985308 105.419
0.985031 -0.00173627 -0.172368 -11.4038 0.00257267 0.999986 0.00462914 -2.00169 0.172358 -0.00500329 0.985022 107.638
0.984833 0.00222686 -0.173492 -11.847 -0.00127622 0.999984 0.00559082 -2.04918 0.173501 -0.00528461 0.98482 109.968
0.984434 0.0046874 -0.17569 -12.3047 -0.00363758 0.999974 0.00629699 -2.09607 0.175715 -0.00555988 0.984425 112.237
0.984477 0.00536756 -0.17543 -12.6804 -0.00426651 0.999969 0.00665286 -2.1334 0.17546 -0.00580112 0.98447 114.485
0.984244 0.0037309 -0.176779 -13.1178 -0.00244282 0.999969 0.00750349 -2.17801 0.176801 -0.00695342 0.984222 116.767
0.983818 0.00117623 -0.179168 -13.5292 0.000484776 0.999957 0.00922658 -2.21771 0.179172 -0.00916413 0.983775 118.999
0.983661 -0.00249631 -0.180013 -13.9395 0.00434506 0.999942 0.00987654 -2.25685 0.179978 -0.0104973 0.983615 121.25
0.983624 -0.00496721 -0.180167 -14.3662 0.00669468 0.999937 0.00898137 -2.29488 0.180111 -0.0100404 0.983595 123.547
0.983322 -0.00728286 -0.181726 -14.786 0.00873403 0.999936 0.00718648 -2.33295 0.181662 -0.00865383 0.983323 125.76
0.98362 -0.00894919 -0.18003 -15.2067 0.0102407 0.999928 0.00624593 -2.37415 0.179962 -0.00798727 0.983641 128.043
0.983409 -0.0108886 -0.181077 -15.6409 0.0123068 0.999902 0.00671072 -2.41549 0.180986 -0.00882787 0.983446 130.298
0.983585 -0.0132958 -0.179956 -16.0014 0.0150253 0.999853 0.00825049 -2.45733 0.17982 -0.0108189 0.98364 132.51
0.984028 -0.0163159 -0.177262 -16.4613 0.0184428 0.999776 0.0103577 -2.4954 0.177053 -0.0134615 0.984109 134.802
0.983989 -0.0197632 -0.177133 -16.8824 0.0220882 0.999694 0.0111628 -2.52713 0.176858 -0.0148966 0.984124 137.019
0.984405 -0.024576 -0.174191 -17.2194 0.0269286 0.999575 0.0111551 -2.55982 0.173843 -0.0156718 0.984649 139.166
0.985044 -0.0286531 -0.169904 -17.6425 0.0308725 0.999469 0.0104346 -2.5972 0.169515 -0.0155239 0.985405 141.477
0.985196 -0.0316741 -0.168481 -18.0085 0.0336503 0.999394 0.00888631 -2.62783 0.168098 -0.0144242 0.985665 143.621
0.985986 -0.0339025 -0.163348 -18.3718 0.0356946 0.99933 0.00804766 -2.66322 0.162966 -0.0137655 0.986536 145.801
0.986098 -0.0353428 -0.162365 -18.7597 0.037032 0.999287 0.00738774 -2.70464 0.161988 -0.0132977 0.986703 148.066
0.986611 -0.0370343 -0.15883 -19.1423 0.0384831 0.999241 0.00605429 -2.74928 0.158486 -0.0120855 0.987287 150.297
0.987169 -0.039013 -0.154839 -19.4594 0.040174 0.999183 0.00437506 -2.79294 0.154542 -0.0105394 0.98793 152.465
0.987136 -0.0401108 -0.154769 -19.8217 0.0411478 0.999147 0.00350123 -2.83952 0.154497 -0.00982461 0.987944 154.729
0.987378 -0.0409975 -0.152981 -20.1784 0.0421641 0.999101 0.00438795 -2.88416 0.152663 -0.0107829 0.988219 156.92
0.987726 -0.0424774 -0.150312 -20.5092 0.0439054 0.999017 0.00619293 -2.92937 0.149902 -0.0127164 0.988619 159.155
0.987681 -0.0455014 -0.149718 -20.8496 0.0472693 0.998848 0.00826849 -2.96554 0.149169 -0.0152437 0.988694 161.327
0.987839 -0.0486607 -0.147667 -21.2053 0.0506142 0.998673 0.00949854 -3.00072 0.147009 -0.0168571 0.988991 163.538
0.987657 -0.0512179 -0.148022 -21.5113 0.0532186 0.998537 0.00958437 -3.03354 0.147314 -0.0173436 0.988938 165.818
0.987754 -0.0536258 -0.146512 -21.8879 0.0556786 0.998399 0.00994316 -3.06582 0.145744 -0.017979 0.989159 168.039
0.987937 -0.0542964 -0.145029 -22.185 0.0562702 0.99837 0.00953914 -3.09887 0.144274 -0.0175848 0.989382 170.295
0.987992 -0.0544886 -0.144576 -22.5154 0.0562981 0.998378 0.0084513 -3.12908 0.143881 -0.0164892 0.989458 172.4
0.988399 -0.0541516 -0.141898 -22.8227 0.0556609 0.998427 0.00668613 -3.16674 0.141312 -0.0145067 0.989859 174.626
0.98903 -0.0532432 -0.137783 -23.1253 0.0544295 0.998506 0.0048539 -3.2073 0.137318 -0.0123001 0.990451 176.799
0.989371 -0.051545 -0.135968 -23.4265 0.0525448 0.998611 0.00377292 -3.25293 0.135584 -0.0108772 0.990706 178.964
0.990026 -0.0500368 -0.131703 -23.7352 0.0510343 0.998688 0.00420724 -3.29753 0.131319 -0.0108866 0.99128 181.171
0.990256 -0.0487931 -0.130429 -24.0229 0.0498565 0.998744 0.00489835 -3.34033 0.130026 -0.0113534 0.991446 183.379
0.990545 -0.0489415 -0.128165 -24.2973 0.0501097 0.998726 0.00590418 -3.37972 0.127713 -0.0122707 0.991735 185.532
0.991025 -0.0516497 -0.123295 -24.6074 0.0528908 0.998577 0.00681169 -3.42185 0.122768 -0.0132717 0.992347 187.742
0.990828 -0.0556471 -0.123142 -24.8549 0.0569303 0.998354 0.00692391 -3.45991 0.122554 -0.0138709 0.992365 189.925
0.990882 -0.0604811 -0.120397 -25.1268 0.0617801 0.998065 0.00708252 -3.49982 0.119736 -0.0144561 0.992701 192.149
0.99087 -0.0647602 -0.118248 -25.3772 0.0661191 0.997783 0.00760094 -3.54148 0.117493 -0.01535 0.992955 194.293
0.990984 -0.0674261 -0.115781 -25.6459 0.0688244 0.997596 0.00811821 -3.57612 0.114955 -0.0160136 0.993242 196.491
0.991176 -0.0687362 -0.113341 -25.8771 0.0701094 0.997506 0.00816982 -3.61278 0.112497 -0.016044 0.993523 198.621
0.991582 -0.0691801 -0.109452 -26.1131 0.0705091 0.997477 0.00831443 -3.64576 0.108601 -0.0159618 0.993957 200.759
0.992016 -0.0683379 -0.105991 -26.3559 0.0695022 0.997555 0.00732542 -3.68552 0.105232 -0.0146336 0.99434 202.981
0.992821 -0.066527 -0.0993989 -26.5732 0.0675624 0.99769 0.00708391 -3.72054 0.098698 -0.0137487 0.995023 205.023
0.993374 -0.0642838 -0.0952698 -26.7775 0.0652443 0.997845 0.00699808 -3.75873 0.0946147 -0.0131675 0.995427 207.243
0.993796 -0.0637077 -0.0911656 -27.0069 0.0646505 0.99788 0.00742376 -3.79488 0.0904994 -0.0132716 0.995808 209.352
0.994199 -0.0649081 -0.085763 -27.2344 0.0657894 0.997805 0.00748666 -3.83709 0.0850888 -0.0130855 0.996287 211.58
0.994563 -0.0655173 -0.0809435 -27.399 0.066375 0.997763 0.00794807 -3.86011 0.0802417 -0.0132775 0.996687 213.826
0.995011 -0.068119 -0.0728855 -27.6989 0.0688726 0.997594 0.00787432 -3.9051 0.0721737 -0.0128549 0.997309 216.19
0.995148 -0.070068 -0.0690662 -27.8614 0.0707567 0.997465 0.00757303 -3.93555 0.0683605 -0.0124232 0.997583 218.346
0.995304 -0.0721875 -0.0644975 -28.0302 0.0727531 0.997329 0.0064622 -3.98417 0.0638587 -0.0111242 0.997897 220.654
0.995438 -0.0730677 -0.061356 -28.1315 0.0735968 0.997268 0.00640523 -4.01921 0.0607204 -0.0108916 0.998095 222.633
0.995721 -0.0733281 -0.0562351 -28.2977 0.0738716 0.997239 0.00764436 -4.05878 0.0555192 -0.0117658 0.998388 224.936
0.995891 -0.0734623 -0.0529577 -28.4245 0.0740239 0.997218 0.00871978 -4.09771 0.0521698 -0.0126041 0.998559 226.998
0.996231 -0.0728275 -0.0471258 -28.467 0.073408 0.997245 0.0107037 -4.12441 0.0462164 -0.0141227 0.998832 229.149
0.996376 -0.0725051 -0.0444775 -28.5921 0.0730841 0.997259 0.0115299 -4.15525 0.0435196 -0.0147387 0.998944 231.293
0.99667 -0.07187 -0.0385165 -28.6407 0.0723278 0.997324 0.0106253 -4.18218 0.0376498 -0.0133758 0.999201 233.417
0.996824 -0.072368 -0.0332552 -28.7692 0.0727259 0.997305 0.00967942 -4.21483 0.0324651 -0.0120672 0.9994 235.653
0.996967 -0.0727888 -0.0275268 -28.7775 0.0730637 0.997286 0.00911101 -4.24055 0.0267889 -0.0110946 0.99958 237.737
0.996987 -0.0747028 -0.0209021 -28.8981 0.0749038 0.99715 0.00900187 -4.27927 0.0201701 -0.0105404 0.999741 239.975
0.997049 -0.0750966 -0.0159262 -28.8834 0.0752339 0.997132 0.00820543 -4.30979 0.0152643 -0.0093794 0.99984 242.027
0.997159 -0.0747146 -0.00952961 -28.9138 0.0747871 0.997171 0.00749369 -4.34997 0.00894276 -0.00818509 0.999927 244.235
0.997276 -0.0736637 -0.00384662 -28.9462 0.0736897 0.997256 0.00712317 -4.38376 0.00331134 -0.00738722 0.999967 246.378
0.997334 -0.0729523 0.00184598 -28.9338 0.0729366 0.997308 0.00749268 -4.42267 -0.00238762 -0.00733806 0.99997 248.515
0.997324 -0.0726626 0.00802987 -28.9158 0.0725988 0.997329 0.00797074 -4.4549 -0.0085876 -0.00736645 0.999936 250.627
0.997312 -0.0719654 0.0138065 -28.9322 0.07186 0.997383 0.00798046 -4.48839 -0.0143447 -0.00696687 0.999873 252.827
0.997232 -0.0718521 0.0191314 -28.8767 0.0717108 0.997394 0.00797222 -4.52352 -0.0196544 -0.00657822 0.999785 254.939
0.997083 -0.0718404 0.0257878 -28.8541 0.0716264 0.99739 0.00912845 -4.5579 -0.0263763 -0.00725473 0.999626 257.102
0.996921 -0.0724844 0.0299013 -28.7804 0.072224 0.997341 0.00969991 -4.59336 -0.0305249 -0.00751045 0.999506 259.243
0.996722 -0.0724349 0.0360426 -28.7212 0.0721164 0.997346 0.0100611 -4.62091 -0.0366756 -0.00742884 0.9993 261.34
0.996457 -0.0723737 0.0428494 -28.649 0.0720063 0.997353 0.0100576 -4.65316 -0.0434639 -0.00693659 0.999031 263.571
0.9963 -0.0723662 0.0463595 -28.54 0.0720189 0.997362 0.00912126 -4.6848 -0.0468973 -0.00574875 0.998883 265.667
0.996023 -0.072355 0.0519823 -28.4124 0.0719915 0.997366 0.00883319 -4.71734 -0.0524845 -0.00505578 0.998609 267.751
0.995645 -0.0731438 0.0578092 -28.2933 0.0727523 0.997311 0.00885088 -4.74956 -0.0583011 -0.00460659 0.998289 269.911
0.995241 -0.0742522 0.0631004 -28.2017 0.0738477 0.997231 0.00872084 -4.78477 -0.0635732 -0.00401953 0.997969 271.957
0.994814 -0.075196 0.0684829 -28.0456 0.0747747 0.997163 0.0086991 -4.82141 -0.0689427 -0.00353321 0.997614 274.066
0.994417 -0.0760663 0.0731435 -27.8951 0.0756097 0.997097 0.00899477 -4.85207 -0.0736153 -0.00341418 0.997281 276.131
0.994079 -0.0767071 0.076956 -27.7226 0.0761556 0.997045 0.0100798 -4.88469 -0.0775017 -0.00415948 0.996984 278.218
0.993499 -0.0768707 0.0839691 -27.5559 0.0761991 0.99703 0.0111786 -4.91537 -0.084579 -0.00470757 0.996406 280.326
0.993034 -0.0763241 0.0897673 -27.365 0.0755808 0.997072 0.011656 -4.94171 -0.0903941 -0.00479008 0.995895 282.436
0.992974 -0.0752681 0.0913144 -27.2067 0.0745349 0.997153 0.0114179 -4.96901 -0.0919138 -0.00453159 0.995757 284.469
0.992207 -0.0747038 0.0997218 -26.9784 0.0739286 0.997198 0.0114522 -4.9947 -0.100298 -0.0039907 0.99495 286.554
0.991845 -0.0742436 0.103594 -26.7702 0.073424 0.997232 0.0117081 -5.02303 -0.104177 -0.00400632 0.994551 288.644
0.99098 -0.0740336 0.111705 -26.549 0.0730997 0.997247 0.0124389 -5.04738 -0.112319 -0.00416111 0.993664 290.728
0.990815 -0.0739895 0.113187 -26.3244 0.0729736 0.997248 0.0130978 -5.07363 -0.113845 -0.00471784 0.993487 292.746
0.989826 -0.0763252 0.120079 -26.0717 0.0751798 0.997071 0.0140461 -5.09252 -0.1208 -0.00487565 0.992665 294.841
0.988964 -0.0797429 0.124863 -25.8125 0.078603 0.996807 0.014037 -5.11736 -0.125584 -0.00406748 0.992075 296.906
0.988347 -0.0813594 0.128652 -25.5323 0.0805029 0.996684 0.0118524 -5.13858 -0.12919 -0.00135743 0.991619 298.952
0.987502 -0.0806229 0.135428 -25.2778 0.0800829 0.996744 0.00943982 -5.16636 -0.135748 0.00152365 0.990742 300.997
0.986891 -0.0791027 0.140676 -24.986 0.0788599 0.996859 0.00730853 -5.19412 -0.140812 0.00388098 0.990029 303.042
0.986351 -0.0768483 0.145624 -24.6786 0.0766958 0.997032 0.00667003 -5.22481 -0.145705 0.0045898 0.989317 305.112
0.985459 -0.0752259 0.152356 -24.3735 0.075251 0.997149 0.0056098 -5.26003 -0.152344 0.00593673 0.98831 307.147
0.984826 -0.0729199 0.157484 -24.0523 0.0730018 0.997318 0.00527181 -5.29808 -0.157446 0.00630482 0.987507 309.246
0.9842 -0.0718963 0.161806 -23.7433 0.0719312 0.997394 0.00565042 -5.33239 -0.161791 0.00607776 0.986806 311.277
0.983187 -0.0722144 0.167716 -23.3768 0.0721075 0.997374 0.00673574 -5.36551 -0.167762 0.0054711 0.985812 313.321
0.982138 -0.0731391 0.173366 -23.0296 0.0728544 0.99731 0.00801345 -5.39836 -0.173486 0.00476016 0.984825 315.389
0.981331 -0.0744813 0.177322 -22.6587 0.0740021 0.997215 0.00932387 -5.42614 -0.177522 0.00397236 0.984109 317.46
0.979965 -0.0760031 0.184099 -22.2783 0.0754763 0.997099 0.00987758 -5.45341 -0.184316 0.00421544 0.982858 319.514
0.979153 -0.0759656 0.188386 -21.8935 0.0756412 0.997095 0.00892146 -5.47909 -0.188517 0.00551431 0.982054 321.461
0.977565 -0.0766086 0.196207 -21.4842 0.0765708 0.997034 0.00778959 -5.50809 -0.196221 0.00740888 0.980532 323.55
0.976718 -0.0769887 0.200238 -21.0806 0.0769314 0.997004 0.00807884 -5.54229 -0.20026 0.00751383 0.979714 325.542
0.975568 -0.080015 0.204611 -20.6547 0.0798125 0.996767 0.00925584 -5.56328 -0.20469 0.0073008 0.9788 327.61
0.974424 -0.0785589 0.210537 -20.2377 0.0781259 0.996889 0.0103865 -5.59095 -0.210698 0.00632758 0.977531 329.54
0.973195 -0.0784224 0.216198 -19.8086 0.0777591 0.996905 0.0115858 -5.6123 -0.216438 0.00553617 0.976281 331.568
0.972443 -0.0782643 0.219613 -19.388 0.0774065 0.996921 0.0125216 -5.63141 -0.219916 0.00482289 0.975507 333.424
0.970628 -0.078123 0.227549 -18.901 0.0770667 0.996934 0.0135371 -5.65374 -0.227909 0.00439695 0.973673 335.616
0.969593 -0.0781826 0.231899 -18.4285 0.0771024 0.996929 0.0137321 -5.66815 -0.23226 0.00456537 0.972643 337.645
0.968701 -0.0777113 0.235752 -17.9273 0.0768772 0.996959 0.0127418 -5.69202 -0.236025 0.00578096 0.97173 339.676
0.967913 -0.0760753 0.239494 -17.4231 0.0754954 0.997079 0.0116083 -5.72047 -0.239677 0.00684488 0.970829 341.794
0.966888 -0.0756949 0.243717 -16.9598 0.0751342 0.997106 0.0116099 -5.73798 -0.243891 0.007086 0.969777 343.567
0.965371 -0.0754025 0.249745 -16.4613 0.0746823 0.997131 0.0123724 -5.76469 -0.249961 0.00670762 0.968233 345.607
0.963609 -0.0767147 0.256072 -15.9407 0.0755642 0.997038 0.0143443 -5.78418 -0.256414 0.00552761 0.966551 347.66
0.962656 -0.0770363 0.259537 -15.3771 0.0755479 0.997018 0.0157203 -5.80552 -0.259974 0.00447426 0.965605 349.788
0.960927 -0.0758492 0.266207 -14.8178 0.0739909 0.997114 0.0170184 -5.82507 -0.266729 0.0033434 0.963766 351.821
0.959521 -0.0756238 0.271296 -14.2794 0.0735737 0.997132 0.017735 -5.83959 -0.271859 0.00294311 0.962333 353.802
0.95788 -0.0742974 0.27739 -13.7045 0.0725196 0.997228 0.0166781 -5.84825 -0.27786 0.00414055 0.960613 355.811
0.955815 -0.0720556 0.285002 -13.1224 0.0712529 0.997371 0.0131982 -5.87145 -0.285203 0.00769217 0.958436 357.872
0.95354 -0.0716824 0.292615 -12.538 0.071478 0.997377 0.0114047 -5.89052 -0.292665 0.0100407 0.956163 359.848
0.951793 -0.0695532 0.29875 -11.9095 0.0699797 0.997505 0.00928344 -5.92179 -0.298651 0.0120705 0.954286 361.838
0.949818 -0.0721724 0.304364 -11.2827 0.0729981 0.997294 0.00868128 -5.95132 -0.304167 0.0139724 0.952516 363.869
0.947498 -0.0720909 0.311529 -10.6503 0.073196 0.997284 0.00816001 -5.98118 -0.311271 0.0150711 0.950202 365.767
0.945367 -0.0733018 0.317662 -9.9766 0.0742288 0.997199 0.00920158 -6.01371 -0.317447 0.0148808 0.948159 367.86
0.943514 -0.0751132 0.322706 -9.34483 0.075152 0.997096 0.0123582 -6.04164 -0.322697 0.0125919 0.946418 369.739
0.94138 -0.0766284 0.32853 -8.71248 0.0755984 0.997011 0.0159272 -6.05887 -0.328768 0.00984278 0.944359 371.624
0.93912 -0.0773666 0.334766 -7.95478 0.0760336 0.996959 0.0171064 -6.07316 -0.335071 0.00938853 0.942146 373.747
0.93767 -0.0754944 0.339229 -7.29725 0.0743553 0.997097 0.0163743 -6.08945 -0.339481 0.00986984 0.940561 375.625
0.934938 -0.0774469 0.346255 -6.59703 0.0760782 0.996947 0.0175652 -6.09477 -0.346558 0.00992007 0.937976 377.536
0.933397 -0.0774442 0.350389 -5.84485 0.0758325 0.996952 0.0183405 -6.11075 -0.350741 0.0094519 0.936425 379.522
0.93177 -0.079109 0.354327 -5.1519 0.0774737 0.996817 0.018823 -6.1238 -0.354688 0.00991231 0.934932 381.434
0.930687 -0.0798897 0.356987 -4.41839 0.0784368 0.996746 0.0185712 -6.13497 -0.357309 0.0107169 0.933925 383.317
0.929839 -0.083289 0.358416 -3.69905 0.0818057 0.996461 0.0193297 -6.14198 -0.358757 0.011347 0.933362 385.215
0.928664 -0.0813925 0.361882 -2.9165 0.0801556 0.996611 0.0184562 -6.15912 -0.362158 0.0118672 0.932041 387.201
0.927639 -0.0792458 0.364973 -2.1646 0.0782453 0.99678 0.0175551 -6.17434 -0.365189 0.0122727 0.930853 389.189
0.92532 -0.0789192 0.370884 -1.41241 0.0777955 0.996807 0.0180149 -6.17909 -0.371121 0.0121835 0.928505 391.043
0.922955 -0.0778383 0.376956 -0.653743 0.0761634 0.996907 0.0193714 -6.19169 -0.377298 0.0108313 0.926029 392.996
0.921103 -0.0784007 0.381342 0.126681 0.076164 0.996875 0.0209806 -6.19469 -0.381795 0.0097192 0.924196 394.929
0.919272 -0.0778441 0.38585 0.878009 0.0752742 0.996925 0.0217888 -6.20282 -0.386359 0.00901473 0.922304 396.771
0.91718 -0.0763693 0.391086 1.7165 0.0738825 0.997037 0.021426 -6.2093 -0.391563 0.00924294 0.920105 398.763
0.914478 -0.0761033 0.397413 2.51681 0.0742031 0.997039 0.0201823 -6.21188 -0.397773 0.011033 0.917418 400.626
0.912417 -0.0750555 0.402321 3.35405 0.073737 0.997101 0.0187886 -6.22624 -0.402565 0.0125229 0.915306 402.583
0.909877 -0.0748468 0.408071 4.20814 0.0738157 0.997104 0.0182978 -6.23452 -0.408259 0.0134733 0.912767 404.465
0.90726 -0.0739445 0.414018 5.05087 0.0727511 0.997175 0.0186741 -6.24544 -0.414229 0.013178 0.910077 406.356
0.905037 -0.074297 0.418793 5.86866 0.0731171 0.997144 0.0188903 -6.25462 -0.419001 0.0135245 0.907885 408.157
0.90198 -0.0755046 0.425126 6.7359 0.0742316 0.997049 0.0195857 -6.26468 -0.42535 0.0138919 0.904922 410.049
0.899448 -0.0773948 0.43012 7.60922 0.076441 0.996883 0.0195266 -6.26818 -0.43029 0.0153157 0.902561 411.918
0.89634 -0.0773877 0.436561 8.51533 0.0771032 0.996853 0.0184019 -6.2781 -0.436611 0.0171659 0.899486 413.752
0.893689 -0.0767725 0.44207 9.42771 0.0768859 0.996883 0.0176919 -6.29602 -0.44205 0.0181779 0.896806 415.643
0.891541 -0.0769966 0.446348 10.3384 0.0773293 0.996852 0.0175019 -6.30687 -0.44629 0.0189121 0.894689 417.471
0.888374 -0.0785965 0.452343 11.2772 0.0783622 0.996738 0.019289 -6.31765 -0.452383 0.0183107 0.891636 419.365
0.885672 -0.0808392 0.45722 12.2028 0.079986 0.996569 0.0212601 -6.32319 -0.45737 0.0177417 0.889099 421.218
0.883001 -0.0806746 0.462387 13.1379 0.0793602 0.996596 0.0223296 -6.32403 -0.462614 0.016978 0.886397 422.969
0.880092 -0.0792598 0.468141 14.1207 0.0780246 0.996707 0.0220659 -6.32836 -0.468349 0.0171065 0.883378 424.827
0.877148 -0.0786591 0.473734 15.0874 0.0773254 0.996756 0.0223292 -6.33667 -0.473953 0.0170456 0.880385 426.7
0.874294 -0.077361 0.479192 16.0668 0.0763175 0.996848 0.021689 -6.33399 -0.479359 0.0176081 0.877442 428.465
0.872329 -0.0743749 0.48323 17.0573 0.073049 0.997095 0.0215964 -6.34628 -0.483432 0.0164603 0.875227 430.291
0.870068 -0.0746157 0.487251 18.0265 0.0729142 0.997085 0.0224891 -6.34239 -0.487509 0.0159605 0.872972 432.096
0.868297 -0.0727347 0.490684 19.0124 0.0710396 0.997228 0.0221113 -6.35547 -0.490932 0.0156588 0.871057 433.842
0.865148 -0.0735601 0.496092 20.0703 0.0709599 0.997188 0.0241133 -6.34978 -0.496471 0.0143411 0.867935 435.706
0.863539 -0.0777768 0.498248 21.0752 0.0743201 0.996874 0.0268047 -6.33754 -0.498775 0.0138829 0.86662 437.475
0.862463 -0.0768495 0.500252 22.1577 0.0737662 0.996937 0.025974 -6.33411 -0.500716 0.0145001 0.86549 439.309
0.859664 -0.0760912 0.505161 23.1972 0.0736372 0.996975 0.024859 -6.33387 -0.505525 0.0158283 0.862667 441.159
0.857545 -0.0761717 0.508739 24.239 0.0740421 0.996955 0.0244633 -6.32467 -0.509053 0.0166897 0.860573 442.966
0.855178 -0.0765111 0.512656 25.3053 0.0741156 0.996932 0.0251521 -6.31571 -0.513008 0.0164863 0.858225 444.765
0.853 -0.0770708 0.51619 26.3341 0.0745591 0.996887 0.025634 -6.30612 -0.516558 0.0166209 0.856091 446.511
0.851044 -0.0768982 0.519434 27.3906 0.0749319 0.99688 0.0248115 -6.29778 -0.519721 0.0178065 0.85415 448.277
0.847487 -0.075195 0.525463 28.6857 0.0743074 0.996974 0.0228236 -6.30939 -0.52559 0.0197031 0.85051 450.292
0.845533 -0.0753044 0.528587 29.7418 0.0748134 0.996947 0.0223565 -6.30595 -0.528656 0.0206422 0.848585 452.028
0.841258 -0.07581 0.535292 30.8909 0.0751708 0.996904 0.0230479 -6.30671 -0.535383 0.0208491 0.844352 453.792
0.838654 -0.0768793 0.539212 31.9646 0.075887 0.996825 0.024095 -6.3033 -0.539352 0.0207118 0.841826 455.51
0.836278 -0.0778311 0.542754 33.0653 0.0761469 0.996768 0.0256093 -6.29388 -0.542993 0.0199125 0.839501 457.243
0.833255 -0.0774933 0.547431 34.1874 0.0758588 0.996789 0.0256375 -6.2974 -0.54766 0.0201649 0.836458 458.996
0.830847 -0.0749474 0.551431 35.3421 0.0736479 0.996982 0.0245381 -6.2951 -0.551606 0.0202243 0.833859 460.714
0.827898 -0.0712102 0.55634 36.7 0.070171 0.997265 0.023225 -6.29722 -0.556472 0.019811 0.83063 462.757
0.825178 -0.0696152 0.560567 37.8535 0.0682177 0.997395 0.0234444 -6.29114 -0.560738 0.0188948 0.827777 464.495
0.823049 -0.0689654 0.563768 38.9849 0.0666784 0.997469 0.0246755 -6.2845 -0.564044 0.0172821 0.825564 466.187
0.819286 -0.0695108 0.569156 40.0227 0.066944 0.997432 0.0254518 -6.28999 -0.569463 0.0172493 0.821836 467.704
0.816244 -0.0725618 0.573133 41.1715 0.0688439 0.997229 0.0282087 -6.27641 -0.573591 0.0164315 0.818977 469.369
0.813367 -0.0759675 0.57677 42.3625 0.0719714 0.996961 0.0298169 -6.26748 -0.577282 0.0172589 0.816362 471.047
0.808821 -0.0788536 0.582744 43.567 0.0751316 0.996704 0.0305893 -6.24894 -0.583236 0.0190412 0.81208 472.727
0.805634 -0.0786223 0.587173 44.7686 0.0759314 0.996683 0.0292735 -6.23557 -0.587527 0.0210011 0.808932 474.381
0.801866 -0.0777699 0.592421 45.9979 0.0761329 0.99671 0.027794 -6.22361 -0.592634 0.0228157 0.805149 476.051
0.797428 -0.0767826 0.598509 47.1544 0.0767121 0.996723 0.0256613 -6.21362 -0.598518 0.0254498 0.800705 477.652
0.795891 -0.073221 0.600996 48.4371 0.0737706 0.996992 0.0237728 -6.20865 -0.600929 0.0254153 0.798898 479.32
0.792364 -0.0734582 0.605609 49.5905 0.0736988 0.996979 0.0245043 -6.20238 -0.60558 0.0252164 0.795385 480.883
0.786891 -0.0718808 0.612891 50.9051 0.0700356 0.997178 0.0270319 -6.20102 -0.613105 0.021653 0.789705 482.62
0.78291 -0.0721907 0.617932 52.1154 0.0683272 0.997214 0.0299312 -6.18891 -0.618372 0.0187882 0.785661 484.206
0.777949 -0.0726631 0.624112 53.4361 0.0663257 0.997238 0.0334306 -6.17154 -0.624818 0.0153874 0.780619 485.873
0.775599 -0.0739752 0.626877 54.7365 0.066711 0.997154 0.0351324 -6.14538 -0.627691 0.0145709 0.778326 487.535
0.770994 -0.0736815 0.632565 56.0184 0.0665907 0.997167 0.0349873 -6.12003 -0.633351 0.015148 0.773716 489.103
0.766392 -0.072311 0.638291 57.3622 0.0663986 0.997239 0.0332513 -6.09619 -0.638933 0.0168981 0.769077 490.701
0.764614 -0.0696136 0.640718 58.7125 0.0658781 0.997384 0.0297481 -6.07935 -0.641113 0.0194634 0.7672 492.33
0.7599 -0.0682393 0.646448 60.0233 0.0663166 0.997424 0.0273333 -6.06399 -0.646648 0.0220997 0.762468 493.888
0.758408 -0.0675813 0.648267 61.4098 0.0657962 0.997468 0.0270101 -6.05636 -0.648451 0.0221688 0.760934 495.518
0.756929 -0.0690911 0.649834 62.7352 0.0673602 0.997348 0.0275777 -6.04169 -0.650016 0.0228986 0.759576 497.071
0.753753 -0.0683666 0.653592 64.0874 0.0656034 0.997434 0.0286761 -6.03174 -0.653875 0.0212631 0.756303 498.684
0.750565 -0.0692639 0.657157 65.3908 0.0654463 0.997394 0.0303758 -6.01767 -0.657548 0.0202095 0.753142 500.172
0.747544 -0.0693855 0.660579 66.7432 0.0648597 0.997401 0.031366 -5.99728 -0.661038 0.0193975 0.750101 501.746
0.742983 -0.069353 0.665708 68.1666 0.0653806 0.997381 0.0309366 -5.97802 -0.66611 0.020539 0.745571 503.378
0.740289 -0.067828 0.668858 69.4749 0.0648971 0.997461 0.0293233 -5.96848 -0.669149 0.0216992 0.742811 504.826
0.736653 -0.0693336 0.672707 70.8496 0.068409 0.997268 0.0278731 -5.94953 -0.672802 0.0254864 0.739384 506.363
0.732353 -0.069661 0.677353 72.2687 0.0705043 0.997164 0.0263222 -5.94367 -0.677266 0.0284791 0.735187 507.93
0.728059 -0.0679628 0.682137 73.6895 0.0698244 0.99725 0.0248332 -5.93738 -0.681949 0.0295498 0.730802 509.437
0.725317 -0.0657054 0.685272 75.0735 0.0668441 0.997453 0.0248878 -5.93942 -0.685162 0.0277549 0.727862 510.946
0.722919 -0.0663516 0.687739 76.4697 0.0658384 0.997464 0.027027 -5.92347 -0.687789 0.0257413 0.725455 512.388
0.717152 -0.0668429 0.693703 77.9378 0.0635747 0.997514 0.0303933 -5.91154 -0.694011 0.0223053 0.719619 513.954
0.711913 -0.0680399 0.698964 79.409 0.0627272 0.997478 0.0332092 -5.89255 -0.699461 0.020202 0.714385 515.433
0.708484 -0.070183 0.702229 80.8781 0.0641467 0.997328 0.0349581 -5.86703 -0.702806 0.0202784 0.711093 516.976
0.704627 -0.0706618 0.706051 82.4081 0.065673 0.997253 0.0342648 -5.83797 -0.706533 0.0222246 0.707332 518.462
0.70247 -0.0688686 0.708374 83.8635 0.0668433 0.997292 0.0306712 -5.82326 -0.708568 0.0258045 0.705171 519.942
0.696187 -0.0685089 0.714584 85.2632 0.0687074 0.997225 0.0286678 -5.80306 -0.714564 0.029139 0.698963 521.324
0.693648 -0.0668923 0.717201 86.8103 0.0675538 0.997332 0.0276843 -5.79255 -0.717139 0.0292465 0.696316 522.832
0.687791 -0.0663853 0.722866 88.3063 0.0664667 0.997386 0.0283545 -5.78098 -0.722859 0.0285446 0.690406 524.268
0.685109 -0.0667109 0.725379 89.844 0.0652884 0.997413 0.0300652 -5.75959 -0.725509 0.0267609 0.687693 525.738
0.68146 -0.0663908 0.728837 91.3778 0.062941 0.997504 0.0320144 -5.74177 -0.729144 0.0240572 0.683938 527.181
0.677271 -0.0680846 0.732576 92.8913 0.0624936 0.997434 0.0349244 -5.7191 -0.733074 0.022128 0.679788 528.593
0.672061 -0.0713767 0.737047 94.3886 0.0629646 0.997247 0.0391617 -5.68715 -0.737814 0.0200888 0.674706 530.01
0.669404 -0.0716772 0.739433 95.9419 0.0630476 0.997225 0.0395898 -5.65286 -0.740219 0.0201179 0.672065 531.434
0.665557 -0.0711318 0.742949 97.4859 0.0642174 0.997214 0.0379477 -5.61407 -0.743579 0.0224539 0.668271 532.777
0.661221 -0.0692867 0.746985 99.0578 0.0657085 0.997248 0.0343357 -5.57988 -0.747308 0.0263798 0.663954 534.16
0.656949 -0.06715 0.750938 100.621 0.0659068 0.997328 0.0315247 -5.56015 -0.751049 0.0287818 0.659619 535.57
0.654152 -0.0654914 0.753522 102.078 0.0653716 0.997412 0.029938 -5.54875 -0.753533 0.029675 0.65674 536.861
0.649658 -0.0649867 0.757444 103.766 0.0644495 0.997461 0.0303013 -5.52608 -0.75749 0.0291314 0.652197 538.302
0.647148 -0.065572 0.75954 105.279 0.0636003 0.997465 0.0319232 -5.5106 -0.759707 0.027648 0.649677 539.615
0.642046 -0.0665437 0.763773 106.971 0.0633367 0.997425 0.0336583 -5.48862 -0.764046 0.0267647 0.644607 541.1
0.640904 -0.0683348 0.764574 108.46 0.0636473 0.997331 0.0357854 -5.46387 -0.764978 0.025728 0.643542 542.374
0.635727 -0.0694629 0.768782 110.193 0.064615 0.997236 0.0366728 -5.43047 -0.769205 0.026361 0.638458 543.782
0.63353 -0.0691039 0.770626 111.725 0.0649488 0.997238 0.0360305 -5.40769 -0.770987 0.0272248 0.636269 545.121
0.631108 -0.0701356 0.772518 113.395 0.0672371 0.997102 0.0355959 -5.37626 -0.772776 0.029477 0.633994 546.458
0.627827 -0.0690606 0.775283 115.1 0.0664667 0.997175 0.0350012 -5.34828 -0.77551 0.0295558 0.630643 547.859
0.623074 -0.0664729 0.779333 116.714 0.0646427 0.99735 0.033387 -5.32406 -0.779487 0.0295756 0.62572 549.168
0.618681 -0.0645748 0.782984 118.408 0.062602 0.997499 0.032801 -5.30014 -0.783144 0.028723 0.621176 550.505
0.613006 -0.0638184 0.787497 120.03 0.0616783 0.997556 0.0328297 -5.27778 -0.787667 0.0284467 0.615444 551.821
0.609133 -0.0643662 0.790452 121.658 0.0623688 0.997502 0.033164 -5.25335 -0.790612 0.0290982 0.611626 553.101
0.605874 -0.0641622 0.792969 123.385 0.0615176 0.997537 0.0337115 -5.22788 -0.793179 0.0283566 0.608328 554.422
0.599946 -0.0646845 0.797421 125.058 0.0619349 0.99749 0.0343163 -5.20424 -0.797639 0.0288003 0.602447 555.73
0.595617 -0.0638887 0.800724 126.77 0.0611164 0.997547 0.0341316 -5.18031 -0.80094 0.028608 0.59806 557.018
0.589947 -0.062131 0.805048 128.418 0.0578685 0.997725 0.0345946 -5.16112 -0.805366 0.0261779 0.5922 558.245
0.585688 -0.0636288 0.808035 130.219 0.0598331 0.997588 0.0351863 -5.12958 -0.808325 0.027739 0.588083 559.587
0.583943 -0.0628549 0.809358 131.999 0.059163 0.997642 0.0347916 -5.10563 -0.809636 0.0275677 0.586285 560.88
0.579315 -0.0630464 0.812662 133.645 0.0590507 0.997631 0.0353014 -5.08357 -0.812962 0.0275376 0.581665 562.05
0.573747 -0.06278 0.816623 135.447 0.0578981 0.997673 0.0360203 -5.05526 -0.816983 0.0266143 0.576047 563.333
0.571103 -0.0635949 0.818411 137.209 0.0577997 0.997635 0.0371878 -5.02389 -0.818841 0.0260659 0.573428 564.61
0.56708 -0.0633992 0.821219 138.914 0.0549519 0.997724 0.0390794 -4.99123 -0.821828 0.0229665 0.569273 565.799
0.564268 -0.0639557 0.823111 140.726 0.0536329 0.997729 0.0407565 -4.94907 -0.823848 0.0211482 0.566416 567.07
0.559779 -0.0623496 0.826293 142.458 0.0515998 0.997853 0.0403383 -4.9141 -0.827034 0.020056 0.561795 568.281
0.556508 -0.0605675 0.828632 144.372 0.0514021 0.997939 0.0384211 -4.87594 -0.829251 0.0212118 0.558474 569.571
0.554573 -0.0588423 0.830052 146.117 0.0526004 0.997981 0.0356035 -4.84365 -0.830471 0.0239163 0.556548 570.747
0.552467 -0.0577849 0.831529 147.906 0.0524624 0.998027 0.0344993 -4.81698 -0.831882 0.0245643 0.554408 571.933
0.549867 -0.0592393 0.833149 149.633 0.0535432 0.99793 0.0356179 -4.78606 -0.833534 0.0250243 0.551901 573.087
0.546671 -0.0599583 0.835198 151.514 0.0525599 0.997923 0.0372376 -4.75074 -0.835696 0.0235412 0.548687 574.349
0.543227 -0.0604007 0.837411 153.274 0.0507833 0.997947 0.0390368 -4.71807 -0.838049 0.0213206 0.545179 575.525
0.540884 -0.0603104 0.838932 155.061 0.0495518 0.997978 0.0397967 -4.67963 -0.839636 0.0200452 0.54278 576.667
0.539792 -0.0594535 0.839696 156.92 0.0490994 0.998028 0.0391008 -4.6378 -0.840365 0.0201223 0.541647 577.899
0.537861 -0.0569562 0.841108 158.682 0.0487702 0.998146 0.0364032 -4.60591 -0.841622 0.0214411 0.539641 579.016
0.537739 -0.0542643 0.841363 160.494 0.0496395 0.998233 0.0326558 -4.57689 -0.841649 0.0242046 0.539483 580.236
0.535057 -0.0522355 0.8432 162.369 0.0493539 0.998315 0.030527 -4.5566 -0.843373 0.0252815 0.536733 581.402
0.535539 -0.0535602 0.842811 164.169 0.0511983 0.99821 0.0309033 -4.53221 -0.842957 0.0266005 0.537323 582.533
0.533112 -0.0560656 0.844185 166.027 0.0534791 0.99804 0.032511 -4.50806 -0.844353 0.0278143 0.535065 583.772
0.53335 -0.0561706 0.844028 167.916 0.052068 0.998081 0.0335206 -4.48404 -0.844291 0.0260686 0.535251 584.959
0.530871 -0.0573532 0.84551 169.726 0.0514238 0.998049 0.0354129 -4.45391 -0.845891 0.0246797 0.532784 586.116
0.529369 -0.0565321 0.846506 171.598 0.0493732 0.998139 0.0357827 -4.42419 -0.846954 0.0228524 0.531175 587.305
0.527183 -0.0568695 0.847847 173.409 0.0482324 0.998152 0.0369609 -4.39222 -0.848382 0.0214085 0.528952 588.47
0.525334 -0.0583438 0.848894 175.329 0.0490972 0.998063 0.0382125 -4.35313 -0.849479 0.021604 0.52718 589.696
0.524227 -0.0568244 0.849681 177.146 0.0462304 0.998199 0.0382342 -4.32563 -0.850323 0.0192377 0.52591 590.808
0.523217 -0.0577417 0.850241 178.967 0.0475413 0.998126 0.0385291 -4.28359 -0.850872 0.0202625 0.524982 591.964
0.520977 -0.0560486 0.851729 180.926 0.0454667 0.998247 0.0378797 -4.25051 -0.852359 0.0189908 0.522612 593.146
0.518984 -0.0555595 0.852977 182.792 0.0444004 0.99829 0.0380097 -4.21861 -0.85363 0.0181461 0.520563 594.301
0.5175 -0.0570963 0.853776 184.702 0.0447341 0.998212 0.0396407 -4.18011 -0.854513 0.0176788 0.519129 595.477
0.517673 -0.0565989 0.853704 186.521 0.0435971 0.998258 0.039746 -4.14202 -0.854467 0.0166436 0.519239 596.604
0.515651 -0.0549283 0.855036 188.4 0.0417205 0.998369 0.0389755 -4.10779 -0.855782 0.0155747 0.517102 597.735
0.513814 -0.0541607 0.85619 190.319 0.0406466 0.998421 0.0387652 -4.07137 -0.856938 0.0148832 0.515205 598.899
0.513082 -0.053935 0.856643 192.107 0.0408795 0.998427 0.0383772 -4.04794 -0.857365 0.0153285 0.51448 599.999
0.512081 -0.0548099 0.857187 194.14 0.0410233 0.998384 0.039331 -4.00782 -0.857957 0.015024 0.513501 601.201
0.510549 -0.0566341 0.857981 196.05 0.0422805 0.998275 0.0407353 -3.96587 -0.858808 0.0154785 0.512063 602.397
0.508983 -0.0555382 0.858983 197.889 0.0402584 0.99836 0.0406949 -3.93831 -0.859834 0.0138682 0.510385 603.472
0.50966 -0.0551541 0.858606 199.826 0.0393297 0.998393 0.0407879 -3.89727 -0.859477 0.0129808 0.511011 604.641
0.507395 -0.0546891 0.859976 201.741 0.0391079 0.998417 0.040419 -3.86486 -0.860826 0.0131235 0.508731 605.786
0.505159 -0.055002 0.861272 203.46 0.0394107 0.998396 0.0406435 -3.82779 -0.862126 0.0134119 0.506516 606.778
0.506291 -0.0548562 0.860616 205.451 0.0386271 0.998416 0.0409158 -3.79582 -0.861497 0.0125278 0.507608 607.981
0.50572 -0.0564058 0.860852 207.389 0.0392256 0.998332 0.0423702 -3.74954 -0.861805 0.0123399 0.507089 609.124
0.505842 -0.0563506 0.860783 209.2 0.0384206 0.998346 0.042778 -3.71034 -0.86177 0.0114328 0.50717 610.208
0.503693 -0.0541428 0.862184 211.116 0.0365826 0.998476 0.0413298 -3.67516 -0.863108 0.0107234 0.504906 611.339
0.502678 -0.0521885 0.862897 213.038 0.0358059 0.998576 0.0395359 -3.63849 -0.863732 0.011023 0.503831 612.438
0.500909 -0.0513451 0.863976 214.823 0.0364628 0.998604 0.0382057 -3.60675 -0.864731 0.0123654 0.502082 613.492
0.500939 -0.0511859 0.863968 216.716 0.0373408 0.998598 0.0375115 -3.57631 -0.864677 0.0134702 0.502148 614.6
0.500824 -0.0524859 0.863957 218.336 0.0379239 0.998532 0.0386774 -3.54906 -0.864718 0.013394 0.502079 615.535
0.501832 -0.0538055 0.86329 220.229 0.0390239 0.998455 0.0395452 -3.51133 -0.864084 0.0138438 0.503157 616.659
0.501727 -0.0535618 0.863366 222.174 0.0399636 0.998451 0.0387183 -3.4811 -0.864103 0.0150772 0.50309 617.759
0.499311 -0.0520043 0.86486 224.039 0.0381585 0.998548 0.0380129 -3.45064 -0.865582 0.0140215 0.500571 618.863
0.499944 -0.0521288 0.864487 225.945 0.0373096 0.998557 0.0386366 -3.42141 -0.865253 0.0129375 0.501168 619.975
0.498215 -0.0532246 0.865418 228.066 0.0388869 0.998481 0.0390213 -3.37552 -0.866181 0.0142124 0.499529 621.167
0.499591 -0.0541218 0.864569 229.873 0.0419597 0.998387 0.0382524 -3.3495 -0.865245 0.0171665 0.501056 622.305
0.500064 -0.0536917 0.864323 231.909 0.0430367 0.998384 0.0371201 -3.32007 -0.864919 0.0186352 0.501566 623.468
0.49807 -0.0538826 0.865461 234.194 0.0438551 0.998356 0.036918 -3.28154 -0.866027 0.0195671 0.499614 624.745
0.49935 -0.0567402 0.86454 236.074 0.0466792 0.998166 0.0385487 -3.24289 -0.865142 0.0211068 0.501083 625.851
0.501658 -0.0598973 0.86299 237.967 0.04931 0.997958 0.040601 -3.20085 -0.863659 0.0221862 0.503587 626.969
0.504457 -0.0607202 0.861299 239.815 0.0500554 0.997903 0.0410335 -3.15951 -0.861985 0.022413 0.506438 628.068
0.506728 -0.0578389 0.860164 241.664 0.0463824 0.998131 0.0397919 -3.14314 -0.860857 0.0197328 0.508464 629.104
0.506469 -0.056116 0.86043 243.62 0.0434674 0.998273 0.03952 -3.10142 -0.861162 0.017385 0.508033 630.277
0.506066 -0.0539938 0.860803 245.352 0.0407416 0.998421 0.0386739 -3.07398 -0.861532 0.0154989 0.507466 631.328
0.507574 -0.0531933 0.859965 247.223 0.0406328 0.99846 0.0377774 -3.03854 -0.86065 0.015768 0.508953 632.416
0.506122 -0.0521827 0.860882 249.067 0.0400931 0.998512 0.0369541 -3.01072 -0.86153 0.0158122 0.507461 633.529
0.505736 -0.0509751 0.861181 250.909 0.0398149 0.998568 0.0357256 -2.9812 -0.861769 0.0162201 0.507041 634.642
0.504882 -0.0491713 0.861787 252.789 0.0386384 0.998663 0.0343446 -2.95594 -0.862324 0.0159581 0.506106 635.732
0.503485 -0.0475393 0.862695 254.607 0.0369822 0.998756 0.0334535 -2.93511 -0.863212 0.0150611 0.504616 636.839
0.504484 -0.0461427 0.862188 256.47 0.0357833 0.99883 0.032518 -2.91374 -0.862679 0.0144471 0.505545 637.93
0.502292 -0.0454314 0.863504 258.355 0.0340491 0.998884 0.0327481 -2.89247 -0.864027 0.0129524 0.503278 639.059
0.500372 -0.0448948 0.864646 260.233 0.0325802 0.998924 0.0330127 -2.8723 -0.865197 0.0116517 0.501296 640.164
