1 9.31323e-10 6.07542e-10 0 -9.31323e-10 1 -4.65661e-10 7.45058e-09 -6.2937e-10 -9.31323e-10 1 0
0.99998 -0.000698743 -0.0063402 -0.0111425 0.000528096 0.999639 -0.0268772 -0.0153651 0.00635668 0.0268733 0.999619 0.757324
0.999944 0.00342039 -0.0100588 -0.0200044 -0.00380115 0.999267 -0.0380816 -0.0450374 0.00992121 0.0381177 0.999224 1.53928
0.999878 0.00763325 -0.0136115 -0.0377122 -0.00798664 0.999627 -0.0260997 -0.0854398 0.0134072 0.0262052 0.999567 2.35359
0.999827 0.00629174 -0.0175233 -0.0580068 -0.00653828 0.99988 -0.0140476 -0.117702 0.0174328 0.0141598 0.999748 3.17269
0.999762 0.00426466 -0.021393 -0.0823168 -0.00443629 0.999958 -0.00798207 -0.153709 0.0213581 0.00807508 0.999739 3.98738
0.999736 0.00483921 -0.0224565 -0.106779 -0.00508677 0.999927 -0.0109802 -0.186034 0.0224018 0.0110915 0.999688 4.79715
0.999726 0.00372711 -0.0231144 -0.130131 -0.00405671 0.999891 -0.0142289 -0.211136 0.0230589 0.0143188 0.999632 5.62659
0.99975 0.00546094 -0.0216703 -0.157239 -0.00576771 0.999884 -0.0141193 -0.241893 0.0215906 0.0142408 0.999665 6.4502
0.99977 0.00597389 -0.0206157 -0.180077 -0.00624276 0.999896 -0.0130027 -0.269412 0.0205359 0.0131284 0.999703 7.30067
0.999776 0.00653213 -0.0201393 -0.199315 -0.00679022 0.999895 -0.0127738 -0.293431 0.0200537 0.0129077 0.999716 8.13285
0.999794 0.00302942 -0.0200821 -0.228664 -0.00329638 0.999907 -0.0132738 -0.321524 0.02004 0.0133372 0.99971 8.97085
0.999785 0.0042884 -0.0202912 -0.244402 -0.00457437 0.999891 -0.0140679 -0.35547 0.0202287 0.0141577 0.999695 9.83352
0.999772 0.0037197 -0.0210212 -0.26458 -0.00401941 0.999891 -0.0142335 -0.389351 0.0209659 0.0143147 0.999678 10.6884
0.999756 0.00344931 -0.0218252 -0.292765 -0.00376944 0.999886 -0.014644 -0.414961 0.0217722 0.0147226 0.999655 11.5687
0.999776 0.00289622 -0.0209642 -0.316428 -0.00318591 0.9999 -0.0137982 -0.439431 0.0209221 0.0138619 0.999685 12.465
0.999774 0.00430704 -0.0208047 -0.341788 -0.00459201 0.999896 -0.0136688 -0.47241 0.0207436 0.0137612 0.99969 13.3551
0.999783 0.00287631 -0.0206264 -0.361766 -0.00316553 0.999897 -0.0140029 -0.504557 0.020584 0.0140651 0.999689 14.2541
0.999788 0.00236761 -0.0204387 -0.397538 -0.00267735 0.999882 -0.0151404 -0.53166 0.0204005 0.0151919 0.999677 15.1687
0.999799 0.00283008 -0.019863 -0.416336 -0.00313486 0.999878 -0.0153296 -0.561377 0.0198172 0.0153888 0.999685 16.0854
0.999771 0.00263594 -0.0212553 -0.437575 -0.00296259 0.999878 -0.0153512 -0.591279 0.0212122 0.0154107 0.999656 17.0156
0.999747 -0.000258059 -0.0225188 -0.464877 -9.67346e-05 0.999876 -0.0157529 -0.620585 0.0225201 0.0157511 0.999622 17.9545
0.999688 -0.00158138 -0.0249243 -0.492962 0.00118407 0.999872 -0.0159472 -0.648511 0.0249463 0.0159127 0.999562 18.9103
0.999631 -0.00272442 -0.0270208 -0.51963 0.00231775 0.999884 -0.0150703 -0.683909 0.0270587 0.0150021 0.999521 19.8616
0.9996 -0.00428865 -0.0279553 -0.549263 0.00385539 0.999872 -0.0155338 -0.712724 0.0280183 0.0154198 0.999489 20.822
0.999544 -0.00509282 -0.029769 -0.580274 0.00465992 0.999883 -0.0145933 -0.743876 0.0298399 0.0144479 0.99945 21.8148
0.999432 -0.00802898 -0.032726 -0.611891 0.00757437 0.999873 -0.0139916 -0.771292 0.0328342 0.0137358 0.999366 22.7933
0.99929 -0.00741664 -0.0369503 -0.654909 0.00693418 0.999889 -0.0131681 -0.801898 0.0370439 0.0129025 0.99923 23.8088
0.999104 -0.00669569 -0.0417952 -0.705379 0.00618539 0.999905 -0.012327 -0.827991 0.0418737 0.0120574 0.99905 24.8222
0.9989 -0.00802063 -0.0461982 -0.755628 0.0073889 0.999877 -0.0138289 -0.86276 0.0463035 0.0134723 0.998837 25.8569
0.99864 -0.00740225 -0.0516134 -0.819096 0.0065378 0.999836 -0.0168972 -0.897243 0.05173 0.0165368 0.998524 26.8967
0.998279 -0.00685575 -0.0582403 -0.889486 0.00569752 0.999783 -0.0200298 -0.927411 0.058365 0.0196635 0.998102 27.942
0.997835 -0.00747434 -0.0653466 -0.965059 0.0063272 0.999823 -0.0177441 -0.959784 0.0654677 0.0172923 0.997705 29.0079
0.997362 -0.00868026 -0.0720708 -1.04878 0.00764108 0.999863 -0.0146821 -0.997293 0.0721883 0.0140926 0.997292 30.089
0.997126 -0.0101834 -0.0750723 -1.14714 0.00923739 0.999874 -0.0129383 -1.03187 0.0751946 0.0122076 0.997094 31.1906
0.996961 -0.0066106 -0.0776172 -1.2355 0.00563031 0.999902 -0.0128419 -1.06357 0.0776945 0.0123659 0.996901 32.2739
0.996951 -0.00585943 -0.0778172 -1.33617 0.00495471 0.999918 -0.0118141 -1.09669 0.07788 0.0113926 0.996898 33.3792
0.997086 -0.00361109 -0.0762043 -1.43371 0.00279308 0.999937 -0.0108382 -1.13503 0.0762386 0.0105938 0.997033 34.4951
0.997135 -0.0020654 -0.0756152 -1.52151 0.00131471 0.999949 -0.0099762 -1.16711 0.075632 0.00984821 0.997087 35.5983
0.997233 -0.00346961 -0.0742637 -1.60779 0.00270266 0.999942 -0.0104254 -1.20562 0.0742956 0.0101958 0.997184 36.7011
0.997328 -0.0024788 -0.073018 -1.69362 0.00171162 0.999943 -0.0105674 -1.23987 0.07304 0.0104142 0.997275 37.806
0.997306 -0.0037518 -0.0732573 -1.77684 0.0029398 0.999933 -0.0111889 -1.27847 0.0732944 0.0109434 0.99725 38.907
0.997443 -0.00448971 -0.0713226 -1.86838 0.00370439 0.999931 -0.0111392 -1.31545 0.0713677 0.0108466 0.997391 40.019
0.99752 -0.00415233 -0.0702605 -1.9442 0.00338184 0.999933 -0.0110816 -1.35169 0.0703018 0.0108165 0.997467 41.1315
0.997565 -0.00520934 -0.0695494 -2.03548 0.00448869 0.999935 -0.010514 -1.38745 0.0695997 0.0101762 0.997523 42.2292
0.997721 -0.00537936 -0.0672567 -2.11778 0.00468219 0.999934 -0.0105191 -1.4287 0.0673089 0.0101803 0.99768 43.3459
0.99789 -0.00525048 -0.064716 -2.19208 0.00457333 0.999933 -0.0106071 -1.46046 0.0647674 0.0102887 0.997847 44.4221
0.997976 -0.00446824 -0.0634393 -2.27118 0.00378609 0.999934 -0.0108688 -1.50217 0.0634837 0.0106066 0.997927 45.5354
0.99814 -0.00470769 -0.0607818 -2.33938 0.00405828 0.999933 -0.0108033 -1.53605 0.0608287 0.0105366 0.998093 46.6367
0.998241 -0.00449586 -0.0591122 -2.41002 0.00382512 0.999927 -0.0114552 -1.57568 0.0591593 0.0112089 0.998186 47.7128
0.998307 -0.00471904 -0.057975 -2.4829 0.00412316 0.999938 -0.0103935 -1.6091 0.0580204 0.0101369 0.998264 48.8184
0.998328 -0.00469076 -0.057614 -2.55095 0.00411427 0.99994 -0.0101207 -1.64538 0.057658 0.00986678 0.998288 49.9166
0.998358 -0.00467409 -0.0570944 -2.61921 0.00406633 0.999934 -0.0107564 -1.67928 0.0571409 0.0105066 0.998311 50.9924
0.998415 -0.00339662 -0.056181 -2.67573 0.00275146 0.999929 -0.011557 -1.72022 0.0562162 0.0113841 0.998354 52.0825
0.998522 -0.00600868 -0.0540253 -2.75567 0.00541522 0.999923 -0.0111245 -1.75628 0.054088 0.0108155 0.998478 53.167
0.998413 -0.00690483 -0.0558957 -2.80515 0.00634383 0.999928 -0.0102076 -1.78949 0.0559622 0.00983682 0.998385 54.2408
0.998253 -0.00890804 -0.0584091 -2.87383 0.00831972 0.999912 -0.0103077 -1.83011 0.0584957 0.00980374 0.99824 55.3148
0.997833 -0.0111022 -0.0648532 -2.94981 0.0103954 0.999883 -0.0112247 -1.86821 0.0649702 0.0105262 0.997832 56.3853
0.997481 -0.0152209 -0.0692892 -3.02543 0.0143411 0.99981 -0.013177 -1.90996 0.0694766 0.0121501 0.99751 57.449
0.996967 -0.0169116 -0.075967 -3.10378 0.0158499 0.999768 -0.0145568 -1.94875 0.0761956 0.0133086 0.997004 58.5092
0.996175 -0.016407 -0.0858285 -3.19005 0.0153005 0.999791 -0.0135338 -1.98439 0.0860327 0.0121688 0.996218 59.5766
0.995917 -0.0148343 -0.0890414 -3.30268 0.0139113 0.999843 -0.010978 -2.02443 0.0891903 0.00969447 0.995967 60.6346
0.995686 -0.0118773 -0.0920191 -3.40522 0.0109964 0.999889 -0.0100744 -2.06143 0.0921285 0.00901911 0.995706 61.6889
0.995437 -0.00936255 -0.0949662 -3.51777 0.00834963 0.999904 -0.0110578 -2.09855 0.0950606 0.0102144 0.995419 62.762
0.995354 -0.00611055 -0.0960946 -3.62398 0.00484807 0.999899 -0.0133658 -2.13318 0.0961666 0.0128379 0.995282 63.8013
0.995432 -0.00455504 -0.0953676 -3.73292 0.00314117 0.999883 -0.0149704 -2.1678 0.0954246 0.0146024 0.99533 64.8591
0.995515 -0.0045137 -0.0945003 -3.83396 0.00314472 0.999888 -0.0146304 -2.20783 0.0945557 0.0142676 0.995417 65.9076
0.995889 -0.00389488 -0.090494 -3.92437 0.00276305 0.999916 -0.0126292 -2.24514 0.0905356 0.0123272 0.995817 66.9394
0.996346 -0.00412271 -0.0853071 -4.03465 0.00317652 0.999932 -0.0112243 -2.28453 0.0853476 0.0109123 0.996292 68.011
0.996839 -0.00239457 -0.0794075 -4.12439 0.00148981 0.999933 -0.0114512 -2.31776 0.0794296 0.0112967 0.996776 69.0261
0.997338 -0.00493528 -0.0727427 -4.18732 0.00410932 0.999925 -0.0114999 -2.35523 0.072794 0.0111704 0.997284 70.0936
0.998005 -0.00206162 -0.0630966 -4.25468 0.00134333 0.999934 -0.0114243 -2.39069 0.0631159 0.0113168 0.997942 71.1037
0.998668 -0.00186306 -0.0515632 -4.32554 0.00125007 0.999928 -0.0119178 -2.42535 0.0515817 0.0118374 0.998599 72.1677
0.99926 0.00158604 -0.0384377 -4.37273 -0.0020151 0.999936 -0.0111263 -2.46041 0.0384176 0.0111955 0.999199 73.196
0.999613 0.00162361 -0.0277645 -4.40439 -0.00192931 0.999938 -0.0109875 -2.49695 0.027745 0.0110368 0.999554 74.2274
0.999845 0.00351778 -0.0172819 -4.43094 -0.00371264 0.99993 -0.0112562 -2.53402 0.0172411 0.0113186 0.999787 75.2929
0.999974 0.00262205 -0.00670221 -4.44269 -0.00270434 0.999921 -0.0122994 -2.56518 0.00666943 0.0123172 0.999902 76.3087
0.999997 0.0011863 0.00208116 -4.44786 -0.00115749 0.999904 -0.0137909 -2.60443 -0.00209732 0.0137885 0.999903 77.3718
0.999959 -0.00117313 0.00895843 -4.43407 0.00130243 0.999895 -0.0144407 -2.63573 -0.00894054 0.0144518 0.999856 78.4134
0.999905 -0.00508646 0.0128358 -4.41808 0.00526975 0.999884 -0.0142866 -2.67415 -0.0127616 0.0143529 0.999816 79.46
0.999837 -0.00848349 0.0159463 -4.40702 0.00870722 0.999864 -0.0140138 -2.70943 -0.0158252 0.0141504 0.999775 80.5105
0.999803 -0.0118575 0.0159058 -4.38692 0.0120671 0.999841 -0.0131441 -2.74722 -0.0157474 0.0133334 0.999787 81.564
0.999799 -0.0132812 0.0150213 -4.37519 0.0134705 0.99983 -0.0125706 -2.78052 -0.0148518 0.0127705 0.999808 82.6118
0.999809 -0.0134067 0.0142104 -4.37002 0.0135821 0.999832 -0.0123198 -2.81584 -0.0140429 0.0125104 0.999823 83.6759
0.999868 -0.0119855 0.0109527 -4.35576 0.0121265 0.999843 -0.0129039 -2.85081 -0.0107964 0.013035 0.999857 84.7405
0.999903 -0.0122005 0.00666991 -4.36839 0.0122938 0.999825 -0.0141338 -2.88488 -0.0064963 0.0142144 0.999878 85.8102
0.999923 -0.0117386 0.00405866 -4.37329 0.0117966 0.999824 -0.0145627 -2.92313 -0.003887 0.0146094 0.999886 86.8794
0.99992 -0.0125976 0.000926265 -4.37876 0.01261 0.999809 -0.0149152 -2.96122 -0.000738193 0.0149257 0.999888 87.9778
0.999898 -0.0137842 -0.00384759 -4.38376 0.0137251 0.999794 -0.0149787 -2.99529 0.00405326 0.0149244 0.999881 89.048
0.999875 -0.0136321 -0.00797819 -4.39499 0.0135173 0.999807 -0.0142701 -3.03109 0.00817118 0.0141604 0.999866 90.1646
0.999821 -0.0142779 -0.0124441 -4.41837 0.0141069 0.999806 -0.0137194 -3.06878 0.0126376 0.0135414 0.999829 91.2549
0.99979 -0.0128761 -0.0159446 -4.4388 0.0126676 0.999834 -0.0131094 -3.10394 0.0161108 0.0129046 0.999787 92.3628
0.999773 -0.0116542 -0.0178521 -4.47028 0.0114414 0.999863 -0.0119715 -3.13482 0.0179892 0.0117645 0.999769 93.4486
0.999735 -0.010054 -0.0206987 -4.50506 0.00981946 0.999887 -0.0114034 -3.17011 0.020811 0.0111972 0.999721 94.5716
0.99975 -0.0086159 -0.0206496 -4.53357 0.00837041 0.999894 -0.0119453 -3.20555 0.0207503 0.0117695 0.999716 95.6628
0.999696 -0.00910024 -0.0229339 -4.56167 0.00880877 0.99988 -0.0127782 -3.24191 0.0230474 0.0125723 0.999655 96.7612
0.999638 -0.0109019 -0.0245859 -4.59539 0.0105911 0.999863 -0.0127371 -3.27983 0.0247214 0.0124721 0.999617 97.8591
0.99963 -0.0118302 -0.0245052 -4.63232 0.0115471 0.999865 -0.0116612 -3.31834 0.0246399 0.011374 0.999632 98.9315
0.999612 -0.0104872 -0.0257941 -4.6634 0.0102145 0.999891 -0.0106786 -3.35486 0.0259033 0.010411 0.99961 100.024
0.999585 -0.0131184 -0.0256526 -4.69891 0.0128459 0.99986 -0.010761 -3.39284 0.0257902 0.010427 0.999613 101.114
0.999601 -0.0102553 -0.026336 -4.73204 0.0100123 0.999906 -0.00934289 -3.42908 0.0264294 0.00907547 0.99961 102.177
0.999585 -0.01363 -0.0253672 -4.77384 0.0134283 0.999877 -0.00810682 -3.45779 0.0254745 0.00776282 0.999645 103.249
0.999608 -0.0115757 -0.0255014 -4.80649 0.0113656 0.9999 -0.00837127 -3.4921 0.0255958 0.00807815 0.99964 104.314
0.999637 -0.00967018 -0.0251537 -4.84081 0.009413 0.999902 -0.0103227 -3.52902 0.025251 0.0100822 0.99963 105.391
0.999633 -0.0100146 -0.0251609 -4.87472 0.00972985 0.999888 -0.0114146 -3.56739 0.0252724 0.0111656 0.999618 106.456
0.99961 -0.0134353 -0.0244922 -4.90777 0.0131647 0.999851 -0.0111746 -3.6034 0.0246386 0.0108478 0.999638 107.514
0.999589 -0.0150057 -0.0244348 -4.93556 0.0147667 0.999842 -0.00993136 -3.63889 0.02458 0.00956645 0.999652 108.555
0.999575 -0.016636 -0.0239205 -4.9653 0.0164297 0.999826 -0.00879351 -3.6726 0.0240626 0.00839677 0.999675 109.616
0.99952 -0.0194946 -0.0240767 -4.99402 0.0193055 0.999781 -0.00806107 -3.70807 0.0242286 0.00759239 0.999678 110.646
0.99955 -0.0187662 -0.0234163 -5.02052 0.0185956 0.999799 -0.00748074 -3.73816 0.0235519 0.00704193 0.999698 111.659
0.999529 -0.0198487 -0.0233892 -5.05252 0.0196889 0.999781 -0.0070434 -3.77258 0.0235239 0.00657958 0.999702 112.682
0.999535 -0.0190299 -0.0238168 -5.07639 0.018881 0.999801 -0.00646448 -3.80051 0.0239351 0.0060118 0.999695 113.688
0.999459 -0.0228827 -0.0236384 -5.11452 0.0227541 0.999725 -0.00569512 -3.83627 0.0237622 0.00515416 0.999704 114.712
0.999468 -0.0207777 -0.0251325 -5.13867 0.0206559 0.999774 -0.0050933 -3.86753 0.0252327 0.00457146 0.999671 115.697
0.999398 -0.0215704 -0.0271719 -5.16857 0.0214424 0.999758 -0.00499605 -3.89902 0.027273 0.00441041 0.999618 116.685
0.99934 -0.0212482 -0.0294737 -5.20817 0.0211027 0.999764 -0.00523954 -3.93109 0.0295781 0.00461411 0.999552 117.683
0.999237 -0.023251 -0.0313948 -5.24194 0.0230934 0.999719 -0.00537355 -3.96289 0.0315109 0.00464443 0.999493 118.618
0.99917 -0.0232458 -0.0334534 -5.27973 0.0230915 0.999721 -0.00498923 -3.98983 0.03356 0.0042126 0.999428 119.584
0.999141 -0.0208479 -0.0358135 -5.31697 0.0207019 0.999776 -0.00444313 -4.02331 0.035898 0.0036979 0.999349 120.486
0.999022 -0.0221465 -0.0382589 -5.36327 0.0219948 0.999749 -0.00438001 -4.05066 0.0383462 0.00353423 0.999258 121.375
0.999012 -0.0201751 -0.0396068 -5.40807 0.0199968 0.999788 -0.00489295 -4.07953 0.0396971 0.00409611 0.999203 122.256
0.99897 -0.0199089 -0.0407672 -5.45543 0.019732 0.999794 -0.00473854 -4.10904 0.0408531 0.00392924 0.999157 123.109
0.998947 -0.0185703 -0.0419513 -5.49376 0.0183526 0.999816 -0.00556971 -4.13377 0.042047 0.00479393 0.999104 123.984
0.998876 -0.0187885 -0.0435137 -5.53941 0.0184767 0.999801 -0.00755724 -4.16159 0.043647 0.00674475 0.999024 124.796
0.998916 -0.0158855 -0.04375 -5.58378 0.015538 0.999845 -0.00827336 -4.19422 0.0438746 0.00758461 0.999008 125.631
0.99895 -0.017028 -0.0425449 -5.63251 0.0166965 0.999828 -0.00813483 -4.22016 0.0426761 0.00741594 0.999061 126.434
0.999021 -0.0146544 -0.0417433 -5.66921 0.0144241 0.999879 -0.00581141 -4.24704 0.0418234 0.0052036 0.999112 127.19
0.999011 -0.0156037 -0.0416427 -5.70816 0.0154467 0.999872 -0.00408866 -4.26875 0.0417012 0.00344137 0.999124 127.976
0.999168 -0.0106734 -0.039354 -5.74147 0.010581 0.999941 -0.00255339 -4.29631 0.039379 0.00213486 0.999222 128.692
0.999279 -0.00974226 -0.0367083 -5.77798 0.00976221 0.999952 0.000364431 -4.31635 0.036703 -0.000722522 0.999326 129.431
0.999444 -0.00723825 -0.0325491 -5.80562 0.00731801 0.99997 0.00233196 -4.34057 0.0325313 -0.00256885 0.999467 130.104
0.99958 -0.00583458 -0.0283826 -5.83105 0.00594485 0.999975 0.00380227 -4.36038 0.0283597 -0.00396941 0.99959 130.765
0.999734 -0.00410465 -0.0226888 -5.85576 0.00419807 0.999983 0.00407119 -4.37949 0.0226717 -0.00416536 0.999734 131.39
0.999876 -0.00264688 -0.0155145 -5.86761 0.00268582 0.999993 0.00248968 -4.39681 0.0155078 -0.00253104 0.999877 131.973
0.999964 -0.00258304 -0.0081169 -5.87576 0.00259787 0.999995 0.00181679 -4.41285 0.00811216 -0.00183782 0.999965 132.53
0.999998 -0.00181148 0.000613546 -5.87086 0.0018111 0.999998 0.000618818 -4.42816 -0.000614666 -0.000617708 1 133.066
0.999944 -0.00135861 0.010468 -5.86936 0.00136047 0.999999 -0.000170427 -4.44223 -0.0104677 0.000184658 0.999945 133.54
0.999788 -0.00255251 0.0204482 -5.85064 0.00254428 0.999997 0.000428279 -4.45725 -0.0204492 -0.000376164 0.999791 134.023
0.999521 -0.00111838 0.0309351 -5.83252 0.00108087 0.999999 0.00122944 -4.46798 -0.0309365 -0.00119542 0.999521 134.451
0.999103 -0.00120843 0.0423362 -5.81686 0.00116104 0.999999 0.00114387 -4.48474 -0.0423375 -0.0010937 0.999103 134.87
0.99848 0.00038945 0.0551227 -5.79251 -0.000422593 1 0.000589571 -4.49192 -0.0551224 -0.00061197 0.99848 135.259
0.997512 -0.000405004 0.0704952 -5.7504 0.000281376 0.999999 0.00176364 -4.50456 -0.0704958 -0.00173942 0.997511 135.637
0.996175 -0.00152413 0.0873637 -5.7083 0.00121874 0.999993 0.00354881 -4.51109 -0.0873685 -0.00342877 0.99617 136.016
0.994267 -0.00262017 0.106895 -5.66146 0.0021868 0.999989 0.0041712 -4.51942 -0.106905 -0.00391353 0.994262 136.371
0.991524 -0.00087788 0.129922 -5.60029 0.000543914 0.999997 0.00260597 -4.52982 -0.129924 -0.00251322 0.991521 136.732
0.987663 0.00620043 0.156474 -5.53866 -0.00634092 0.99998 0.000398671 -4.54081 -0.156468 -0.00138594 0.987682 137.09
0.982636 0.0122843 0.185138 -5.47006 -0.0113703 0.999917 -0.00599769 -4.54895 -0.185196 0.00378848 0.982694 137.443
0.976629 0.0155209 0.214372 -5.38499 -0.0121507 0.999781 -0.0170301 -4.57449 -0.214589 0.0140273 0.976604 137.754
0.968895 0.0137772 0.24709 -5.2761 -0.00618438 0.999485 -0.0314788 -4.60235 -0.247396 0.0289715 0.968481 138.064
0.959685 0.0135764 0.280751 -5.16031 -0.000910049 0.998978 -0.0451974 -4.6241 -0.281077 0.0431198 0.958716 138.357
0.948813 0.0138124 0.315535 -5.03896 0.00324593 0.998564 -0.053472 -4.63652 -0.315821 0.0517592 0.947406 138.644
0.935773 0.017239 0.352181 -4.89592 0.00288801 0.998396 -0.0565444 -4.63988 -0.352591 0.0539299 0.934222 138.931
0.92013 0.0223181 0.390976 -4.7573 0.000525086 0.998304 -0.0582218 -4.64391 -0.391612 0.0537769 0.918558 139.211
0.902095 0.0247633 0.430826 -4.60143 0.0011228 0.998214 -0.059727 -4.6512 -0.431535 0.0543632 0.900457 139.48
0.88141 0.0177301 0.472019 -4.41801 0.00984712 0.998388 -0.0558895 -4.67839 -0.472249 0.0539096 0.879815 139.729
0.857455 0.00662759 0.514516 -4.21152 0.0204798 0.998685 -0.0469944 -4.70663 -0.514151 0.0508328 0.856192 139.983
0.829723 -0.00173217 0.558173 -3.98194 0.0271003 0.998941 -0.0371846 -4.73991 -0.557517 0.0459796 0.828891 140.229
0.797434 -0.00370749 0.603395 -3.77102 0.0271064 0.999192 -0.0296839 -4.75836 -0.602797 0.0400268 0.79689 140.445
0.758393 -0.00226947 0.651793 -3.52524 0.0241273 0.999406 -0.0245934 -4.77384 -0.651351 0.0343775 0.757998 140.671
0.714059 -0.00506196 0.700068 -3.28558 0.023078 0.999601 -0.0163114 -4.78741 -0.699706 0.0278034 0.71389 140.857
0.662708 -0.0122905 0.748777 -2.98667 0.0241973 0.999695 -0.00500692 -4.78718 -0.748487 0.0214365 0.662803 141.038
0.607052 -0.0233928 0.794318 -2.7002 0.0280971 0.999573 0.00796455 -4.7872 -0.794165 0.0174832 0.60745 141.182
0.54731 -0.0343839 0.836223 -2.37283 0.0331058 0.999263 0.0194199 -4.79274 -0.836275 0.0170551 0.548045 141.318
0.484943 -0.0391879 0.873668 -2.08718 0.0332687 0.999099 0.0263478 -4.79312 -0.873913 0.0162886 0.48581 141.411
0.418564 -0.0432121 0.907159 -1.76281 0.0316451 0.998955 0.0329836 -4.79374 -0.907636 0.0149014 0.419494 141.494
0.349286 -0.047458 0.935814 -1.41201 0.0289198 0.998787 0.0398575 -4.78965 -0.93657 0.0131418 0.350235 141.563
0.280728 -0.053076 0.958319 -1.10848 0.0277501 0.998501 0.0471724 -4.78928 -0.959386 0.0133508 0.28178 141.589
0.211967 -0.0547977 0.975739 -0.734302 0.0236061 0.998423 0.0509435 -4.77954 -0.976992 0.012235 0.212926 141.617
0.148001 -0.0546152 0.987478 -0.421953 0.0198219 0.998437 0.0522505 -4.76609 -0.988789 0.0118406 0.148852 141.616
0.0884773 -0.0535557 0.994637 -0.0721383 0.0162899 0.998498 0.0523145 -4.75548 -0.995945 0.0115739 0.0892168 141.598
0.0306888 -0.0537701 0.998082 0.298787 0.0157935 0.998453 0.0533045 -4.73591 -0.999404 0.0141273 0.0314906 141.568
-0.0224613 -0.0565684 0.998146 0.652074 0.0182532 0.998208 0.0569827 -4.72051 -0.999581 0.0194993 -0.0213885 141.509
-0.0722739 -0.0626912 0.995413 1.04639 0.0193658 0.997746 0.0642443 -4.70431 -0.997197 0.0239201 -0.0708969 141.444
-0.114055 -0.0704067 0.990977 1.40741 0.0168232 0.997206 0.0727855 -4.67897 -0.993332 0.0249729 -0.112552 141.369
-0.153655 -0.0786433 0.98499 1.81098 0.0116031 0.996616 0.0813815 -4.65206 -0.988056 0.0239336 -0.152223 141.286
-0.189321 -0.0854579 0.97819 2.24583 0.00419562 0.996126 0.0878369 -4.62446 -0.981906 0.0207334 -0.188229 141.19
-0.218043 -0.08481 0.972247 2.63448 0.00172202 0.996182 0.087284 -4.60472 -0.975938 0.0207059 -0.217064 141.079
-0.24425 -0.0763264 0.966704 3.03975 0.00300494 0.996833 0.0794645 -4.59372 -0.969708 0.0223141 -0.243247 140.951
-0.26698 -0.0632687 0.961623 3.4695 0.00764995 0.997672 0.0677644 -4.57889 -0.963672 0.0254481 -0.265874 140.811
-0.28344 -0.0492265 0.957726 3.87109 0.00810379 0.998523 0.0537218 -4.54934 -0.958956 0.0229881 -0.282623 140.675
-0.298056 -0.0381218 0.953787 4.30541 0.00556217 0.999116 0.0416717 -4.51532 -0.954532 0.0177256 -0.297581 140.531
-0.310171 -0.0326459 0.95012 4.75423 -0.00269884 0.999436 0.0334593 -4.47964 -0.950677 0.00781388 -0.310084 140.39
-0.319838 -0.0342512 0.946853 5.23877 -0.00316313 0.999379 0.0350828 -4.46041 -0.947467 0.00822579 -0.319748 140.219
-0.328008 -0.0399543 0.94383 5.71879 0.00122349 0.999086 0.0427186 -4.45038 -0.944674 0.0151668 -0.327659 140.04
-0.336583 -0.0428356 0.940679 6.22135 0.00596948 0.998848 0.0476204 -4.44465 -0.941635 0.0216436 -0.335939 139.852
-0.342742 -0.0416873 0.938504 6.7089 0.00780719 0.998854 0.0472192 -4.43077 -0.939397 0.0235111 -0.342024 139.669
-0.347588 -0.0385533 0.936854 7.21062 0.00537146 0.999056 0.043106 -4.4164 -0.937632 0.0200154 -0.347053 139.48
-0.351463 -0.0362559 0.9355 7.72885 0.00427716 0.999177 0.0403307 -4.39863 -0.936192 0.018176 -0.351019 139.29
-0.354607 -0.0358279 0.934329 8.2499 0.00353178 0.999207 0.0396561 -4.37856 -0.935009 0.0173622 -0.3542 139.091
-0.356689 -0.0350598 0.933565 8.78584 0.00627724 0.999183 0.0399225 -4.36552 -0.934202 0.0201001 -0.356178 138.888
-0.35783 -0.0347156 0.933141 9.32347 0.00790831 0.99916 0.0402042 -4.35446 -0.933753 0.0217658 -0.357255 138.679
-0.358364 -0.0340969 0.932959 9.87339 0.0098199 0.99914 0.0402876 -4.34105 -0.93353 0.0235992 -0.357721 138.47
-0.358171 -0.0349711 0.933001 10.4383 0.00775321 0.999152 0.040427 -4.32985 -0.933624 0.0217135 -0.357596 138.258
-0.357273 -0.0351149 0.93334 11.0083 0.00843632 0.999131 0.0408195 -4.31128 -0.933962 0.0224576 -0.356666 138.044
-0.356177 -0.0352885 0.933752 11.5534 0.00831113 0.999128 0.0409294 -4.29684 -0.934381 0.0223387 -0.355573 137.837
-0.354994 -0.0352313 0.934205 12.1379 0.00889836 0.999117 0.0410607 -4.28708 -0.934826 0.0228892 -0.354367 137.619
-0.353277 -0.0361697 0.934819 12.6869 0.00827073 0.999093 0.0417821 -4.27472 -0.935482 0.0224923 -0.352657 137.415
-0.352047 -0.0370461 0.935249 13.2499 0.00860287 0.999046 0.0428115 -4.26245 -0.935943 0.0231175 -0.351393 137.208
-0.350434 -0.0397251 0.935745 13.7792 0.00810833 0.998934 0.0454443 -4.25003 -0.936552 0.0235125 -0.349738 137.017
-0.349116 -0.0419522 0.93614 14.3236 0.00933651 0.998792 0.0482417 -4.23562 -0.937033 0.0255822 -0.348303 136.82
-0.346595 -0.0428412 0.937036 14.8199 0.0110255 0.998701 0.0497386 -4.22552 -0.93795 0.0275704 -0.345672 136.638
-0.343805 -0.0429682 0.938057 15.3141 0.0112289 0.998693 0.0498611 -4.21489 -0.938974 0.0276758 -0.342874 136.456
-0.341255 -0.0425246 0.939008 15.7782 0.0114076 0.998715 0.0493743 -4.20143 -0.939901 0.0275611 -0.340332 136.296
-0.338955 -0.0414157 0.939891 16.2446 0.0103567 0.998806 0.0477468 -4.18915 -0.940745 0.0259182 -0.338122 136.134
-0.336677 -0.0393977 0.940796 16.6806 0.00984758 0.998922 0.0453559 -4.17845 -0.941569 0.0245349 -0.335926 135.985
-0.3346 -0.0386555 0.941567 17.1313 0.0110272 0.998929 0.0449292 -4.16874 -0.942296 0.0254161 -0.333816 135.828
-0.331908 -0.0391741 0.942498 17.5341 0.0153517 0.998781 0.0469196 -4.15472 -0.943187 0.0300419 -0.330902 135.687
-0.329269 -0.0408618 0.943352 17.941 0.0167677 0.998653 0.0491099 -4.14333 -0.944087 0.0319883 -0.32814 135.551
-0.326209 -0.042155 0.944357 18.3271 0.0161953 0.998609 0.0501711 -4.13657 -0.945159 0.0316604 -0.325073 135.42
-0.322156 -0.0428106 0.945718 18.6798 0.0158121 0.998594 0.0505906 -4.1282 -0.946554 0.0312519 -0.321027 135.309
-0.317175 -0.0426152 0.947409 19.015 0.0149261 0.998642 0.0499167 -4.12301 -0.94825 0.0299734 -0.316109 135.203
-0.312048 -0.0422725 0.949126 19.3182 0.0144715 0.998682 0.0492375 -4.11554 -0.949956 0.0290997 -0.311025 135.114
-0.309135 -0.0423685 0.950074 19.5931 0.0140254 0.998695 0.0491004 -4.10611 -0.950915 0.0285038 -0.308138 135.029
-0.306349 -0.0424448 0.950973 19.8447 0.015127 0.998662 0.0494463 -4.09648 -0.951799 0.0295332 -0.305297 134.953
-0.304297 -0.0422601 0.951639 20.1001 0.0149998 0.998679 0.0491454 -4.09053 -0.952459 0.0292292 -0.303261 134.873
-0.302676 -0.0410355 0.95221 20.3004 0.015022 0.998743 0.0478158 -4.09025 -0.952975 0.0287768 -0.301679 134.812
-0.300405 -0.0406116 0.952947 20.5076 0.0143836 0.998787 0.0470994 -4.08084 -0.953703 0.0278557 -0.299457 134.75
-0.30009 -0.0391194 0.953108 20.7028 0.0118311 0.998929 0.0447251 -4.07662 -0.953837 0.0246979 -0.299306 134.692
-0.302054 -0.0370663 0.95257 20.9101 0.0101414 0.999062 0.0420912 -4.06934 -0.953237 0.0223742 -0.301394 134.631
-0.305491 -0.0365502 0.951494 21.1038 0.0100396 0.999084 0.0416016 -4.06284 -0.952142 0.0222615 -0.304844 134.572
-0.308989 -0.0363835 0.950369 21.2923 0.011138 0.999061 0.0418688 -4.0607 -0.951 0.0235222 -0.308294 134.5
-0.311954 -0.0366354 0.949391 21.4834 0.0131145 0.998995 0.0428587 -4.05237 -0.950007 0.0258208 -0.31116 134.434
-0.313885 -0.036174 0.948772 21.6722 0.0146057 0.998972 0.0429201 -4.05113 -0.949349 0.0273294 -0.313034 134.366
-0.313131 -0.0364187 0.949012 21.8513 0.0142728 0.998971 0.0430453 -4.05045 -0.949603 0.0270239 -0.312289 134.307
-0.310749 -0.035751 0.949819 22.0383 0.0157001 0.998963 0.0427372 -4.04675 -0.950362 0.0281928 -0.309866 134.252
-0.307617 -0.0347241 0.950877 22.2229 0.0139079 0.999063 0.0409831 -4.044 -0.951409 0.0258318 -0.306845 134.197
-0.302653 -0.0317075 0.952573 22.4159 0.0140501 0.999189 0.0377232 -4.04187 -0.952997 0.0248007 -0.301962 134.142
-0.297156 -0.0258904 0.954478 22.6167 0.0145624 0.999393 0.0316424 -4.03641 -0.954718 0.0233022 -0.296598 134.086
-0.290054 -0.0211628 0.956776 22.8514 0.0157701 0.999514 0.026889 -4.03039 -0.95688 0.0228878 -0.28958 134.026
-0.280798 -0.0191192 0.959576 23.1033 0.0161075 0.999567 0.0246294 -4.02947 -0.959632 0.0223723 -0.280369 133.959
-0.270733 -0.0188354 0.96247 23.3885 0.018107 0.999532 0.024654 -4.03129 -0.962484 0.0241021 -0.270265 133.888
-0.260325 -0.0201558 0.965311 23.7112 0.0170093 0.999531 0.0254574 -4.02886 -0.965371 0.0230464 -0.25986 133.814
-0.248971 -0.0209569 0.968284 24.0547 0.0171543 0.999514 0.0260437 -4.02841 -0.968359 0.0230944 -0.248491 133.738
-0.238045 -0.0215165 0.971016 24.4188 0.0179719 0.999486 0.0265532 -4.02207 -0.971088 0.0237719 -0.237536 133.662
-0.227521 -0.0216227 0.973533 24.8106 0.0179496 0.99949 0.0263941 -4.00881 -0.973608 0.0234797 -0.227017 133.58
-0.218663 -0.0224118 0.975543 25.2232 0.017193 0.999493 0.0268157 -4.00325 -0.975649 0.0226362 -0.218166 133.498
-0.210969 -0.0228169 0.977227 25.6646 0.0181272 0.999464 0.0272495 -3.99041 -0.977325 0.0234632 -0.210442 133.411
-0.205587 -0.0231318 0.978366 26.1325 0.0182875 0.999455 0.0274732 -3.98101 -0.978468 0.02354 -0.205052 133.318
-0.202309 -0.0244925 0.979016 26.6281 0.0164156 0.999462 0.0283962 -3.97319 -0.979184 0.021816 -0.201798 133.226
-0.200828 -0.0252877 0.9793 27.1292 0.0140455 0.99949 0.0286894 -3.96208 -0.979526 0.0195165 -0.20037 133.131
-0.201362 -0.026333 0.979163 27.6728 0.0144049 0.999451 0.0298409 -3.94923 -0.979411 0.0201136 -0.200872 133.028
-0.20267 -0.0284852 0.978833 28.2151 0.0141192 0.999388 0.0320068 -3.93761 -0.979145 0.0203071 -0.202144 132.916
-0.204449 -0.0282422 0.97847 28.775 0.013603 0.999405 0.0316888 -3.92565 -0.978783 0.0197889 -0.203943 132.795
-0.20669 -0.0266666 0.978043 29.3658 0.0138514 0.999449 0.0301775 -3.91034 -0.978308 0.0197846 -0.206207 132.675
-0.208561 -0.0252422 0.977684 29.964 0.0139454 0.999489 0.02878 -3.90172 -0.97791 0.0196366 -0.208103 132.547
-0.211108 -0.0248716 0.977146 30.5787 0.0142827 0.999491 0.028526 -3.88853 -0.977358 0.0199783 -0.210645 132.418
-0.212882 -0.0247924 0.976764 31.214 0.0138611 0.999501 0.0283905 -3.87658 -0.97698 0.0195828 -0.212432 132.278
-0.215209 -0.0251291 0.976245 31.8437 0.0139697 0.999487 0.028807 -3.86514 -0.976468 0.0198374 -0.214748 132.146
-0.216393 -0.0254776 0.975974 32.537 0.0145545 0.999464 0.0293179 -3.85307 -0.976198 0.020549 -0.215907 131.994
-0.21836 -0.0248841 0.975551 33.2139 0.0146692 0.999478 0.0287779 -3.84161 -0.975758 0.0205945 -0.217881 131.848
-0.219992 -0.0240581 0.975205 33.9347 0.0144205 0.999506 0.0279107 -3.8315 -0.975395 0.020203 -0.219536 131.69
-0.221037 -0.0238227 0.974975 34.6511 0.0134819 0.999532 0.0274792 -3.81537 -0.975172 0.0192185 -0.220612 131.531
-0.222004 -0.0252211 0.97472 35.3906 0.0143228 0.999473 0.0291238 -3.80177 -0.97494 0.0204263 -0.221526 131.365
-0.223277 -0.0281304 0.974349 36.1339 0.0154905 0.999355 0.032402 -3.79184 -0.974632 0.0223278 -0.222697 131.2
-0.224463 -0.0320512 0.973955 36.9024 0.0145312 0.999238 0.0362321 -3.76733 -0.974374 0.0222855 -0.223827 131.029
-0.225654 -0.0337407 0.973623 37.7042 0.0157197 0.999144 0.0382684 -3.75463 -0.974081 0.0239405 -0.224931 130.848
-0.22594 -0.0338776 0.973552 38.4858 0.0164724 0.999119 0.0385902 -3.73167 -0.974002 0.0247558 -0.225183 130.668
-0.224975 -0.031532 0.973854 39.3244 0.0164723 0.99921 0.0361583 -3.71484 -0.974225 0.0241764 -0.224278 130.483
-0.224318 -0.0303117 0.974045 40.1624 0.0169371 0.999244 0.0349964 -3.68701 -0.974369 0.0243478 -0.223635 130.296
-0.223253 -0.0295802 0.974312 41.0183 0.0166862 0.999277 0.0341616 -3.66824 -0.974618 0.0238843 -0.222598 130.103
-0.22244 -0.030914 0.974456 41.8767 0.0171823 0.999218 0.0356218 -3.64409 -0.974795 0.0246671 -0.221734 129.913
-0.220503 -0.0310634 0.974892 42.7733 0.0160206 0.999243 0.0354629 -3.62711 -0.975255 0.023438 -0.219838 129.716
-0.217666 -0.0298164 0.975568 43.6868 0.0160884 0.999288 0.034131 -3.60615 -0.975891 0.0231245 -0.217031 129.524
-0.214505 -0.0284867 0.976308 44.5742 0.0161723 0.999334 0.0327118 -3.59381 -0.976589 0.0228059 -0.213902 129.334
-0.210676 -0.0291092 0.977123 45.4923 0.0184736 0.99926 0.0337517 -3.56878 -0.977381 0.0251616 -0.209983 129.142
-0.206798 -0.0300914 0.977921 46.4334 0.0204843 0.999175 0.0350772 -3.55188 -0.978169 0.027286 -0.206011 128.95
-0.202453 -0.0298399 0.978837 47.3455 0.0201996 0.999196 0.0346384 -3.53776 -0.979084 0.0267847 -0.201687 128.765
-0.198377 -0.0282979 0.979717 48.3208 0.0202211 0.999252 0.0329566 -3.51757 -0.979917 0.0263488 -0.197656 128.586
-0.193833 -0.0274806 0.98065 49.2594 0.020179 0.999284 0.0319914 -3.50007 -0.980827 0.0259895 -0.19314 128.408
-0.189898 -0.0288968 0.981379 50.2188 0.0180788 0.999294 0.0329226 -3.48226 -0.981637 0.023994 -0.189241 128.231
-0.18598 -0.0307494 0.982072 51.2098 0.0166368 0.999268 0.0344384 -3.46586 -0.982413 0.0227434 -0.185332 128.057
-0.182872 -0.0321074 0.982612 52.1736 0.0176723 0.999198 0.0359383 -3.44909 -0.982978 0.0239372 -0.182158 127.887
-0.178393 -0.0330298 0.983405 53.1996 0.016706 0.999191 0.0365906 -3.43239 -0.983818 0.0229563 -0.177696 127.71
-0.175147 -0.0334089 0.983976 54.1717 0.0173761 0.999164 0.0370175 -3.4103 -0.984389 0.0235812 -0.17442 127.546
-0.170897 -0.0335 0.98472 55.1748 0.0184429 0.999138 0.0371913 -3.39187 -0.985116 0.024517 -0.170132 127.38
-0.16689 -0.0332528 0.985415 56.1984 0.0181861 0.999157 0.0367966 -3.37191 -0.985808 0.0240619 -0.166145 127.207
-0.163086 -0.0341974 0.986019 57.2109 0.0193908 0.999095 0.0378581 -3.35133 -0.986421 0.0252938 -0.162275 127.055
-0.159099 -0.0356155 0.98662 58.2372 0.0190548 0.999052 0.039137 -3.33376 -0.987079 0.0250266 -0.15827 126.89
-0.155054 -0.036422 0.987235 59.2391 0.0199459 0.999001 0.0399887 -3.31477 -0.987705 0.0258917 -0.154173 126.742
-0.15107 -0.0360164 0.987867 60.2708 0.0185246 0.999057 0.0392572 -3.29694 -0.988349 0.0242304 -0.15026 126.589
-0.147284 -0.0345633 0.98849 61.2783 0.0199272 0.999083 0.0379028 -3.27568 -0.988894 0.0252803 -0.14646 126.448
-0.142761 -0.032837 0.989213 62.2923 0.0204857 0.999137 0.0361229 -3.26229 -0.989545 0.0254216 -0.141965 126.315
-0.138681 -0.0320928 0.989817 63.2985 0.0225131 0.999114 0.0355485 -3.24525 -0.990081 0.0272138 -0.137836 126.181
-0.13345 -0.0327148 0.990516 64.3162 0.0232253 0.999077 0.0361266 -3.22828 -0.990783 0.0278261 -0.132567 126.052
-0.127985 -0.0348675 0.991163 65.3252 0.0248953 0.998954 0.0383561 -3.21196 -0.991464 0.0295843 -0.126983 125.931
-0.122153 -0.0367754 0.99183 66.3312 0.0276386 0.9988 0.0404378 -3.19976 -0.992126 0.0323524 -0.12099 125.811
-0.115162 -0.0375881 0.992635 67.3398 0.0279323 0.998766 0.0410609 -3.18348 -0.992954 0.0324552 -0.11397 125.707
-0.108756 -0.0367237 0.99339 68.3367 0.0274888 0.998824 0.039934 -3.16607 -0.993688 0.0316501 -0.107618 125.604
-0.102428 -0.0353868 0.994111 69.3558 0.0271955 0.998894 0.0383591 -3.14943 -0.994369 0.0309644 -0.101352 125.51
-0.0959017 -0.0354807 0.994758 70.3587 0.0260453 0.998933 0.0381406 -3.13022 -0.99505 0.0295665 -0.0948753 125.424
-0.0905154 -0.036532 0.995225 71.349 0.0244574 0.998944 0.0388929 -3.11415 -0.995595 0.027861 -0.0895263 125.335
-0.0853167 -0.0376513 0.995642 72.3631 0.0239911 0.998918 0.039831 -3.097 -0.996065 0.0272848 -0.0843211 125.258
-0.0806171 -0.0368691 0.996063 73.3497 0.0216347 0.999016 0.0387294 -3.08444 -0.99651 0.0246718 -0.07974 125.191
-0.0758025 -0.036027 0.996472 74.3521 0.0225504 0.99903 0.0378349 -3.06373 -0.996868 0.0253388 -0.0749165 125.121
-0.0718628 -0.0359411 0.996767 75.3387 0.0242439 0.998992 0.0377692 -3.05135 -0.99712 0.0268797 -0.070919 125.051
-0.0683709 -0.0354435 0.99703 76.3013 0.0273987 0.998925 0.0373897 -3.03342 -0.997284 0.0298737 -0.0673263 124.986
-0.0655626 -0.0348411 0.99724 77.2855 0.0270688 0.99896 0.0366808 -3.0234 -0.997481 0.029399 -0.0645513 124.926
-0.0625493 -0.035582 0.997408 78.2452 0.0293576 0.998866 0.0374751 -3.00404 -0.99761 0.0316256 -0.0614338 124.871
-0.0601633 -0.0366013 0.997517 79.2273 0.0299271 0.998812 0.0384538 -2.98948 -0.99774 0.0321663 -0.0589964 124.813
-0.0580955 -0.0369032 0.997629 80.1895 0.0264344 0.998909 0.03849 -2.97859 -0.997961 0.0286078 -0.0570566 124.759
-0.0556537 -0.0358173 0.997808 81.1157 0.0272052 0.998931 0.037375 -2.96488 -0.998079 0.0292256 -0.0546198 124.72
-0.0535723 -0.0353267 0.997939 82.0648 0.0276144 0.99894 0.0368445 -2.95091 -0.998182 0.0295313 -0.05254 124.675
-0.0517404 -0.035675 0.998023 82.9737 0.0272194 0.99894 0.0371189 -2.94351 -0.99829 0.0290861 -0.0507146 124.631
-0.0493992 -0.0370313 0.998092 83.894 0.0280686 0.998866 0.0384492 -2.92982 -0.998385 0.0299144 -0.0483038 124.592
-0.0476366 -0.0385328 0.998121 84.7874 0.0296179 0.998762 0.039971 -2.91762 -0.998426 0.0314664 -0.0464363 124.557
-0.045838 -0.0395702 0.998165 85.6666 0.0277508 0.998779 0.0408689 -2.90902 -0.998563 0.0295732 -0.044684 124.514
-0.0442748 -0.0408127 0.998186 86.5105 0.0304814 0.998645 0.0421835 -2.89476 -0.998554 0.0322938 -0.0429708 124.481
-0.0426677 -0.0418178 0.998214 87.3674 0.0296701 0.99863 0.0431034 -2.88087 -0.998649 0.0314562 -0.0413685 124.452
-0.0412516 -0.0425319 0.998243 88.1658 0.0299489 0.998592 0.0437843 -2.86775 -0.9987 0.0317024 -0.0399197 124.427
-0.0395264 -0.0419349 0.998338 88.9743 0.0293262 0.99864 0.0431087 -2.85734 -0.998788 0.0309814 -0.0382429 124.4
-0.0378749 -0.0405016 0.998462 89.7693 0.0287012 0.998722 0.0416009 -2.84455 -0.99887 0.0302327 -0.036664 124.376
-0.0362577 -0.0394587 0.998563 90.5587 0.0265459 0.99883 0.0404331 -2.83451 -0.99899 0.0279738 -0.0351678 124.35
-0.0347883 -0.0384353 0.998655 91.3476 0.0276954 0.998839 0.0394072 -2.81994 -0.999011 0.0290291 -0.0336834 124.333
-0.0329837 -0.0385741 0.998711 92.1012 0.0265627 0.998868 0.0394575 -2.80861 -0.999103 0.0278299 -0.0319217 124.308
-0.0312451 -0.0397587 0.998721 92.8575 0.0260743 0.998836 0.0405791 -2.79484 -0.999172 0.0273089 -0.030172 124.289
-0.0294766 -0.0439531 0.998599 93.6115 0.0307777 0.998519 0.0448581 -2.77507 -0.999092 0.0320568 -0.0280801 124.277
-0.0270673 -0.0481175 0.998475 94.3367 0.0300213 0.998351 0.0489254 -2.76615 -0.999183 0.0312998 -0.0255782 124.256
-0.0250251 -0.0494594 0.998463 95.0519 0.0299898 0.998289 0.0502024 -2.75652 -0.999237 0.0312 -0.023499 124.247
-0.0224432 -0.0487339 0.99856 95.7295 0.0291204 0.998356 0.0493785 -2.74443 -0.999324 0.0301866 -0.0209871 124.238
-0.0198411 -0.0457045 0.998758 96.4024 0.0303582 0.998466 0.0462942 -2.73018 -0.999342 0.031239 -0.0184232 124.228
-0.0174527 -0.044011 0.998879 97.0511 0.0295417 0.998572 0.0445136 -2.71673 -0.999411 0.0302855 -0.0161276 124.225
-0.0155455 -0.044106 0.998906 97.6608 0.0297868 0.998563 0.0445544 -2.70932 -0.999435 0.0304469 -0.0142094 124.221
-0.0136692 -0.0445775 0.998912 98.2564 0.0271419 0.998621 0.0449359 -2.69594 -0.999538 0.0277267 -0.0124405 124.217
-0.0117587 -0.0447705 0.998928 98.8124 0.0275654 0.998603 0.0450804 -2.68973 -0.999551 0.0280659 -0.0105081 124.218
-0.0107856 -0.0442402 0.998963 99.3453 0.0282577 0.998608 0.0445295 -2.68481 -0.999543 0.0287087 -0.00952044 124.217
-0.00921429 -0.043787 0.998999 99.8376 0.0280798 0.998636 0.0440301 -2.67758 -0.999563 0.0284573 -0.00797219 124.218
-0.00780196 -0.0442917 0.998988 100.312 0.0254707 0.998686 0.0444772 -2.67142 -0.999645 0.025792 -0.00666357 124.219
-0.0067564 -0.0439486 0.999011 100.758 0.0256261 0.998698 0.0441082 -2.66246 -0.999649 0.0258988 -0.00562137 124.221
-0.00528697 -0.0353575 0.999361 101.183 0.0251484 0.999054 0.0354797 -2.66082 -0.99967 0.0253199 -0.00439278 124.224
-0.00456391 -0.0219525 0.999749 101.583 0.0287236 0.999344 0.0220747 -2.67037 -0.999577 0.0288171 -0.00393036 124.224
-0.00372418 -0.0109824 0.999933 101.995 0.0299738 0.999489 0.0110891 -2.67535 -0.999544 0.0300131 -0.00339309 124.224
-0.00300215 -0.0066341 0.999974 102.397 0.0313749 0.999485 0.00672505 -2.67944 -0.999503 0.0313943 -0.00279246 124.224
-0.00233355 -0.00602416 0.999979 102.804 0.0284396 0.999577 0.00608811 -2.67331 -0.999593 0.0284533 -0.00216124 124.236
-0.00121908 -0.00537892 0.999985 103.214 0.0265293 0.999633 0.00540937 -2.66411 -0.999647 0.0265355 -0.00107594 124.241
-0.000143016 -0.0075675 0.999972 103.619 0.0249129 0.999661 0.00756872 -2.65921 -0.99969 0.0249132 4.55625e-05 124.245
0.000672628 -0.0152455 0.999884 104.021 0.0273565 0.99951 0.0152214 -2.67234 -0.999626 0.0273431 0.00108936 124.246
0.00218435 -0.0222862 0.999749 104.413 0.0284744 0.999348 0.0222151 -2.68425 -0.999592 0.0284187 0.00281751 124.243
0.00295583 -0.025495 0.999671 104.8 0.03088 0.999201 0.0253917 -2.69402 -0.999519 0.0307948 0.00374076 124.238
0.00393038 -0.0246312 0.999689 105.182 0.0300045 0.999249 0.0245024 -2.69398 -0.999542 0.0298989 0.00466648 124.245
0.00504971 -0.0213772 0.999759 105.564 0.0291451 0.99935 0.0212213 -2.69479 -0.999562 0.0290309 0.00566947 124.25
0.00638635 -0.0183424 0.999811 105.952 0.0278246 0.999448 0.018158 -2.68966 -0.999592 0.0277033 0.0068932 124.259
0.00725278 -0.0169121 0.999831 106.348 0.0286651 0.99945 0.0166977 -2.68791 -0.999563 0.0285392 0.00773358 124.268
0.00807861 -0.0174703 0.999815 106.758 0.0297632 0.999409 0.0172227 -2.68964 -0.999524 0.0296185 0.00859381 124.273
0.00952395 -0.0187545 0.999779 107.182 0.0267864 0.99947 0.0184935 -2.68882 -0.999596 0.0266043 0.0100213 124.277
0.0111145 -0.0189032 0.99976 107.613 0.0231788 0.999558 0.0186417 -2.68998 -0.99967 0.022966 0.0115477 124.293
0.0125276 -0.0178593 0.999762 108.05 0.0217375 0.999609 0.0175842 -2.68837 -0.999685 0.021512 0.0129109 124.305
0.0146871 -0.0178339 0.999733 108.501 0.0247147 0.999542 0.0174674 -2.6871 -0.999587 0.0244515 0.0151211 124.308
