1 9.31323e-10 -3.63798e-12 0 -9.31323e-10 1 -4.65661e-10 7.45058e-09 -1.81899e-11 -9.31323e-10 1 0
0.99999 0.000111496 0.00455901 0.00266838 -0.000112655 1 0.000253666 -0.030335 -0.00455899 -0.000254177 0.99999 0.809962
0.999952 0.00270374 0.00943543 0.00561784 -0.002718 0.999995 0.0014987 -0.0455734 -0.00943133 -0.00152427 0.999954 1.61876
0.99989 0.00239526 0.0146192 0.0144878 -0.00241039 0.999997 0.00101811 -0.0655779 -0.0146167 -0.00105323 0.999893 2.43012
0.999804 0.00143629 0.0197678 0.0297527 -0.00143133 0.999999 -0.000265053 -0.0814967 -0.0197681 0.000236706 0.999805 3.25338
0.999666 0.00062786 0.025829 0.0455818 -0.000551291 0.999995 -0.00297154 -0.10088 -0.0258307 0.00295631 0.999662 4.06629
0.999487 0.000788487 0.0320045 0.0741957 -0.00065152 0.999991 -0.0042898 -0.115938 -0.0320076 0.00426675 0.999479 4.89604
0.999288 -0.0016543 0.0376808 0.106005 0.00184411 0.999986 -0.00500314 -0.13854 -0.037672 0.00506906 0.999277 5.71978
0.99908 -0.00258325 0.0428167 0.143926 0.00280229 0.999983 -0.00505637 -0.159203 -0.0428029 0.00517171 0.99907 6.55275
0.998841 -0.00336833 0.0480121 0.184246 0.00366183 0.999975 -0.00602647 -0.178471 -0.0479906 0.0061953 0.998829 7.37781
0.998581 -0.00349503 0.0531324 0.227469 0.00388082 0.999967 -0.00715948 -0.19981 -0.0531056 0.00735552 0.998562 8.20051
0.998269 -0.00437596 0.0586584 0.27924 0.00491186 0.999947 -0.00899479 -0.229189 -0.058616 0.00926734 0.998238 9.02899
0.997947 -0.000437969 0.0640422 0.317892 0.00114091 0.99994 -0.0109401 -0.247328 -0.0640335 0.0109907 0.997887 9.85677
0.997594 3.59109e-05 0.069335 0.374158 0.000727095 0.99994 -0.0109794 -0.270417 -0.0693312 0.0110034 0.997533 10.6984
0.997253 -0.00359987 0.0739836 0.43496 0.00440062 0.999933 -0.0106633 -0.300402 -0.0739403 0.0109595 0.997203 11.5181
0.996926 0.000419067 0.0783438 0.503224 0.000368102 0.99995 -0.0100329 -0.325604 -0.078344 0.0100309 0.996876 12.3574
0.996591 0.00200641 0.0824746 0.559608 -0.00102268 0.999928 -0.0119682 -0.35252 -0.0824927 0.0118431 0.996521 13.1932
0.996287 0.00595068 0.0858904 0.626931 -0.00461153 0.999865 -0.0157814 -0.371219 -0.0859727 0.0153267 0.99618 14.0134
0.996054 0.00203558 0.0887308 0.70208 -0.000352793 0.99982 -0.0189767 -0.40759 -0.0887534 0.0188705 0.995875 14.8463
0.995757 0.00265826 0.0919861 0.776094 -0.000654135 0.999762 -0.0218106 -0.437375 -0.0920222 0.0216579 0.995521 15.6965
0.995575 0.000342734 0.0939741 0.853278 0.00158905 0.999789 -0.020481 -0.466045 -0.0939613 0.0205397 0.995364 16.5067
0.99544 -0.00301345 0.095346 0.936331 0.00486859 0.999803 -0.0192303 -0.505181 -0.0952693 0.0196068 0.995258 17.3634
0.995376 -0.00378581 0.0959876 1.01967 0.00558456 0.999814 -0.0184777 -0.532463 -0.0958998 0.0189282 0.995211 18.1717
0.995212 -0.00797045 0.0974172 1.10527 0.00978697 0.999787 -0.0181833 -0.571674 -0.0972515 0.0190496 0.995078 19.0369
0.995254 -0.00879663 0.0969131 1.18759 0.0105278 0.999794 -0.0173666 -0.604429 -0.0967403 0.0183045 0.995141 19.8795
0.995232 -0.00785769 0.0972221 1.26192 0.00947455 0.999824 -0.0161802 -0.630257 -0.0970779 0.0170242 0.995131 20.7043
0.995364 -0.00686476 0.0959369 1.33821 0.00847028 0.999831 -0.0163379 -0.665704 -0.0958085 0.0170747 0.995253 21.5532
0.995419 -0.00856844 0.0952245 1.41581 0.0101924 0.999811 -0.0165808 -0.694803 -0.0950644 0.0174754 0.995318 22.3932
0.995431 -0.00925172 0.0950408 1.49338 0.0110001 0.999779 -0.0178889 -0.726353 -0.0948543 0.0188526 0.995313 23.2187
0.995449 -0.0115731 0.0945865 1.57022 0.0132251 0.99977 -0.0168577 -0.758209 -0.0943697 0.0180319 0.995374 24.0732
0.995461 -0.0134842 0.0942126 1.64974 0.0149753 0.999773 -0.0151377 -0.787847 -0.0939871 0.0164799 0.995437 24.8884
0.995371 -0.0127681 0.095261 1.72846 0.0140783 0.999815 -0.013095 -0.820117 -0.0950762 0.0143755 0.995366 25.765
0.995385 -0.0112726 0.0952998 1.80042 0.0125065 0.999845 -0.0123602 -0.847721 -0.0951457 0.013495 0.995372 26.602
0.995346 -0.0101977 0.0958298 1.87706 0.011563 0.999839 -0.0137023 -0.877745 -0.0956746 0.0147466 0.995304 27.4632
0.995326 -0.00911087 0.0961472 1.9497 0.0107867 0.999799 -0.0169246 -0.906002 -0.0959736 0.0178826 0.995223 28.2797
0.995237 -0.00570751 0.0973219 2.02815 0.00766182 0.999776 -0.019719 -0.944043 -0.0971876 0.0203707 0.995058 29.1313
0.995241 -0.00294382 0.0973991 2.08892 0.00496397 0.999777 -0.0205051 -0.964592 -0.097317 0.020891 0.995034 29.9581
0.995181 -0.00123492 0.0980537 2.16367 0.00315803 0.999806 -0.0194601 -1.00173 -0.0980106 0.0196759 0.994991 30.7999
0.995118 -0.00708382 0.0984383 2.25533 0.0087499 0.999826 -0.0165037 -1.03472 -0.0983042 0.0172845 0.995006 31.6562
0.995087 -0.00879418 0.098612 2.32631 0.0102501 0.999846 -0.0142668 -1.06152 -0.0984713 0.0152075 0.995024 32.4686
0.994959 -0.0133462 0.0993899 2.41565 0.0146786 0.999812 -0.0126864 -1.09851 -0.0992019 0.0140813 0.994968 33.3097
0.994881 -0.0160782 0.0997667 2.50191 0.0175882 0.999743 -0.0142742 -1.12118 -0.0995116 0.0159558 0.994909 34.1603
0.994872 -0.0156366 0.0999284 2.57676 0.0174734 0.999694 -0.0175318 -1.15842 -0.0996236 0.019188 0.99484 34.991
0.99478 -0.0174558 0.100538 2.66262 0.0196415 0.999591 -0.0207912 -1.18517 -0.100134 0.0226574 0.994716 35.821
0.99462 -0.0168906 0.102209 2.73811 0.0191549 0.999591 -0.0212134 -1.21617 -0.101809 0.023057 0.994537 36.643
0.99444 -0.0160958 0.104067 2.82041 0.0181575 0.999657 -0.0188941 -1.25055 -0.103727 0.0206787 0.994391 37.4881
0.99427 -0.0136786 0.106017 2.90206 0.0156137 0.999726 -0.0174445 -1.28164 -0.105749 0.0189998 0.994211 38.3271
0.994136 -0.0104133 0.107636 2.98194 0.0124738 0.999751 -0.0184879 -1.31515 -0.107417 0.0197221 0.994019 39.1528
0.993994 -0.00937169 0.109028 3.0585 0.0115432 0.999747 -0.0193026 -1.34462 -0.10882 0.0204452 0.993851 39.987
0.993772 -0.00886299 0.11108 3.15594 0.0109119 0.999781 -0.0178509 -1.38036 -0.110897 0.0189518 0.993651 40.8429
0.993583 -0.00898932 0.112753 3.23796 0.01069 0.999838 -0.0144878 -1.40228 -0.112605 0.0156001 0.993518 41.6769
0.993321 -0.00943118 0.114997 3.33457 0.0111212 0.999839 -0.0140633 -1.44166 -0.114846 0.0152483 0.993266 42.5255
0.993147 -0.0088498 0.116538 3.4205 0.0107609 0.999818 -0.01578 -1.46465 -0.116377 0.0169259 0.993061 43.3547
0.992936 -0.00895645 0.118315 3.5219 0.0111433 0.999779 -0.0178344 -1.49624 -0.118129 0.0190268 0.992816 44.2036
0.992679 -0.0102435 0.12035 3.62574 0.012625 0.999739 -0.0190424 -1.52955 -0.120123 0.0204224 0.992549 45.0347
0.992461 -0.0104315 0.122117 3.71593 0.012818 0.999742 -0.0187731 -1.55591 -0.12189 0.0201969 0.992338 45.8739
0.992122 -0.010032 0.124876 3.82512 0.012482 0.999744 -0.0188528 -1.59762 -0.124655 0.020263 0.991993 46.7301
0.991848 -0.00717027 0.127223 3.92528 0.00967154 0.999772 -0.0190537 -1.62 -0.127058 0.0201288 0.991691 47.5742
0.99146 -0.00815397 0.130154 4.02756 0.0108849 0.999735 -0.0202849 -1.65697 -0.129954 0.0215284 0.991286 48.4031
0.991072 -0.00767598 0.133111 4.13392 0.0106478 0.999709 -0.0216281 -1.69051 -0.132907 0.0228523 0.990865 49.2547
0.990609 -0.0078475 0.136501 4.25329 0.0110413 0.999682 -0.0226562 -1.73116 -0.13628 0.0239506 0.990381 50.0989
0.990312 -0.00504709 0.138766 4.36749 0.00826208 0.99971 -0.0226021 -1.75553 -0.138612 0.0235296 0.990067 50.9445
0.989738 -0.00539125 0.142797 4.48572 0.00843721 0.999749 -0.0207338 -1.79276 -0.142649 0.0217258 0.989535 51.7867
0.989325 -0.00557945 0.145618 4.60397 0.00861578 0.999758 -0.020229 -1.83303 -0.14547 0.0212676 0.989134 52.6403
0.9888 -0.00347905 0.149208 4.72736 0.0068977 0.999725 -0.0224007 -1.86534 -0.149089 0.023179 0.988552 53.4797
0.988214 -0.000978875 0.153078 4.84121 0.00483609 0.99968 -0.0248275 -1.90082 -0.153004 0.0252751 0.987902 54.3314
0.98765 -0.00426727 0.156622 4.98172 0.00831919 0.999647 -0.0252243 -1.93676 -0.156459 0.0262157 0.987337 55.1822
0.987012 -0.00763329 0.160465 5.12293 0.011587 0.999652 -0.0237178 -1.97511 -0.160228 0.0252691 0.986757 56.0349
0.986484 -0.00910134 0.163607 5.25938 0.0128674 0.999676 -0.0219739 -2.01132 -0.163354 0.0237821 0.986281 56.8913
0.985882 -0.0104739 0.167116 5.40902 0.0144183 0.999645 -0.0224069 -2.0492 -0.166822 0.0245001 0.985683 57.7388
0.985191 -0.0099781 0.171173 5.54541 0.0140437 0.999647 -0.0225571 -2.08321 -0.170888 0.0246269 0.984983 58.575
0.984675 -0.0100022 0.174114 5.69353 0.0141318 0.999647 -0.0224939 -2.11875 -0.173828 0.0246097 0.984469 59.4171
0.984102 -0.00748321 0.17745 5.84375 0.0116837 0.999675 -0.0226383 -2.15602 -0.177223 0.0243516 0.983869 60.2523
0.983285 -0.00680617 0.181945 5.98732 0.0110677 0.999687 -0.022417 -2.18632 -0.181735 0.024056 0.983053 61.0918
0.982796 -0.00631777 0.184585 6.14236 0.0107964 0.999671 -0.0232683 -2.22629 -0.184377 0.0248608 0.982541 61.9404
0.982023 -0.00701525 0.18863 6.30502 0.0116315 0.999659 -0.0233768 -2.26439 -0.188401 0.0251506 0.98177 62.7752
0.981579 -0.0051166 0.190989 6.46635 0.00949481 0.999713 -0.0220158 -2.29965 -0.190822 0.0234237 0.981345 63.6138
0.981011 -0.00602451 0.193857 6.62824 0.00983975 0.999776 -0.0187238 -2.33233 -0.193701 0.0202757 0.980851 64.4492
0.980278 -0.00911088 0.197411 6.78468 0.0125578 0.99979 -0.0162156 -2.36384 -0.197222 0.0183748 0.980187 65.2719
0.979769 -0.00897137 0.199933 6.96357 0.0128484 0.999754 -0.0181027 -2.40242 -0.199721 0.0203053 0.979642 66.1166
0.979092 -0.00819802 0.203251 7.12184 0.0129732 0.99967 -0.022173 -2.43512 -0.203002 0.0243463 0.978876 66.9293
0.978379 -0.0068674 0.206706 7.28127 0.0123869 0.9996 -0.0254196 -2.47606 -0.206449 0.0274304 0.978073 67.7528
0.977906 -0.00824082 0.208885 7.4635 0.0138749 0.999578 -0.0255213 -2.50852 -0.208587 0.0278557 0.977607 68.5649
0.977225 -0.0094329 0.211999 7.64421 0.0149223 0.999593 -0.0243087 -2.5442 -0.211683 0.0269186 0.976968 69.3824
0.976545 -0.0142307 0.214844 7.8185 0.0195679 0.99955 -0.0227357 -2.58256 -0.214424 0.0264065 0.976384 70.1882
0.975955 -0.0102682 0.217732 7.99053 0.0154776 0.999633 -0.0222339 -2.62072 -0.217424 0.0250693 0.975755 70.9947
0.97525 -0.00709766 0.22099 8.17328 0.012481 0.999658 -0.0229733 -2.64945 -0.220751 0.0251629 0.975006 71.823
0.974747 -0.00859921 0.223148 8.36204 0.0143911 0.9996 -0.0243423 -2.69059 -0.222849 0.026939 0.974481 72.6169
0.974159 -0.00942663 0.225667 8.53269 0.0157928 0.999526 -0.0264217 -2.73101 -0.225311 0.0293029 0.973846 73.3985
0.97327 -0.0088252 0.229494 8.72295 0.0156346 0.999489 -0.0278699 -2.76602 -0.229131 0.0307129 0.972911 74.2078
0.972869 -0.00971138 0.231155 8.91486 0.0162513 0.999519 -0.0264052 -2.80697 -0.230787 0.0294454 0.972559 75.008
0.972196 -0.0100541 0.233954 9.09632 0.0163378 0.999556 -0.0249366 -2.8409 -0.233599 0.0280655 0.971928 75.8108
0.971803 -0.0119687 0.23549 9.29632 0.0181824 0.999541 -0.0242326 -2.87839 -0.235092 0.0278311 0.971575 76.6052
0.971264 -0.0123052 0.237686 9.48495 0.0187975 0.999509 -0.0250677 -2.91695 -0.237261 0.0288153 0.971019 77.3976
0.970397 -0.0111232 0.241259 9.68321 0.0177817 0.999518 -0.0254395 -2.9506 -0.240859 0.0289764 0.970127 78.2076
0.969934 -0.0112707 0.243107 9.88915 0.0179255 0.999522 -0.0251791 -2.98768 -0.242707 0.0287799 0.969673 79.014
0.969122 -0.00995474 0.246382 10.088 0.0164188 0.999573 -0.0241956 -3.02268 -0.246035 0.0274938 0.968871 79.8159
0.968631 -0.00767373 0.248386 10.2834 0.0142699 0.999591 -0.0247665 -3.0634 -0.248094 0.027534 0.968345 80.6094
0.967831 -0.00870842 0.251449 10.4915 0.015696 0.999544 -0.0257971 -3.09532 -0.25111 0.028914 0.967527 81.4042
0.96694 -0.0112981 0.254753 10.6978 0.0189014 0.999445 -0.0274174 -3.14019 -0.254302 0.0313261 0.966618 82.2016
0.966293 -0.0110599 0.257208 10.911 0.0190828 0.999406 -0.0287172 -3.17643 -0.256737 0.0326575 0.965929 82.9879
0.965408 -0.0128762 0.260427 11.121 0.0209975 0.999375 -0.0284265 -3.21699 -0.259898 0.0329115 0.965075 83.7745
0.96452 -0.0103557 0.263806 11.3297 0.0184184 0.999435 -0.0281081 -3.25323 -0.263366 0.0319697 0.964166 84.5633
0.963535 -0.00972586 0.267405 11.5408 0.017704 0.999467 -0.0274404 -3.28814 -0.266996 0.0311739 0.963193 85.3342
0.962539 -0.0120594 0.270874 11.7631 0.0200539 0.999441 -0.0267651 -3.32738 -0.2704 0.0311946 0.962243 86.1229
0.961294 -0.0106849 0.275318 11.985 0.0185199 0.999494 -0.025874 -3.37172 -0.274902 0.0299714 0.961005 86.893
0.960112 -0.00802126 0.2795 12.2015 0.015289 0.999599 -0.0238323 -3.39907 -0.279197 0.027155 0.95985 87.6659
0.958731 -0.00706227 0.284229 12.4268 0.0137354 0.999675 -0.0214916 -3.43272 -0.283985 0.0245086 0.958516 88.4576
0.957548 -0.0110334 0.288061 12.6602 0.0175525 0.999645 -0.0200577 -3.47106 -0.287738 0.0242624 0.957402 89.2252
0.956317 -0.0121602 0.292077 12.8956 0.0193807 0.999574 -0.0218406 -3.50873 -0.291687 0.0265472 0.956145 89.9793
0.954898 -0.0098803 0.296769 13.1284 0.0177956 0.999554 -0.0239818 -3.54222 -0.2964 0.0281814 0.954648 90.7424
0.953604 -0.00814794 0.300953 13.3731 0.0161701 0.999577 -0.0241746 -3.57222 -0.300629 0.0279194 0.953333 91.518
0.952327 -0.00989354 0.30492 13.6124 0.0173534 0.999613 -0.0217645 -3.60708 -0.304586 0.0260183 0.952129 92.2605
0.950971 -0.0103734 0.309107 13.8548 0.017248 0.999661 -0.0195159 -3.64276 -0.308799 0.0238905 0.950827 93.021
0.9495 -0.0101603 0.313604 14.0992 0.017143 0.999663 -0.0195164 -3.67299 -0.3133 0.0239069 0.949353 93.7796
0.947967 -0.0109176 0.31818 14.3418 0.0188778 0.999581 -0.0219449 -3.70678 -0.317807 0.0268096 0.947776 94.5088
0.946613 -0.0122606 0.322139 14.6023 0.0210302 0.999497 -0.0237568 -3.74507 -0.321686 0.0292631 0.946394 95.2542
0.945139 -0.0135719 0.326388 14.8513 0.0222826 0.999488 -0.0229641 -3.768 -0.325909 0.0289771 0.944957 95.9809
0.943473 -0.0160409 0.331062 15.1135 0.0237758 0.99953 -0.0193272 -3.8089 -0.330596 0.0261059 0.943411 96.7225
0.942232 -0.0158405 0.334587 15.3761 0.0227136 0.999604 -0.0166394 -3.83467 -0.33419 0.0232779 0.942218 97.4767
0.940221 -0.0134102 0.340302 15.6322 0.0207595 0.999623 -0.0179645 -3.85869 -0.339933 0.0239551 0.940145 98.2037
0.938469 -0.0143238 0.345068 15.9017 0.0231412 0.999502 -0.0214468 -3.89631 -0.344589 0.0281124 0.938333 98.9345
0.936526 -0.0114197 0.350411 16.1701 0.0214392 0.999464 -0.0247275 -3.93009 -0.349941 0.0306705 0.93627 99.6488
0.934603 -0.00772752 0.355609 16.4348 0.0178417 0.999524 -0.0251711 -3.95962 -0.355245 0.0298696 0.934296 100.387
0.932972 -0.00545911 0.359909 16.7087 0.0150831 0.9996 -0.0239372 -3.9877 -0.359634 0.0277612 0.93268 101.113
0.931409 -0.00973828 0.363843 16.9938 0.0185561 0.999613 -0.0207474 -4.02025 -0.3635 0.0260759 0.931229 101.828
0.929788 -0.0132213 0.367858 17.2849 0.0214204 0.999605 -0.0182146 -4.05987 -0.367471 0.0248154 0.929704 102.568
0.928141 -0.0106403 0.372077 17.567 0.0187624 0.999658 -0.0182151 -4.08401 -0.371756 0.0238872 0.928023 103.28
0.926123 -0.00938693 0.377105 17.8625 0.0178498 0.999661 -0.0189534 -4.11443 -0.376799 0.0242844 0.925977 103.996
0.924989 -0.00918938 0.379882 18.1519 0.0176826 0.999665 -0.0188741 -4.14764 -0.379582 0.0241757 0.924842 104.702
0.923814 -0.00852196 0.382747 18.4355 0.01688 0.999687 -0.0184841 -4.17565 -0.38247 0.0235367 0.923668 105.415
0.922105 -0.00896428 0.386835 18.7305 0.0171754 0.999694 -0.0177749 -4.20066 -0.386557 0.0230344 0.921978 106.126
0.920917 -0.00698483 0.389697 19.0173 0.0150955 0.999728 -0.0177543 -4.23431 -0.389467 0.0222329 0.920772 106.823
0.919271 -0.00727353 0.393557 19.3201 0.0157613 0.999708 -0.0183392 -4.26026 -0.393309 0.0230617 0.919117 107.53
0.91781 -0.0057806 0.396978 19.6161 0.0147515 0.9997 -0.0195482 -4.29377 -0.396745 0.0237975 0.91762 108.222
0.916752 -0.00305455 0.399446 19.9036 0.0126568 0.999691 -0.0214036 -4.32077 -0.399257 0.0246775 0.916507 108.911
0.915522 -0.00176295 0.402263 20.2105 0.0115987 0.99969 -0.0220165 -4.35473 -0.4021 0.0248224 0.915259 109.604
0.914463 -0.00564213 0.404631 20.509 0.0155758 0.999653 -0.0212622 -4.38155 -0.404371 0.025746 0.914233 110.279
0.913234 -0.00319374 0.407423 20.8048 0.0124969 0.999718 -0.020175 -4.41696 -0.407244 0.0235161 0.913017 110.959
0.9125 -0.00262031 0.409069 21.1131 0.0113726 0.999756 -0.0189646 -4.44454 -0.408919 0.0219574 0.912306 111.647
0.912526 0.00054445 0.409018 21.4028 0.0080616 0.999781 -0.0193164 -4.4746 -0.408939 0.0209241 0.912322 112.315
0.911779 -0.000140087 0.410681 21.7006 0.00891071 0.999771 -0.0194422 -4.50754 -0.410585 0.0213865 0.911572 113.003
0.911355 -0.000170129 0.411622 22.0023 0.00891831 0.999773 -0.0193324 -4.53233 -0.411526 0.0212897 0.91115 113.68
0.911772 -0.00229089 0.410691 22.3062 0.0108389 0.99977 -0.0184865 -4.56333 -0.410555 0.0213069 0.911587 114.345
0.912511 9.70382e-05 0.409054 22.6037 0.00870823 0.999769 -0.0196634 -4.59142 -0.408961 0.0215051 0.912299 115.025
0.913502 0.000352289 0.406835 22.8938 0.00891291 0.999742 -0.0208786 -4.61838 -0.406738 0.0226988 0.913263 115.688
0.914444 -0.0040175 0.404694 23.1984 0.0140503 0.999663 -0.021824 -4.64694 -0.404469 0.0256429 0.914192 116.363
0.914528 -0.00838122 0.404437 23.4981 0.0186125 0.999598 -0.0213724 -4.68151 -0.404095 0.0270732 0.914316 117.032
0.914666 -0.00505127 0.404178 23.7846 0.0147554 0.999673 -0.0208984 -4.70793 -0.40394 0.0250789 0.914441 117.702
0.91458 -0.00332298 0.404392 24.0708 0.0131852 0.99968 -0.0216052 -4.7366 -0.40419 0.0250917 0.914331 118.384
0.914873 -0.00341953 0.403727 24.3664 0.0140759 0.999626 -0.0234303 -4.77088 -0.403496 0.0271186 0.91458 119.056
0.915165 -0.00142934 0.403077 24.6577 0.0124738 0.999615 -0.0247765 -4.79566 -0.402886 0.0277025 0.914831 119.712
0.914934 -0.00247814 0.403596 24.9472 0.0131612 0.999632 -0.0236981 -4.83282 -0.403389 0.026994 0.914631 120.394
0.915295 -0.00227379 0.402779 25.2429 0.0123272 0.999674 -0.0223695 -4.86102 -0.402596 0.0254398 0.915024 121.059
0.915291 -0.00193874 0.402788 25.5283 0.0109831 0.999737 -0.0201458 -4.88595 -0.402643 0.0228632 0.915072 121.733
0.914778 -0.00565855 0.403917 25.8241 0.0138029 0.999756 -0.0172545 -4.91739 -0.403721 0.0213593 0.914633 122.402
0.914765 -0.00822398 0.403902 26.1186 0.0156779 0.999762 -0.0151512 -4.94089 -0.403681 0.0201922 0.914677 123.069
0.914351 -0.0115691 0.404758 26.4108 0.0189326 0.99972 -0.0141942 -4.97368 -0.40448 0.0206416 0.914314 123.733
0.914239 -0.0102318 0.405046 26.6925 0.0184471 0.999696 -0.0163842 -4.99876 -0.404755 0.022451 0.91415 124.382
0.913823 -0.00747416 0.406043 26.9732 0.01722 0.999645 -0.0203539 -5.02596 -0.405747 0.025592 0.913627 125.037
0.913175 -0.00863866 0.407477 27.279 0.0193188 0.999569 -0.0221031 -5.05825 -0.40711 0.028056 0.912948 125.681
0.912666 -0.00823711 0.408623 27.5677 0.0189086 0.999577 -0.0220831 -5.08166 -0.408269 0.027881 0.912436 126.35
0.911696 -0.00607545 0.410821 27.8534 0.0152636 0.999701 -0.0190888 -5.10983 -0.410582 0.0236738 0.911516 127.005
0.910681 -0.00301601 0.4131 28.1389 0.011248 0.999784 -0.0174969 -5.13726 -0.412958 0.0205806 0.910518 127.655
0.909516 -0.00377981 0.415652 28.4344 0.0123874 0.999761 -0.0180141 -5.16529 -0.415485 0.021533 0.909345 128.316
0.908056 -0.00318394 0.418837 28.7233 0.0137272 0.99966 -0.0221618 -5.19773 -0.418624 0.0258736 0.907791 128.95
0.90686 0.000246073 0.421432 29.0208 0.0123712 0.999553 -0.0272047 -5.22631 -0.42125 0.0298845 0.906452 129.589
0.90543 0.00350673 0.424481 29.3113 0.00970169 0.999534 -0.0289514 -5.25431 -0.424384 0.0303316 0.904974 130.247
0.904113 0.00226359 0.427287 29.6152 0.0106929 0.999553 -0.0279208 -5.28556 -0.427159 0.0298125 0.903685 130.894
0.903902 0.000419757 0.427741 29.9222 0.0116922 0.999602 -0.0256888 -5.31749 -0.427581 0.0282214 0.903536 131.538
0.902516 -0.00281821 0.430648 30.2323 0.014432 0.999615 -0.0237038 -5.35451 -0.430415 0.0276082 0.902209 132.192
0.901811 -0.00409867 0.432111 30.5316 0.0164431 0.999556 -0.0248356 -5.38061 -0.431817 0.0295023 0.901478 132.827
0.901047 -0.00613424 0.433678 30.8551 0.018625 0.999525 -0.024559 -5.41726 -0.433321 0.0302061 0.900733 133.486
0.900151 -0.00597212 0.435537 31.162 0.0186624 0.999517 -0.0248652 -5.43886 -0.435178 0.0305106 0.899827 134.13
0.900151 -0.00793151 0.435506 31.4863 0.0212719 0.999442 -0.0257651 -5.4754 -0.435059 0.0324566 0.899817 134.784
0.899572 -0.00940032 0.436671 31.8053 0.0243362 0.999294 -0.0286222 -5.504 -0.436094 0.0363747 0.899166 135.419
0.898881 -0.00972418 0.438086 32.1316 0.0267146 0.99911 -0.0326369 -5.54694 -0.437379 0.0410399 0.898341 136.079
0.898297 -0.00722689 0.43933 32.453 0.0247003 0.999114 -0.0340694 -5.57597 -0.438694 0.041456 0.89768 136.742
0.897152 -0.00768737 0.441656 32.7944 0.024558 0.99917 -0.0324943 -5.61136 -0.441039 0.0399985 0.896596 137.407
0.896815 -0.00559285 0.44237 33.1084 0.0218652 0.999259 -0.0316938 -5.64516 -0.441865 0.038096 0.896272 138.073
0.896296 -0.00552878 0.443422 33.4403 0.0225072 0.999201 -0.0330357 -5.6861 -0.442885 0.0395899 0.895704 138.748
0.89545 -0.0030787 0.445152 33.7956 0.0210328 0.999152 -0.0353985 -5.72078 -0.444665 0.0410603 0.894755 139.408
0.895334 -0.00394503 0.445378 34.0988 0.0225165 0.999083 -0.0364148 -5.76115 -0.444826 0.0426318 0.894602 140.076
0.895305 -0.00427065 0.445433 34.4386 0.0224617 0.999115 -0.0355681 -5.79894 -0.444886 0.0418495 0.894609 140.766
0.894867 -0.00625553 0.446289 34.7896 0.0242239 0.999109 -0.0345679 -5.84199 -0.445675 0.0417445 0.894221 141.449
0.894785 -0.0052443 0.446467 35.1225 0.0227656 0.999166 -0.0338891 -5.87853 -0.445917 0.0404875 0.894158 142.11
0.894389 -0.0046786 0.447265 35.4625 0.0217324 0.999219 -0.0330056 -5.91962 -0.446761 0.03924 0.893792 142.816
0.894131 -0.00567602 0.44777 35.7901 0.0215529 0.999306 -0.0303707 -5.95472 -0.447287 0.0368061 0.893633 143.498
0.893519 -0.00718947 0.448968 36.1533 0.0225633 0.999328 -0.0289021 -5.99166 -0.448459 0.0359548 0.89308 144.175
0.892576 -0.00540398 0.450866 36.5238 0.0203891 0.999389 -0.0283857 -6.02981 -0.450437 0.0345291 0.89214 144.891
0.892517 -0.00421357 0.450994 36.9032 0.0199003 0.99935 -0.0300459 -6.06306 -0.450574 0.0357914 0.892021 145.56
0.891389 -0.000215817 0.45324 37.2334 0.0168902 0.999321 -0.0327421 -6.1005 -0.452925 0.0368412 0.890787 146.297
0.891007 0.000877812 0.453988 37.5953 0.01646 0.999278 -0.0342369 -6.14056 -0.45369 0.037978 0.89035 146.984
0.89066 0.00134298 0.454667 37.9418 0.0158365 0.999297 -0.0339743 -6.18212 -0.454393 0.0374599 0.890013 147.698
0.889964 0.000872373 0.45603 38.3088 0.0155036 0.999362 -0.0321678 -6.22093 -0.455767 0.0356983 0.889383 148.405
0.889343 0.000482876 0.45724 38.6799 0.0153756 0.999402 -0.0309614 -6.25932 -0.456982 0.0345656 0.888804 149.143
0.889517 0.00165716 0.4569 39.0616 0.0143378 0.9994 -0.0315383 -6.302 -0.456678 0.0346048 0.888959 149.861
0.889458 0.00411497 0.456998 39.4178 0.0126776 0.999353 -0.033673 -6.33927 -0.45684 0.0357443 0.88883 150.559
0.889821 0.00458318 0.456287 39.8025 0.0130939 0.999281 -0.0355722 -6.38494 -0.456122 0.0376275 0.889122 151.305
0.890752 0.00644841 0.454445 40.1853 0.0111848 0.999286 -0.0361027 -6.4242 -0.454353 0.0372415 0.890043 152.005
0.891313 0.00552691 0.453354 40.536 0.0120683 0.999282 -0.0359091 -6.46932 -0.453227 0.0374775 0.890607 152.742
0.891991 0.00528381 0.452022 40.9045 0.0117138 0.999326 -0.0347966 -6.51221 -0.451902 0.0363331 0.891328 153.497
0.89337 0.00478731 0.449297 41.2534 0.011064 0.999406 -0.0326481 -6.55514 -0.449186 0.0341378 0.892786 154.209
0.894806 0.00474604 0.44643 41.6206 0.00992787 0.999485 -0.0305246 -6.59818 -0.446345 0.0317457 0.894298 154.954
0.895921 0.0052199 0.444183 41.9768 0.00876797 0.999528 -0.0294312 -6.64085 -0.444128 0.0302626 0.895452 155.697
0.897524 0.00482767 0.44094 42.3264 0.00868848 0.999552 -0.0286289 -6.68102 -0.440881 0.0295262 0.89708 156.418
0.899313 0.00505174 0.437277 42.6819 0.00816135 0.999565 -0.0283325 -6.71955 -0.43723 0.0290486 0.898881 157.154
0.901162 0.00565433 0.433446 43.0254 0.00734514 0.999572 -0.0283105 -6.75682 -0.433421 0.0286961 0.900735 157.88
0.903492 0.003188 0.428593 43.3721 0.00968285 0.999565 -0.0278469 -6.79591 -0.428495 0.0293095 0.903068 158.622
0.905759 0.00255704 0.423786 43.7115 0.0100787 0.999569 -0.0275725 -6.83054 -0.423673 0.0292453 0.905343 159.341
0.907773 0.00277916 0.419452 44.0442 0.0100307 0.999548 -0.028331 -6.8684 -0.419341 0.0299255 0.907336 160.075
0.909902 0.00398315 0.414805 44.3823 0.00890245 0.999536 -0.0291261 -6.90878 -0.414729 0.0301947 0.909444 160.833
0.911887 0.00356696 0.410426 44.7144 0.0101486 0.999461 -0.0312345 -6.95025 -0.410316 0.0326476 0.911359 161.578
0.913212 0.00559686 0.407446 45.0358 0.00840308 0.999434 -0.0325626 -6.99124 -0.407398 0.0331603 0.912649 162.309
0.91473 0.00695662 0.404005 45.3645 0.00718879 0.999413 -0.0334856 -7.03345 -0.404001 0.0335346 0.914144 163.074
0.916235 0.00877433 0.400544 45.6757 0.00487162 0.999442 -0.0330375 -7.06754 -0.400611 0.0322214 0.915682 163.801
0.917821 0.00710878 0.396931 46.0023 0.00555756 0.999512 -0.0307513 -7.10772 -0.396956 0.0304302 0.917333 164.567
0.919284 0.00584135 0.393552 46.3234 0.00600319 0.999566 -0.0288588 -7.14706 -0.393549 0.028892 0.91885 165.321
0.920732 0.00677641 0.390136 46.6275 0.00481493 0.999576 -0.0287253 -7.18586 -0.390165 0.0283268 0.920309 166.062
0.922218 0.00795116 0.38659 46.9501 0.00380313 0.999554 -0.0296307 -7.22338 -0.386653 0.0287962 0.921776 166.842
0.924101 0.00669629 0.38209 47.2597 0.00537514 0.99952 -0.030517 -7.27047 -0.382111 0.0302546 0.923621 167.608
0.925713 0.00654342 0.378171 47.5637 0.00542557 0.999518 -0.0305755 -7.30518 -0.378189 0.030356 0.925231 168.346
0.927561 0.00719246 0.373603 47.8669 0.00477947 0.999505 -0.0311083 -7.34723 -0.373641 0.0306405 0.927067 169.126
0.929167 0.0101192 0.369523 48.1603 0.00177565 0.999492 -0.0318353 -7.38296 -0.369657 0.0302364 0.928676 169.899
0.931314 0.0092157 0.3641 48.4628 0.00256829 0.999489 -0.0318673 -7.42703 -0.364207 0.0306136 0.930815 170.668
0.932936 0.0089828 0.359931 48.7539 0.00228776 0.999521 -0.0308749 -7.46579 -0.360036 0.0296277 0.932468 171.455
0.934629 0.00904364 0.355508 49.0443 0.00140321 0.999575 -0.0291168 -7.50968 -0.355621 0.0277123 0.93422 172.215
0.936265 0.00890219 0.351183 49.3341 0.000861329 0.999618 -0.0276358 -7.54794 -0.351295 0.0261769 0.935899 173.01
0.937842 0.00900345 0.346945 49.6232 0.000490951 0.999628 -0.0272681 -7.58488 -0.347061 0.0257435 0.937489 173.809
0.939021 0.00756976 0.343776 49.8998 0.00168229 0.999645 -0.0266068 -7.62361 -0.343855 0.0255627 0.938675 174.581
0.94054 0.00733562 0.339603 50.1881 0.00180826 0.999645 -0.0266009 -7.661 -0.339678 0.0256333 0.940193 175.384
0.941702 0.00898109 0.336328 50.4613 -5.76982e-05 0.999648 -0.0265324 -7.69877 -0.336447 0.0249663 0.941371 176.174
0.943219 0.00823549 0.332069 50.7379 0.000657852 0.999644 -0.0266603 -7.7407 -0.332171 0.0253649 0.942878 176.97
0.945153 0.00762423 0.326539 51.0161 0.00111579 0.999646 -0.02657 -7.77767 -0.326626 0.025477 0.94481 177.775
0.946715 0.0064538 0.322009 51.2802 0.00242451 0.999628 -0.027163 -7.81766 -0.322064 0.0264963 0.946347 178.564
0.948398 0.00722917 0.316999 51.5439 0.00170694 0.999609 -0.027903 -7.85479 -0.317076 0.0270043 0.948016 179.376
0.949618 0.00794667 0.313309 51.7988 0.00112948 0.999585 -0.0287765 -7.89601 -0.313408 0.0276806 0.949215 180.188
0.950847 0.00988898 0.309505 52.0551 -0.00096943 0.99958 -0.0289593 -7.93196 -0.309661 0.0272358 0.950457 180.986
0.952177 0.00941179 0.305403 52.3136 -0.000846184 0.999603 -0.0281672 -7.97412 -0.305546 0.0265617 0.951807 181.807
0.953383 0.00929708 0.301622 52.5583 -0.0010547 0.999622 -0.0274782 -8.0124 -0.301763 0.0258792 0.953032 182.615
0.954691 0.00862487 0.297473 52.8084 -0.000739257 0.999646 -0.0266109 -8.05189 -0.297598 0.0251853 0.954359 183.431
0.955514 0.00809408 0.294835 53.0536 -0.000454363 0.999663 -0.0259711 -8.09338 -0.294946 0.0246818 0.955195 184.242
0.95629 0.0079343 0.292312 53.2931 -0.000304012 0.999658 -0.0261394 -8.13202 -0.292419 0.024908 0.955966 185.038
0.956732 0.00812346 0.290857 53.5382 -0.000382802 0.999645 -0.0266603 -8.17402 -0.29097 0.0253954 0.956395 185.867
0.957235 0.00786593 0.289205 53.7721 -1.10492e-05 0.999631 -0.0271518 -8.21091 -0.289312 0.0259875 0.956882 186.653
0.957352 0.007034 0.288837 54.0202 0.000776573 0.999637 -0.0269179 -8.25219 -0.288922 0.0259943 0.957 187.467
0.957193 0.00633064 0.28938 54.2538 0.00118861 0.999667 -0.0258008 -8.29 -0.289447 0.0250403 0.956867 188.262
0.956735 0.00552445 0.29091 54.4845 0.00169644 0.999697 -0.0245636 -8.32641 -0.290958 0.0239944 0.956435 189.05
0.956988 0.0036367 0.290104 54.7317 0.00323575 0.999725 -0.0232064 -8.36548 -0.290109 0.023147 0.956714 189.854
0.956845 0.00059375 0.290597 54.9724 0.00625511 0.999724 -0.0226387 -8.40511 -0.290531 0.0234795 0.956578 190.638
0.956806 -0.000858138 0.290725 55.2044 0.00788599 0.999704 -0.0230028 -8.44114 -0.290619 0.0243019 0.95653 191.42
0.956898 -0.00207097 0.290416 55.4436 0.00946887 0.999665 -0.0240705 -8.47936 -0.290269 0.0257829 0.956598 192.199
0.956778 -0.00202905 0.290811 55.671 0.009579 0.999653 -0.0245404 -8.51488 -0.290661 0.0262654 0.956466 192.974
0.956915 -0.00346507 0.290347 55.9061 0.010902 0.999653 -0.0240002 -8.5496 -0.290163 0.0261315 0.95662 193.741
0.957053 -0.00475391 0.289875 56.1376 0.0117723 0.999678 -0.0224731 -8.58199 -0.289675 0.0249204 0.956801 194.5
0.956792 -0.00433183 0.290741 56.3639 0.0112043 0.999696 -0.0219772 -8.62151 -0.290558 0.0242852 0.956549 195.271
0.956695 -0.0039119 0.291065 56.5831 0.0110355 0.999678 -0.0228367 -8.65427 -0.290882 0.0250598 0.956431 196.008
0.956394 -0.00156374 0.292075 56.8072 0.00940014 0.999633 -0.0254286 -8.69377 -0.291928 0.0270653 0.956057 196.75
0.956313 -0.00104445 0.292344 57.0263 0.00974457 0.999552 -0.0283053 -8.72845 -0.292183 0.0299175 0.955894 197.488
0.956139 -0.00172036 0.29291 57.2439 0.0109115 0.999498 -0.0297476 -8.76906 -0.292712 0.0316389 0.955677 198.208
0.955795 -0.00265833 0.294021 57.4649 0.011993 0.999479 -0.0299498 -8.80819 -0.293788 0.0321521 0.95533 198.945
0.955622 -0.00207373 0.294589 57.6776 0.0111635 0.999512 -0.0291774 -8.84068 -0.294385 0.0311712 0.955179 199.645
0.954982 -0.00372005 0.29664 57.8958 0.012648 0.999523 -0.0281835 -8.87831 -0.296393 0.0306666 0.954574 200.354
0.954463 -0.00266307 0.298317 58.1175 0.0112518 0.99957 -0.027077 -8.91817 -0.298116 0.0292007 0.954083 201.074
0.953833 -0.00253551 0.300328 58.3238 0.0112876 0.999561 -0.0274104 -8.95123 -0.300127 0.0295349 0.953442 201.735
0.953096 -0.00133595 0.302665 58.5312 0.00987176 0.999596 -0.0266741 -8.98688 -0.302507 0.0284108 0.952724 202.411
0.95242 -0.00251089 0.304778 58.7481 0.0106524 0.999629 -0.0250531 -9.01989 -0.304602 0.0271077 0.952094 203.086
0.951482 -0.00200519 0.307697 58.9522 0.00939714 0.999702 -0.0225436 -9.05209 -0.30756 0.0243413 0.951217 203.721
0.950512 -0.00324847 0.310672 59.1605 0.00972572 0.999766 -0.0193024 -9.08318 -0.310537 0.0213686 0.950321 204.375
0.949931 -0.00554746 0.312411 59.3633 0.0116201 0.999778 -0.0175796 -9.11292 -0.312244 0.0203296 0.949785 204.99
0.949079 -0.00644245 0.314973 59.5622 0.0126296 0.999765 -0.0176065 -9.14014 -0.314785 0.0206879 0.948937 205.58
0.948101 -0.00781148 0.317875 59.7564 0.0136625 0.999776 -0.0161815 -9.17025 -0.317677 0.0196846 0.947995 206.158
0.947189 -0.00680204 0.320603 59.9414 0.0126214 0.999791 -0.0160768 -9.1905 -0.320427 0.0192743 0.947077 206.709
0.946235 -0.00580708 0.323428 60.1209 0.0117848 0.999794 -0.016527 -9.21701 -0.323265 0.01945 0.946109 207.235
0.945145 -0.00633385 0.326589 60.2875 0.0121941 0.999799 -0.0158997 -9.23639 -0.326422 0.01901 0.945033 207.711
0.944056 -0.00624921 0.329727 60.4449 0.0124097 0.999786 -0.0165821 -9.26037 -0.329553 0.0197463 0.943931 208.17
0.94207 -0.00539304 0.335374 60.6103 0.01184 0.999782 -0.0171816 -9.2797 -0.335208 0.0201571 0.941928 208.619
0.940794 -0.00525684 0.338939 60.7606 0.0123401 0.999748 -0.0187467 -9.30116 -0.338755 0.0218193 0.940622 209.043
0.939341 -0.00312127 0.34297 60.918 0.010702 0.999738 -0.0202127 -9.31945 -0.342817 0.0226571 0.939129 209.467
0.937892 -0.00393947 0.346906 61.0731 0.0121511 0.999695 -0.021499 -9.34069 -0.346716 0.024379 0.937653 209.886
0.936463 -0.00429636 0.350741 61.2399 0.0127439 0.999682 -0.0217802 -9.3601 -0.350536 0.0248661 0.936219 210.296
0.935335 -0.00755117 0.353684 61.3974 0.0159831 0.999653 -0.0209254 -9.38033 -0.353404 0.0252252 0.935131 210.698
0.935011 -0.00749658 0.35454 61.5548 0.0156148 0.999677 -0.0200424 -9.39706 -0.354275 0.024276 0.934826 211.118
0.935383 -0.00862555 0.353531 61.7024 0.0167433 0.999662 -0.0199099 -9.41543 -0.35324 0.0245427 0.935211 211.511
0.936597 -0.00996026 0.350267 61.8553 0.0187709 0.999587 -0.021768 -9.43173 -0.349906 0.0269627 0.936397 211.916
0.939126 -0.0118549 0.343368 61.9941 0.0208909 0.999526 -0.0226285 -9.4549 -0.342937 0.0284243 0.938928 212.303
0.94263 -0.0149126 0.333508 62.1285 0.0237003 0.99947 -0.0222959 -9.46766 -0.332999 0.028921 0.942484 212.691
0.947265 -0.0160855 0.320047 62.2536 0.0243388 0.999466 -0.0218042 -9.48988 -0.319525 0.0284439 0.947151 213.073
0.953206 -0.0166457 0.301864 62.3566 0.0251468 0.999389 -0.0242978 -9.50597 -0.301275 0.0307517 0.953041 213.452
0.959902 -0.0137856 0.279997 62.4464 0.0223461 0.999375 -0.0274042 -9.52509 -0.279444 0.0325622 0.95961 213.819
0.967577 -0.0118836 0.252296 62.5192 0.0195651 0.999418 -0.0279595 -9.54466 -0.251816 0.0319891 0.967246 214.208
0.975332 -0.0123175 0.2204 62.586 0.0183967 0.999504 -0.0255513 -9.56174 -0.219976 0.0289756 0.975075 214.578
0.982664 -0.0153606 0.184761 62.6329 0.0197104 0.99957 -0.0217293 -9.57138 -0.184348 0.0249943 0.982543 214.954
0.989148 -0.0162825 0.146019 62.6565 0.0194175 0.99961 -0.0200703 -9.58597 -0.145635 0.0226878 0.989078 215.32
0.994369 -0.0166899 0.104651 62.6642 0.0189323 0.999611 -0.020471 -9.60361 -0.104269 0.022337 0.994298 215.693
0.998092 -0.017718 0.059143 62.6469 0.0190577 0.999573 -0.0221655 -9.62034 -0.058725 0.0232503 0.998003 216.042
0.999645 -0.0236884 0.0121929 62.6195 0.0239678 0.999441 -0.0233017 -9.64564 -0.0116341 0.0235857 0.999654 216.405
0.998931 -0.0292644 -0.035795 62.5878 0.0283584 0.999271 -0.0255592 -9.66715 0.0365169 0.0245168 0.999032 216.749
0.995896 -0.0328484 -0.0843357 62.5273 0.0305931 0.999143 -0.0278963 -9.68248 0.0851798 0.0252017 0.996047 217.094
0.990241 -0.03464 -0.134994 62.4447 0.0303773 0.998977 -0.0335102 -9.69174 0.136017 0.0290824 0.99028 217.422
0.981145 -0.0330562 -0.190427 62.3582 0.0265412 0.998975 -0.0366626 -9.70743 0.191444 0.0309171 0.981016 217.77
0.969546 -0.0364226 -0.242186 62.2333 0.0284251 0.998932 -0.0364361 -9.7294 0.243254 0.0284423 0.969545 218.123
0.95538 -0.0402468 -0.292624 62.0993 0.03048 0.998818 -0.0378616 -9.75225 0.293802 0.0272531 0.955478 218.475
0.936676 -0.0435752 -0.347475 61.9637 0.0313401 0.998678 -0.040757 -9.77518 0.348792 0.0272862 0.936803 218.787
0.917171 -0.0495323 -0.395404 61.7799 0.0347149 0.998404 -0.044546 -9.79482 0.39698 0.0271299 0.917426 219.119
0.895137 -0.0514006 -0.442818 61.5882 0.03498 0.998367 -0.045176 -9.81254 0.444416 0.024949 0.895473 219.443
0.869058 -0.0506683 -0.492109 61.3946 0.0339531 0.998505 -0.0428469 -9.83364 0.493544 0.0205278 0.869478 219.758
0.842804 -0.0484066 -0.53604 61.1429 0.0308565 0.998655 -0.0416676 -9.85729 0.537336 0.0185773 0.843164 220.056
0.813506 -0.0447254 -0.579834 60.8943 0.0264697 0.998853 -0.0399093 -9.87482 0.580954 0.0171184 0.813757 220.341
0.781843 -0.040675 -0.622147 60.6168 0.0226499 0.999064 -0.0368534 -9.90521 0.623064 0.0147221 0.782032 220.629
0.748439 -0.0368126 -0.662181 60.3321 0.0187805 0.999234 -0.0343234 -9.92316 0.662938 0.0132529 0.748557 220.895
0.71152 -0.035792 -0.701754 60.0585 0.0179287 0.999301 -0.0327899 -9.94763 0.702438 0.0107491 0.711664 221.158
0.674088 -0.0367273 -0.737738 59.7366 0.0170462 0.999271 -0.0341718 -9.96021 0.738454 0.0104592 0.674222 221.404
0.634864 -0.0362836 -0.771771 59.4107 0.0165779 0.999306 -0.0333436 -9.98454 0.772446 0.0083743 0.635026 221.631
0.59879 -0.0325151 -0.800246 59.0656 0.0132547 0.999441 -0.0306907 -9.99888 0.800796 0.00777029 0.598886 221.846
0.563606 -0.0283789 -0.825556 58.6862 0.0104078 0.999574 -0.0272554 -10.0218 0.825978 0.00676907 0.563662 222.057
0.53133 -0.0244434 -0.846812 58.3234 0.00781537 0.999683 -0.0239523 -10.0408 0.847129 0.00610846 0.531353 222.257
0.501896 -0.0215104 -0.864661 57.9306 0.00498448 0.999746 -0.0219777 -10.0525 0.864914 0.00672061 0.501876 222.453
0.474942 -0.0188207 -0.879816 57.544 0.00255567 0.999797 -0.0200076 -10.0741 0.880013 0.00725396 0.474894 222.652
0.454098 -0.0150252 -0.890825 57.1151 0.000249706 0.99986 -0.016737 -10.0841 0.890952 0.0073778 0.454038 222.839
0.436326 -0.00909998 -0.899743 56.6885 -0.0030508 0.999928 -0.0115927 -10.0974 0.899783 0.00780314 0.436267 223.032
0.422868 -0.0049251 -0.906178 56.2401 -0.00445754 0.999962 -0.00751492 -10.1078 0.90618 0.00721714 0.42283 223.223
0.413586 -0.00223484 -0.910462 55.7669 -0.00276204 0.999989 -0.00370928 -10.1211 0.910461 0.00404884 0.413576 223.423
0.40647 0.000780882 -0.913664 55.291 -0.000617145 1 0.000580118 -10.1336 0.913664 0.000328062 0.40647 223.631
0.402595 0.00223715 -0.915376 54.8023 -0.0011217 0.999997 0.00195063 -10.1431 0.915377 0.000241464 0.402597 223.839
0.398217 0.00210696 -0.917289 54.3225 -0.00412259 0.999991 0.000507212 -10.153 0.917282 0.00357963 0.398222 224.051
0.396363 0.00151277 -0.918093 53.8156 -0.0084969 0.999962 -0.00202064 -10.1514 0.918055 0.00860185 0.39636 224.253
0.396266 -0.0019561 -0.918134 53.3243 -0.00589425 0.999972 -0.00467441 -10.1618 0.918117 0.00726402 0.396243 224.476
0.397545 -0.0074817 -0.917552 52.8043 -0.00336332 0.999948 -0.00961076 -10.1776 0.917576 0.00690673 0.3975 224.712
0.399069 -0.0106197 -0.916859 52.2728 -0.000896145 0.999928 -0.0119719 -10.1859 0.91692 0.00559927 0.399031 224.946
0.399556 -0.00888621 -0.916666 51.7341 -0.000615678 0.99995 -0.00996193 -10.1988 0.916709 0.00454472 0.399531 225.191
0.40157 -0.00386115 -0.91582 51.1742 -0.00215376 0.999984 -0.00516038 -10.2029 0.915826 0.00404471 0.401556 225.425
0.403264 0.00269881 -0.91508 50.615 -0.0041913 0.999991 0.00110218 -10.2131 0.915074 0.0033909 0.403272 225.673
0.406045 0.00579591 -0.913835 50.0405 -0.00588616 0.999976 0.00372685 -10.2276 0.913834 0.00386571 0.406069 225.929
0.406432 0.00527771 -0.913666 49.471 -0.00603968 0.999977 0.00308961 -10.2399 0.913661 0.00426254 0.406454 226.194
0.408118 0.00184056 -0.912928 48.8998 -0.00663134 0.999978 -0.000948428 -10.2523 0.912905 0.006441 0.408121 226.454
0.412033 -0.00119235 -0.911168 48.3074 -0.0101808 0.999931 -0.0059123 -10.2568 0.911112 0.0117125 0.411992 226.701
0.415128 -0.000811569 -0.909763 47.7271 -0.0135032 0.999884 -0.00705353 -10.2663 0.909663 0.0152128 0.415069 226.959
0.420695 0.000707603 -0.907202 47.1285 -0.0132264 0.999898 -0.00535354 -10.2783 0.907106 0.0142512 0.420662 227.22
0.423183 0.00330891 -0.906039 46.5452 -0.0130643 0.999912 -0.00245018 -10.294 0.90595 0.0128736 0.423188 227.507
0.425958 0.00588705 -0.904724 45.9606 -0.0156192 0.999878 -0.000847561 -10.3064 0.904608 0.0144921 0.425998 227.785
0.429983 0.00784287 -0.902803 45.3555 -0.0194689 0.99981 -0.000586974 -10.3202 0.902627 0.017829 0.430054 228.064
0.433104 0.00633057 -0.901322 44.7509 -0.01904 0.999816 -0.00212673 -10.3327 0.901143 0.0180822 0.433145 228.346
0.436177 0.00299455 -0.899856 44.156 -0.0173043 0.999837 -0.00506047 -10.3503 0.899695 0.0177787 0.436158 228.653
0.439829 0.00252499 -0.898078 43.5459 -0.0169474 0.999841 -0.00548881 -10.3602 0.897922 0.0176342 0.439802 228.948
0.44488 0.00332252 -0.895584 42.9326 -0.0174455 0.999836 -0.00495671 -10.3712 0.89542 0.017829 0.444865 229.245
0.450815 0.00587086 -0.892598 42.3132 -0.0192331 0.99981 -0.00313783 -10.3849 0.89241 0.018582 0.450842 229.557
0.457341 0.00587211 -0.889272 41.6993 -0.0182755 0.999829 -0.00279667 -10.4018 0.889104 0.0175309 0.45737 229.87
0.463365 0.00532117 -0.886152 41.0973 -0.0190354 0.999811 -0.00394984 -10.4177 0.885963 0.0186984 0.463379 230.194
0.470027 0.00518925 -0.882637 40.4781 -0.0190278 0.99981 -0.00425463 -10.4287 0.882447 0.0187944 0.470036 230.521
0.476477 0.00648468 -0.879163 39.8484 -0.019087 0.999813 -0.00296991 -10.4429 0.87898 0.0181957 0.476512 230.853
0.482902 0.00690881 -0.875647 39.2441 -0.0187109 0.999822 -0.00243014 -10.4578 0.875474 0.0175576 0.482946 231.2
