1 9.31323e-10 -3.63798e-12 0 -9.31323e-10 1 -4.65661e-10 7.45058e-09 -1.81899e-11 -9.31323e-10 1 0
1 5.38034e-05 -0.000855233 -0.0137655 -5.38304e-05 1 -3.1095e-05 -0.0532383 0.000855231 3.11402e-05 1 1.64323
0.999997 0.00201902 -0.00127467 -0.0173536 -0.00201921 0.999998 -0.000146253 -0.0982806 0.00127437 0.000148826 0.999999 3.28464
0.999994 0.00301563 -0.00145389 -0.0509295 -0.00301671 0.999995 -0.0007461 -0.137928 0.00145163 0.00075048 0.999999 4.86507
0.999989 0.00466795 0.000550902 -0.0643037 -0.00466713 0.999988 -0.00147086 -0.181782 -0.000557762 0.00146827 0.999999 6.41496
0.999974 0.0070916 0.0012242 -0.0882187 -0.00708909 0.999973 -0.00203705 -0.226517 -0.00123862 0.00202832 0.999997 7.98545
0.999945 0.00950476 0.00451246 -0.0880421 -0.00949296 0.999951 -0.00262952 -0.266861 -0.00453723 0.00258654 0.999986 9.53556
0.999896 0.0102585 0.0101036 -0.0917981 -0.0102248 0.999942 -0.00337948 -0.312128 -0.0101377 0.00327582 0.999943 11.0404
0.999847 0.0107894 0.0137481 -0.0837815 -0.0107618 0.99994 -0.00208584 -0.351881 -0.0137697 0.00193756 0.999903 12.5454
0.999762 0.0100602 0.0193493 -0.0652683 -0.0100338 0.999949 -0.00146298 -0.397529 -0.019363 0.00126848 0.999812 13.9811
0.999606 0.0104956 0.0260382 -0.058571 -0.0104538 0.999944 -0.00174203 -0.44367 -0.026055 0.00146914 0.999659 15.4059
0.999219 0.0123391 0.0375554 -0.0195412 -0.0122605 0.999922 -0.00232407 -0.486744 -0.0375812 0.00186181 0.999292 16.8921
0.998659 0.0143137 0.0497471 0.0317989 -0.0141942 0.999896 -0.00275484 -0.522559 -0.0497813 0.00204502 0.998758 18.2187
0.99794 0.016094 0.0621087 0.0833743 -0.0159702 0.999869 -0.00248912 -0.567863 -0.0621407 0.0014921 0.998066 19.5887
0.996675 0.0179859 0.0794717 0.172375 -0.0178257 0.999837 -0.00272375 -0.60362 -0.0795077 0.00129805 0.996833 20.9424
0.994895 0.0196196 0.0989949 0.292737 -0.0194106 0.999807 -0.00307427 -0.649005 -0.099036 0.00113702 0.995083 22.2254
0.99255 0.0212026 0.119983 0.411752 -0.0210629 0.999775 -0.00243256 -0.682361 -0.120007 -0.000112738 0.992773 23.5467
0.989934 0.0185838 0.140307 0.55924 -0.0184677 0.999827 -0.00213009 -0.725346 -0.140323 -0.000482498 0.990106 24.7684
0.986384 0.0197061 0.163275 0.779547 -0.0188934 0.9998 -0.00652931 -0.762132 -0.163371 0.00335558 0.986559 25.9974
0.982177 0.0155 0.187319 0.978758 -0.0138935 0.999855 -0.00988642 -0.810252 -0.187445 0.0071077 0.98225 27.2504
0.977625 0.0114447 0.210044 1.24898 -0.00980053 0.999913 -0.00886702 -0.839221 -0.210127 0.00661007 0.977652 28.4582
0.972552 0.00230052 0.232675 1.51234 -0.000894104 0.999981 -0.00614985 -0.882318 -0.232685 0.00577301 0.972535 29.6353
0.966532 -0.000113763 0.256546 1.84017 0.00203667 0.999972 -0.00722969 -0.920649 -0.256538 0.00751023 0.966505 30.8567
0.959775 -0.00365308 0.280746 2.16584 0.00657064 0.999934 -0.00945159 -0.954723 -0.280693 0.0109161 0.959736 31.9944
0.952409 -0.00474012 0.304785 2.52267 0.00883477 0.999888 -0.0120568 -0.992832 -0.304694 0.0141757 0.952345 33.1522
0.944574 -0.00421264 0.328273 2.88584 0.00918121 0.999866 -0.0135871 -1.03301 -0.328171 0.0158479 0.944485 34.286
0.935025 -0.00499414 0.354546 3.32406 0.0103019 0.999861 -0.0130845 -1.07453 -0.354432 0.0158869 0.934947 35.4424
0.926081 -0.00715929 0.377257 3.77537 0.0124214 0.999857 -0.0115173 -1.1185 -0.377121 0.015352 0.926037 36.5651
0.915541 -0.00853996 0.402133 4.24309 0.014356 0.999831 -0.0114514 -1.15706 -0.401967 0.0162572 0.91551 37.6759
0.904016 -0.00669262 0.427446 4.74494 0.0138151 0.999813 -0.0135636 -1.20296 -0.427275 0.0181669 0.903939 38.7204
0.892046 -0.00375292 0.45193 5.27593 0.0125945 0.999784 -0.0165573 -1.24197 -0.45177 0.0204617 0.8919 39.8153
0.878125 -0.000965266 0.47843 5.83735 0.011652 0.999745 -0.0193693 -1.28995 -0.478289 0.0225833 0.877912 40.8514
0.864061 0.00120241 0.503387 6.42698 0.0106819 0.999728 -0.0207233 -1.34159 -0.503275 0.0232833 0.863813 41.9076
0.847898 0.00269154 0.530154 7.03538 0.0102057 0.999719 -0.021398 -1.39259 -0.530062 0.0235539 0.847632 42.949
0.832772 0.00621261 0.553581 7.69419 0.00865915 0.999669 -0.0242451 -1.44116 -0.553548 0.0249842 0.832442 43.9189
0.816739 0.00794466 0.576953 8.33433 0.00946145 0.999586 -0.027158 -1.50418 -0.57693 0.0276398 0.816326 44.8397
0.799054 0.0118462 0.601143 9.04388 0.0079723 0.999509 -0.0302935 -1.5575 -0.601207 0.0289986 0.798567 45.8127
0.780413 0.013387 0.625122 9.77642 0.00893271 0.99943 -0.0325546 -1.62052 -0.625201 0.0309901 0.779848 46.75
0.761977 0.0146858 0.647438 10.5224 0.0101114 0.999351 -0.0345686 -1.68593 -0.647525 0.032887 0.761334 47.6275
0.741754 0.016853 0.670461 11.327 0.0110182 0.999243 -0.0373072 -1.75183 -0.670582 0.03506 0.741007 48.5382
0.721165 0.0177515 0.692536 12.1053 0.0132968 0.999133 -0.0394568 -1.82046 -0.692636 0.0376634 0.720303 49.3659
0.699776 0.0196369 0.714093 12.9508 0.0149907 0.998998 -0.0421617 -1.89575 -0.714205 0.0402085 0.698781 50.2119
0.678563 0.0226415 0.734193 13.7979 0.0154922 0.998861 -0.0451218 -1.96493 -0.734379 0.0419922 0.67744 51.004
0.656416 0.0256516 0.753963 14.6786 0.0158624 0.998732 -0.0477893 -2.04082 -0.754232 0.0433293 0.655177 51.7859
0.632507 0.027066 0.774082 15.5574 0.0168377 0.998673 -0.0486771 -2.1172 -0.774372 0.0438224 0.631211 52.5277
0.607595 0.029708 0.793691 16.5086 0.0162105 0.998628 -0.0497885 -2.19991 -0.794081 0.0431174 0.60628 53.2828
0.584208 0.0320352 0.810972 17.4824 0.0167313 0.998533 -0.0514971 -2.27995 -0.811432 0.0436536 0.582815 53.9805
0.557713 0.0340852 0.829334 18.4706 0.0188714 0.998378 -0.0537236 -2.36545 -0.829819 0.045613 0.556165 54.6814
0.534256 0.037689 0.844482 19.4208 0.0185694 0.998241 -0.056299 -2.44475 -0.845119 0.0457596 0.532617 55.282
0.508756 0.0400211 0.85998 20.4697 0.0201001 0.998095 -0.0583396 -2.53619 -0.860676 0.0469663 0.506983 55.8972
0.483447 0.042028 0.874364 21.5235 0.0215715 0.997972 -0.0598966 -2.62431 -0.875108 0.0478182 0.48156 56.5069
0.458786 0.0441447 0.88745 22.5785 0.0233598 0.997821 -0.0617112 -2.72027 -0.88824 0.0490428 0.456755 57.0645
0.434131 0.045409 0.899705 23.6633 0.0244352 0.997768 -0.062149 -2.81413 -0.900518 0.0489652 0.432052 57.5995
0.407511 0.0461567 0.912033 24.7738 0.0243535 0.997817 -0.0613796 -2.91097 -0.912876 0.047224 0.405497 58.1087
0.382318 0.0468803 0.922841 25.9047 0.0250209 0.997821 -0.061055 -3.00629 -0.923692 0.0464327 0.380312 58.6028
0.357951 0.0502839 0.932386 26.9953 0.0241237 0.997718 -0.0630686 -3.10515 -0.933429 0.045068 0.355921 59.032
0.33379 0.0531667 0.941147 28.1492 0.0251948 0.997548 -0.0652886 -3.20244 -0.942311 0.0455047 0.331632 59.4442
0.311325 0.0550139 0.94871 29.2876 0.0278257 0.997367 -0.0669666 -3.30391 -0.949896 0.0472469 0.308974 59.8314
0.289963 0.0561694 0.955388 30.4206 0.031378 0.997182 -0.0681498 -3.40601 -0.956524 0.049739 0.287383 60.1774
0.269986 0.0580285 0.961114 31.594 0.0365712 0.996844 -0.0704589 -3.51292 -0.96217 0.054172 0.267011 60.5116
0.253053 0.0608761 0.965535 32.7224 0.0407883 0.99646 -0.0735159 -3.61305 -0.966592 0.0579859 0.249674 60.813
0.236981 0.0646465 0.969361 33.9511 0.0444459 0.996018 -0.0772899 -3.72493 -0.970497 0.0614004 0.233164 61.1046
0.224505 0.0676466 0.972122 35.137 0.0471973 0.995662 -0.0801845 -3.83723 -0.973329 0.0638833 0.220338 61.375
0.213221 0.0690269 0.974563 36.3328 0.0491327 0.995481 -0.0812581 -3.94665 -0.975768 0.0652088 0.208866 61.6342
0.202844 0.0687533 0.976795 37.6087 0.0520315 0.995366 -0.0808655 -4.05939 -0.977828 0.0672271 0.198326 61.9195
0.194785 0.0694007 0.978388 38.8035 0.0538283 0.995234 -0.0813122 -4.1761 -0.979368 0.0685034 0.190121 62.1528
0.18585 0.0697025 0.980103 40.1207 0.0556327 0.995134 -0.0813208 -4.29276 -0.981002 0.0696392 0.181068 62.3984
0.178004 0.0693211 0.981585 41.4313 0.0588526 0.99498 -0.0809397 -4.41454 -0.982268 0.0721765 0.173031 62.6436
0.171646 0.068562 0.98277 42.7177 0.062058 0.994842 -0.0802429 -4.5362 -0.983202 0.0747622 0.166506 62.8543
0.165054 0.0672996 0.983986 44.0174 0.0650006 0.994758 -0.0789396 -4.65485 -0.98414 0.0769889 0.159814 63.0673
0.159296 0.0651922 0.985076 45.3797 0.0673957 0.994771 -0.0767324 -4.77472 -0.984928 0.0786131 0.15407 63.2906
0.154344 0.064059 0.985938 46.7126 0.0692448 0.994741 -0.0754709 -4.89038 -0.985588 0.0799196 0.149097 63.5068
0.148894 0.0668078 0.986594 48.0273 0.0668516 0.994753 -0.0774493 -5.01267 -0.986591 0.0774871 0.143646 63.6996
0.141534 0.0702583 0.987437 49.4913 0.0631341 0.994807 -0.079832 -5.14255 -0.987918 0.0736399 0.136363 63.8996
0.136462 0.0705364 0.988131 50.7972 0.0612328 0.994954 -0.0794797 -5.26049 -0.988751 0.071352 0.131454 64.0869
0.129997 0.0688457 0.989122 52.2612 0.0603577 0.995187 -0.0772004 -5.39071 -0.989676 0.069737 0.125216 64.2901
0.124216 0.0673421 0.989968 53.6701 0.0608561 0.995299 -0.0753407 -5.51192 -0.990387 0.0696041 0.119534 64.4671
0.118717 0.0670296 0.990663 55.0907 0.0619866 0.995273 -0.0747697 -5.6367 -0.990992 0.0702843 0.114001 64.6429
0.112462 0.0671134 0.991387 56.569 0.0636229 0.995183 -0.0745877 -5.76624 -0.991617 0.0714633 0.10765 64.8043
0.10825 0.0662488 0.991914 58.0152 0.0646913 0.995193 -0.0735277 -5.88884 -0.992017 0.0721276 0.103444 64.9589
0.106333 0.0639359 0.992273 59.4911 0.0673063 0.995179 -0.0713357 -6.01485 -0.99205 0.0743716 0.101517 65.1114
0.104343 0.0620235 0.992606 60.9549 0.0685376 0.995232 -0.0693924 -6.13994 -0.992177 0.0752714 0.099595 65.2687
0.102554 0.0610925 0.99285 62.4591 0.0681998 0.995332 -0.0682897 -6.26344 -0.992387 0.0747156 0.0979085 65.4192
0.100995 0.0618455 0.992963 63.9528 0.0674229 0.995346 -0.0688516 -6.38551 -0.9926 0.0739021 0.0963555 65.5785
0.0990396 0.0631401 0.993078 65.457 0.0662005 0.995356 -0.0698871 -6.51118 -0.992879 0.0726638 0.0943997 65.7222
0.0975114 0.0640807 0.993169 66.9782 0.0658323 0.995324 -0.0706833 -6.64098 -0.993055 0.072275 0.0928369 65.8683
0.0956957 0.0637664 0.993366 68.4982 0.0654536 0.995383 -0.0702014 -6.76636 -0.993256 0.0717373 0.0910801 66.0119
0.0949747 0.0633583 0.993462 70.0189 0.0653433 0.995424 -0.0697302 -6.89249 -0.993333 0.0715386 0.0904 66.1555
0.0942281 0.0624072 0.993593 71.5692 0.065458 0.995485 -0.0687338 -7.02458 -0.993396 0.0715152 0.0897176 66.2969
0.0930944 0.0614858 0.993757 73.0951 0.0670967 0.995435 -0.0678752 -7.14689 -0.993394 0.0729966 0.088544 66.4418
0.0918634 0.0603031 0.993944 74.6717 0.0695307 0.99534 -0.066814 -7.27962 -0.993341 0.0752474 0.0872424 66.5839
0.0920069 0.059346 0.993988 76.2242 0.0712417 0.995272 -0.066017 -7.4027 -0.993207 0.0768874 0.087344 66.716
0.0913429 0.0586744 0.99409 77.7793 0.0735081 0.995142 -0.0654909 -7.53114 -0.993103 0.0790557 0.0865861 66.8618
0.0911139 0.0585445 0.994118 79.373 0.0745495 0.995068 -0.0654332 -7.66037 -0.993046 0.0800729 0.0863001 67.0046
0.0914448 0.0586812 0.99408 80.9556 0.0744887 0.995063 -0.0655913 -7.79336 -0.99302 0.0800457 0.0866222 67.1362
0.0907893 0.0588781 0.994128 82.4975 0.0745283 0.99505 -0.065739 -7.91957 -0.993078 0.080059 0.0859518 67.2775
0.0909313 0.0600556 0.994045 84.0651 0.0746284 0.994962 -0.0669378 -8.05025 -0.993057 0.0802707 0.0859913 67.416
0.0904005 0.0612419 0.994021 85.6433 0.0740944 0.994928 -0.0680362 -8.18136 -0.993145 0.0798019 0.0854042 67.5581
0.0897387 0.0608911 0.994102 87.2237 0.0739603 0.994966 -0.0676205 -8.3158 -0.993215 0.0795923 0.0847834 67.6973
0.0898251 0.0590879 0.994203 88.8026 0.0734504 0.995127 -0.065779 -8.44967 -0.993245 0.0789333 0.0850474 67.83
0.0892146 0.0568997 0.994386 90.3878 0.0732103 0.995292 -0.0635198 -8.58036 -0.993318 0.0784661 0.0846289 67.981
0.0889987 0.056945 0.994403 91.963 0.0731709 0.995293 -0.0635447 -8.71053 -0.99334 0.0784167 0.0844131 68.129
0.0886087 0.0580427 0.994374 93.5351 0.0693303 0.99552 -0.0642876 -8.83813 -0.993651 0.0746367 0.0841877 68.2651
0.0873063 0.0591289 0.994425 95.1694 0.0674145 0.995598 -0.0651173 -8.97066 -0.993898 0.0727238 0.0829358 68.4156
0.0869766 0.0591038 0.994456 96.7597 0.0652701 0.995756 -0.0648897 -9.10263 -0.99407 0.0705521 0.0827497 68.5453
0.0867551 0.0584959 0.994511 98.3544 0.0643674 0.99586 -0.0641903 -9.23054 -0.994148 0.069583 0.0826307 68.6999
0.0855313 0.0594837 0.994558 99.9613 0.0628885 0.995903 -0.0649725 -9.36723 -0.994349 0.0681035 0.0814401 68.8404
0.0842478 0.060399 0.994613 101.609 0.0629935 0.995842 -0.0658094 -9.50092 -0.994452 0.0681984 0.0800927 68.9748
0.0836112 0.0608436 0.994639 103.185 0.0626946 0.995836 -0.066187 -9.62784 -0.994524 0.0678925 0.0794485 69.1063
0.0815903 0.0601719 0.994848 104.82 0.0631894 0.995855 -0.0654152 -9.76233 -0.994661 0.0682011 0.0774499 69.2357
0.0798132 0.0605106 0.994972 106.466 0.0633667 0.995829 -0.0656458 -9.89646 -0.994794 0.0682874 0.0756459 69.3719
0.0774539 0.0609212 0.995133 108.074 0.0629995 0.995838 -0.0658678 -10.0303 -0.995004 0.0677946 0.0732935 69.4955
0.075435 0.0613086 0.995264 109.693 0.0641653 0.995741 -0.0662013 -10.1625 -0.995084 0.0688553 0.0711798 69.6111
0.0729417 0.0611844 0.995458 111.304 0.0644179 0.995743 -0.0659221 -10.2963 -0.995254 0.0689338 0.0686899 69.7256
0.0710199 0.0598737 0.995676 112.964 0.0649303 0.995802 -0.0645127 -10.4303 -0.995359 0.0692312 0.0668342 69.8465
0.0697902 0.0592372 0.995801 114.612 0.0646497 0.995868 -0.0637721 -10.5634 -0.995465 0.0688289 0.0656722 69.9496
0.0672607 0.0600552 0.995927 116.219 0.065218 0.995788 -0.0644514 -10.6916 -0.995602 0.0692874 0.0630607 70.0573
0.0655985 0.0603229 0.996021 117.917 0.0643566 0.995837 -0.0645503 -10.8275 -0.995769 0.068335 0.0614432 70.1715
0.0648101 0.0597267 0.996109 119.557 0.0652879 0.995815 -0.0639569 -10.9586 -0.99576 0.0691789 0.0606394 70.2903
0.0633354 0.0595482 0.996214 121.248 0.0648184 0.995865 -0.0636483 -11.0948 -0.995885 0.0686042 0.0592137 70.3852
0.0621844 0.0587293 0.996335 122.817 0.0654372 0.995879 -0.0627866 -11.2221 -0.995917 0.0691017 0.0580851 70.4849
0.0621308 0.0573134 0.996421 124.525 0.0659354 0.995933 -0.0613967 -11.3538 -0.995888 0.069514 0.0580991 70.5954
0.0613755 0.0568475 0.996495 126.167 0.0661282 0.995952 -0.0608895 -11.4813 -0.995922 0.0696335 0.0573678 70.6916
0.0603599 0.0580353 0.996488 127.839 0.0660261 0.99589 -0.0619998 -11.6114 -0.995991 0.0695365 0.05628 70.7866
0.058975 0.0596194 0.996478 129.515 0.0665186 0.995762 -0.0635134 -11.7447 -0.996041 0.07003 0.0547592 70.8919
0.0583064 0.0606837 0.996453 131.225 0.0663133 0.995711 -0.0645187 -11.8819 -0.996094 0.0698399 0.0540322 70.9794
0.0581021 0.0609487 0.996449 132.926 0.0668504 0.995657 -0.0647982 -12.0187 -0.99607 0.0703779 0.0537753 71.0808
0.0569039 0.0607939 0.996527 134.579 0.066691 0.995683 -0.0645507 -12.154 -0.99615 0.0701326 0.0526039 71.1746
0.0558776 0.059493 0.996664 136.275 0.0677754 0.995695 -0.063235 -12.2875 -0.996135 0.0710827 0.0516048 71.2758
0.0561708 0.0578952 0.996741 137.944 0.0687491 0.995724 -0.0617104 -12.4268 -0.996051 0.0719914 0.0519503 71.3595
0.0560488 0.0560413 0.996854 139.613 0.0691763 0.995806 -0.0598719 -12.5626 -0.996029 0.0723144 0.051937 71.4416
0.0560348 0.0541111 0.996962 141.304 0.0716214 0.99574 -0.0580704 -12.6953 -0.995857 0.0746577 0.0519206 71.5534
0.0566005 0.0537753 0.996948 142.945 0.0715788 0.99576 -0.057775 -12.826 -0.995828 0.0746305 0.0525114 71.6394
0.0577062 0.0541231 0.996866 144.574 0.0726396 0.995655 -0.0582623 -12.955 -0.995687 0.075774 0.0535239 71.7189
0.0593017 0.0543028 0.996762 146.277 0.0731775 0.995596 -0.0585929 -13.0922 -0.995554 0.0764153 0.0550669 71.8241
0.0616937 0.0549232 0.996583 147.903 0.0739555 0.995488 -0.0594411 -13.2232 -0.995351 0.0773699 0.0573535 71.9075
0.0628859 0.0556524 0.996468 149.481 0.0729655 0.995516 -0.060204 -13.3519 -0.99535 0.0764937 0.0585432 71.9977
0.0637941 0.0557307 0.996406 151.142 0.073392 0.995474 -0.0603774 -13.4858 -0.995261 0.0769799 0.0594152 72.1052
0.0634512 0.0548174 0.996478 152.739 0.0718719 0.995647 -0.0593481 -13.6185 -0.995394 0.0753845 0.0592351 72.2046
0.0631338 0.0529443 0.9966 154.347 0.071951 0.995752 -0.0574573 -13.7435 -0.995408 0.0753339 0.0590562 72.3012
0.0624767 0.051596 0.996712 156.005 0.0721749 0.995815 -0.0560736 -13.873 -0.995433 0.0754409 0.0584913 72.4022
0.0599886 0.0504135 0.996925 157.571 0.0726109 0.995858 -0.0547287 -13.9945 -0.995555 0.0756707 0.0560796 72.4889
0.0551388 0.0501068 0.997221 159.159 0.0713481 0.995989 -0.0539899 -14.1172 -0.995926 0.0741268 0.0513426 72.5783
0.0489242 0.0495541 0.997573 160.783 0.0713479 0.996044 -0.0529773 -14.2383 -0.996251 0.0737666 0.045195 72.6612
0.0402587 0.0490272 0.997986 162.35 0.0701087 0.996195 -0.0517674 -14.3503 -0.996727 0.0720516 0.0366683 72.7372
0.0300002 0.0488286 0.998357 163.962 0.0689991 0.996322 -0.0508025 -14.4676 -0.997166 0.0704098 0.0265207 72.7968
0.0170388 0.0487002 0.998668 165.548 0.0664726 0.996548 -0.049731 -14.5843 -0.997643 0.0672315 0.0137428 72.8364
0.00281936 0.0476631 0.99886 167.103 0.065671 0.996698 -0.0477453 -14.6936 -0.997837 0.0657307 -0.00032003 72.8395
-0.0128286 0.0474527 0.998791 168.693 0.0643845 0.99684 -0.046533 -14.8032 -0.997843 0.0637097 -0.0158433 72.8344
-0.0289297 0.048103 0.998424 170.238 0.0624124 0.996979 -0.046225 -14.9152 -0.997631 0.0609767 -0.0318446 72.7999
-0.0459728 0.048732 0.997753 171.686 0.061693 0.997041 -0.0458547 -15.0138 -0.997036 0.0594464 -0.0488432 72.7556
-0.0637001 0.0486927 0.996781 173.301 0.0606213 0.997153 -0.0448369 -15.1267 -0.996126 0.05757 -0.0664706 72.6641
-0.0820491 0.0477241 0.995485 174.774 0.0624896 0.997134 -0.0426527 -15.2218 -0.994667 0.0587078 -0.0847962 72.5756
-0.10205 0.0461772 0.993707 176.251 0.0621028 0.997269 -0.039965 -15.322 -0.992839 0.0576336 -0.104639 72.4229
-0.121921 0.0439381 0.991567 177.827 0.0636781 0.997308 -0.0363628 -15.4245 -0.990495 0.0587077 -0.12439 72.2509
-0.141237 0.0425715 0.98906 179.205 0.0663312 0.997237 -0.0334514 -15.4999 -0.987751 0.0608809 -0.143671 72.0592
-0.162051 0.0426077 0.985862 180.65 0.0685577 0.997139 -0.0318259 -15.5912 -0.984398 0.062431 -0.164509 71.8166
-0.182502 0.0439004 0.982225 182.031 0.0721595 0.996907 -0.031149 -15.662 -0.980554 0.0651921 -0.185105 71.5928
-0.203879 0.0459978 0.977915 183.405 0.0721002 0.996889 -0.0318586 -15.7385 -0.976337 0.0640126 -0.206561 71.2978
-0.227206 0.0478056 0.972673 184.782 0.0730082 0.99682 -0.0319385 -15.8151 -0.971106 0.0637565 -0.229974 70.9822
-0.251909 0.0485768 0.966531 186.132 0.0715784 0.996939 -0.0314494 -15.8863 -0.9651 0.0612603 -0.254615 70.6545
-0.277618 0.0478938 0.959497 187.454 0.0712442 0.997033 -0.0291538 -15.9592 -0.958046 0.060265 -0.280207 70.2971
-0.304059 0.0464966 0.951518 188.816 0.0695088 0.997229 -0.0265186 -16.0323 -0.950114 0.0580757 -0.306448 69.872
-0.331818 0.0460446 0.942219 190.105 0.0692024 0.997305 -0.0243658 -16.0981 -0.940802 0.0571188 -0.33411 69.434
-0.358793 0.0461924 0.932274 191.388 0.0687823 0.997368 -0.0229463 -16.1611 -0.93088 0.0558909 -0.361026 68.955
-0.3868 0.0470633 0.920962 192.613 0.0697736 0.997328 -0.0216611 -16.2213 -0.91952 0.0558803 -0.38905 68.4583
-0.415872 0.0486615 0.90812 193.884 0.071103 0.997251 -0.0208761 -16.2827 -0.906639 0.0558883 -0.418189 67.9024
-0.443207 0.050685 0.894985 195.071 0.0720505 0.997184 -0.0207925 -16.3384 -0.893519 0.0552687 -0.445611 67.3265
-0.471714 0.0530116 0.880157 196.253 0.0729165 0.997117 -0.020977 -16.3945 -0.878732 0.0542829 -0.474219 66.7078
-0.499924 0.0547187 0.864339 197.409 0.0725374 0.997141 -0.0211711 -16.455 -0.863026 0.0521129 -0.502464 66.0609
-0.528092 0.0563615 0.847315 198.562 0.0728852 0.997121 -0.0209003 -16.5071 -0.846054 0.0507194 -0.53068 65.3498
-0.553929 0.0577081 0.830562 199.616 0.0734999 0.997089 -0.020259 -16.561 -0.829313 0.0498241 -0.556558 64.6615
-0.580997 0.0586559 0.81179 200.711 0.0750287 0.997013 -0.0183413 -16.6156 -0.81044 0.0502513 -0.583662 63.912
-0.606949 0.0584086 0.792592 201.771 0.074185 0.997105 -0.0166707 -16.667 -0.791271 0.0486801 -0.609525 63.113
-0.631553 0.0592614 0.773065 202.757 0.0729818 0.997191 -0.0168202 -16.7157 -0.771891 0.0457968 -0.634104 62.3401
-0.657327 0.0608798 0.751143 203.768 0.0719269 0.99725 -0.0178832 -16.7654 -0.750165 0.0422723 -0.659898 61.4686
-0.682067 0.0613945 0.728708 204.689 0.0706519 0.997341 -0.0178973 -16.8117 -0.727869 0.0392774 -0.684591 60.6212
-0.704634 0.0631017 0.70676 205.605 0.0718162 0.997266 -0.0174388 -16.8557 -0.705928 0.0384689 -0.707239 59.7305
-0.726765 0.0647924 0.683824 206.555 0.0738826 0.997139 -0.015957 -16.9051 -0.682901 0.0389257 -0.729473 58.7516
-0.746071 0.0668523 0.662502 207.347 0.0766369 0.996957 -0.0142977 -16.9483 -0.661441 0.040105 -0.748924 57.853
-0.766477 0.0677761 0.638686 208.177 0.0781242 0.996871 -0.0120304 -16.9896 -0.637503 0.0406758 -0.769374 56.8697
-0.785577 0.0676532 0.615055 209.004 0.0779234 0.996908 -0.0101278 -17.0293 -0.613838 0.039971 -0.788419 55.8305
-0.802833 0.0677138 0.592346 209.768 0.0776183 0.996945 -0.00876575 -17.0602 -0.59113 0.0389395 -0.805636 54.8618
-0.820305 0.0695669 0.567679 210.479 0.0780348 0.996906 -0.00940542 -17.0953 -0.566577 0.0365834 -0.823196 53.8423
-0.83748 0.0687742 0.542123 211.178 0.075541 0.997095 -0.00979534 -17.1319 -0.541222 0.0327491 -0.840242 52.741
-0.851347 0.0704382 0.519853 211.827 0.0772272 0.996976 -0.00861429 -17.1624 -0.518888 0.0328131 -0.854212 51.714
-0.866271 0.0718423 0.494382 212.483 0.0790542 0.99685 -0.00633851 -17.1954 -0.49328 0.0335921 -0.869222 50.5759
-0.880109 0.0712208 0.4694 213.066 0.0783054 0.99692 -0.00444 -17.2286 -0.46827 0.0328489 -0.882975 49.5029
-0.893422 0.0705482 0.443645 213.636 0.077726 0.996973 -0.00201179 -17.2531 -0.442444 0.0326854 -0.896201 48.3724
-0.906214 0.0704283 0.416912 214.189 0.0774891 0.996993 1.24578e-05 -17.2783 -0.415657 0.0323174 -0.908947 47.2274
-0.918238 0.0701409 0.389768 214.693 0.0762235 0.997091 0.000139775 -17.3031 -0.388624 0.0298378 -0.920913 46.0725
-0.928691 0.0691228 0.364356 215.133 0.0742495 0.99724 6.26598e-05 -17.3238 -0.363346 0.0271114 -0.93126 44.9689
-0.939744 0.0690399 0.334835 215.578 0.0733937 0.997303 0.000351339 -17.3435 -0.333908 0.024905 -0.942277 43.771
-0.949012 0.0666776 0.308107 215.983 0.0704773 0.997513 0.0012077 -17.3674 -0.30726 0.0228607 -0.951351 42.5767
-0.957657 0.0657537 0.280303 216.329 0.0694336 0.997581 0.00320703 -17.3849 -0.279414 0.0225337 -0.959906 41.4086
-0.965611 0.0655406 0.251596 216.678 0.0690807 0.997597 0.00525435 -17.3987 -0.250647 0.0224541 -0.967818 40.1546
-0.972183 0.0652471 0.22495 216.965 0.0686368 0.997615 0.007273 -17.4142 -0.223939 0.0225105 -0.974343 38.9844
-0.978634 0.0645936 0.195199 217.251 0.0672821 0.997708 0.00716742 -17.4223 -0.194288 0.0201477 -0.980738 37.6966
-0.984238 0.059987 0.166365 217.462 0.062125 0.998039 0.00767244 -17.4366 -0.165579 0.017887 -0.986034 36.444
-0.9891 0.0567554 0.135871 217.646 0.058496 0.998248 0.0088494 -17.4455 -0.13513 0.0167008 -0.990687 35.2292
-0.992987 0.0541213 0.105114 217.829 0.0557363 0.998368 0.0124862 -17.451 -0.104266 0.0182573 -0.994382 33.9167
-0.995617 0.0541779 0.0762304 217.937 0.0554223 0.998361 0.0143031 -17.4575 -0.0753305 0.0184653 -0.996988 32.6209
-0.99756 0.0524693 0.0460516 218.02 0.0532742 0.998445 0.0164291 -17.4603 -0.045118 0.0188424 -0.998804 31.3362
-0.99849 0.052888 0.0148447 218.046 0.0531474 0.998431 0.0176589 -17.4579 -0.0138875 0.0184212 -0.999734 29.9946
-0.998521 0.0520604 -0.0156768 218.031 0.0517696 0.998489 0.0184198 -17.4611 0.016612 0.017581 -0.999707 28.7373
-0.997528 0.0527919 -0.0463793 217.993 0.0518727 0.998437 0.0208045 -17.4594 0.0474051 0.0183472 -0.998707 27.4447
-0.99535 0.054007 -0.0797602 217.9 0.0522883 0.998356 0.0234838 -17.4536 0.0808973 0.019204 -0.996537 26.1019
-0.992528 0.0544979 -0.109171 217.768 0.0520655 0.99833 0.0250104 -17.4445 0.110352 0.0191395 -0.993708 24.8366
-0.988184 0.0551039 -0.143025 217.606 0.0519465 0.998319 0.0257201 -17.4378 0.144202 0.0179866 -0.989385 23.5362
-0.982759 0.054923 -0.176545 217.37 0.0508077 0.998323 0.0277502 -17.4286 0.177773 0.0183019 -0.983901 22.2702
-0.976408 0.0548648 -0.208848 217.127 0.049453 0.998294 0.0310504 -17.412 0.210195 0.0199897 -0.977455 20.9885
-0.968117 0.0556368 -0.24424 216.825 0.0486196 0.998215 0.0346712 -17.3928 0.245733 0.021691 -0.969095 19.6688
-0.959152 0.0553288 -0.277428 216.483 0.0467892 0.998208 0.0373132 -17.3752 0.278995 0.0228084 -0.960022 18.4479
-0.948466 0.054278 -0.312196 216.106 0.0444132 0.998266 0.0386279 -17.3496 0.313752 0.0227716 -0.949232 17.2223
-0.936375 0.0535932 -0.346885 215.657 0.0427823 0.998333 0.0387552 -17.3313 0.348383 0.0214489 -0.937107 15.9824
-0.924151 0.0522381 -0.37844 215.182 0.0401531 0.998402 0.0397609 -17.3011 0.379912 0.0215495 -0.924772 14.791
-0.909883 0.0518877 -0.411607 214.66 0.0379784 0.998399 0.0419059 -17.2696 0.413122 0.0224973 -0.910398 13.5444
-0.894581 0.0509416 -0.443993 214.096 0.0355456 0.998445 0.0429376 -17.234 0.44549 0.0226291 -0.895001 12.3411
-0.878945 0.0510807 -0.474179 213.499 0.03476 0.998465 0.0431275 -17.2053 0.475654 0.0214242 -0.879372 11.2157
-0.863282 0.04977 -0.502262 212.84 0.0328769 0.998558 0.0424403 -17.1724 0.50365 0.0201251 -0.863673 10.0703
-0.846498 0.0505477 -0.529987 212.136 0.0325553 0.998534 0.043238 -17.1376 0.531395 0.019347 -0.846903 8.91718
-0.830238 0.0515129 -0.555025 211.434 0.0318533 0.998478 0.0450227 -17.1006 0.556499 0.0197001 -0.830615 7.82381
-0.813658 0.0528652 -0.578936 210.69 0.0316813 0.998409 0.0466432 -17.066 0.58048 0.0196102 -0.814038 6.74242
-0.797125 0.0552614 -0.601281 209.86 0.0331009 0.998305 0.0478681 -17.0172 0.602907 0.0182539 -0.797603 5.61754
-0.781105 0.0583248 -0.621669 209.07 0.0369018 0.9982 0.047285 -16.988 0.623308 0.0139938 -0.781851 4.61765
-0.76504 0.0610565 -0.641082 208.231 0.0394092 0.998068 0.0480265 -16.9523 0.642776 0.0114776 -0.765968 3.61595
-0.748217 0.065479 -0.660216 207.3 0.0416358 0.997791 0.0517736 -16.9032 0.662147 0.0112493 -0.74929 2.52339
-0.732043 0.0665876 -0.677997 206.43 0.0409238 0.997713 0.0538016 -16.8604 0.680028 0.0116389 -0.733094 1.56702
-0.713262 0.0626656 -0.69809 205.457 0.0374738 0.99798 0.0512976 -16.8102 0.699895 0.0104285 -0.71417 0.555872
-0.6965 0.0572311 -0.715271 204.538 0.035184 0.998339 0.0456196 -16.7655 0.716694 0.00660796 -0.697357 -0.354495
-0.679596 0.0530752 -0.731664 203.599 0.0344889 0.998588 0.0404033 -16.7264 0.732775 0.00222363 -0.680467 -1.25556
-0.66365 0.0502514 -0.746353 202.519 0.0332641 0.998737 0.037666 -16.6828 0.747303 0.000170328 -0.664483 -2.23238
-0.647023 0.0471869 -0.761009 201.504 0.0295968 0.998885 0.0367729 -16.6421 0.761896 0.00126941 -0.647698 -3.10934
-0.629445 0.0430184 -0.775853 200.372 0.023691 0.999065 0.0361743 -16.5976 0.776684 0.00438905 -0.629876 -4.08428
-0.610476 0.0389596 -0.791076 199.229 0.0163927 0.999197 0.036559 -16.5616 0.791865 0.00935057 -0.610625 -4.98959
-0.593031 0.0387164 -0.804248 198.092 0.0122375 0.999161 0.0390759 -16.5185 0.805086 0.0133312 -0.593008 -5.86222
-0.574316 0.0387523 -0.817716 196.845 0.00849354 0.999107 0.0413832 -16.4733 0.81859 0.0168217 -0.574132 -6.75045
-0.555384 0.0384127 -0.830706 195.58 0.00505787 0.99907 0.0428165 -16.4246 0.831578 0.019578 -0.555062 -7.63157
-0.538965 0.0378369 -0.841478 194.266 0.00223529 0.999051 0.0434904 -16.375 0.842326 0.0215588 -0.538538 -8.49308
-0.522995 0.0377147 -0.851501 192.96 0.000464005 0.999033 0.0439641 -16.3228 0.852336 0.0225979 -0.522506 -9.33708
-0.507268 0.0375466 -0.86097 191.59 -0.000779083 0.99903 0.0440264 -16.2662 0.861788 0.023004 -0.506747 -10.1614
-0.494269 0.0382077 -0.868469 190.236 -0.000950221 0.999009 0.0444916 -16.2125 0.869308 0.022816 -0.493743 -10.958
-0.481701 0.0389597 -0.875469 188.827 -0.00148557 0.998974 0.0452733 -16.1568 0.876334 0.0231088 -0.481149 -11.7503
-0.469464 0.0410996 -0.881995 187.418 -8.84822e-05 0.998914 0.0465949 -16.0999 0.882952 0.0219527 -0.46895 -12.521
-0.456939 0.0422563 -0.888494 185.941 0.000149774 0.998875 0.047429 -16.0383 0.889498 0.0215391 -0.456431 -13.2846
-0.445749 0.0455037 -0.894001 184.372 0.00192861 0.998754 0.0498739 -15.9691 0.895156 0.0205071 -0.445281 -14.0819
-0.43588 0.0462915 -0.898814 182.901 0.00232107 0.998731 0.050312 -15.8984 0.900002 0.0198438 -0.435434 -14.8064
-0.425791 0.0476275 -0.903567 181.344 0.00538048 0.998729 0.050108 -15.8323 0.904806 0.0164739 -0.425506 -15.5606
-0.418437 0.0479281 -0.906981 179.783 0.00615873 0.998734 0.0499353 -15.7587 0.908225 0.0153089 -0.418202 -16.2871
-0.413813 0.0495657 -0.909012 178.23 0.00889051 0.998689 0.0504082 -15.6861 0.910318 0.012778 -0.413712 -17.0045
-0.40838 0.0495863 -0.911464 176.603 0.0101233 0.998708 0.0497969 -15.6148 0.912756 0.011109 -0.408354 -17.7442
-0.404732 0.0500959 -0.913062 174.989 0.0118214 0.998702 0.0495545 -15.5419 0.914359 0.00926262 -0.404798 -18.4751
-0.402647 0.0509432 -0.913937 173.318 0.0141259 0.998677 0.0494433 -15.4709 0.915246 0.00699806 -0.402834 -19.2113
-0.399983 0.0510346 -0.915101 171.653 0.015227 0.998681 0.0490402 -15.3962 0.916396 0.00568103 -0.400232 -19.9526
-0.398522 0.0509108 -0.915745 169.987 0.0155693 0.99869 0.0487465 -15.3281 0.917027 0.00516903 -0.398792 -20.6627
-0.395693 0.0515245 -0.916936 168.208 0.0164696 0.998663 0.0490096 -15.25 0.918235 0.00429121 -0.396013 -21.4516
-0.393955 0.0511446 -0.917706 166.517 0.0154653 0.998678 0.0490182 -15.178 0.919 0.00511835 -0.394225 -22.2037
-0.39176 0.0520477 -0.918594 164.746 0.0151117 0.998628 0.0501376 -15.0987 0.919944 0.00576037 -0.392009 -22.9528
-0.390152 0.0527 -0.919241 162.943 0.0154595 0.998595 0.0506879 -15.0229 0.920621 0.00556498 -0.390418 -23.7152
-0.386826 0.0537375 -0.920586 161.182 0.0154923 0.998539 0.0517781 -14.9411 0.922023 0.00576716 -0.387093 -24.488
-0.386477 0.0542564 -0.920702 159.285 0.0158957 0.998512 0.0521693 -14.8583 0.922162 0.00552701 -0.386764 -25.275
-0.382777 0.0520066 -0.922376 157.505 0.0150688 0.998633 0.0500528 -14.7807 0.923718 0.00525993 -0.383037 -26.0275
-0.379685 0.0505135 -0.923736 155.647 0.0137525 0.998706 0.0489605 -14.6956 0.925013 0.00588591 -0.379889 -26.8147
-0.377567 0.0493253 -0.924668 153.731 0.0128247 0.998763 0.0480411 -14.6182 0.925894 0.0062802 -0.377732 -27.6026
-0.376709 0.0510155 -0.924926 151.808 0.013448 0.998678 0.0496062 -14.537 0.926234 0.0062487 -0.376897 -28.374
-0.374149 0.0527 -0.92587 149.932 0.0145781 0.998595 0.0509483 -14.458 0.927254 0.00556484 -0.374392 -29.143
-0.37373 0.0539303 -0.925968 147.959 0.0153341 0.998531 0.0519675 -14.3723 0.927411 0.00522296 -0.374008 -29.9642
-0.372156 0.0552362 -0.926525 145.967 0.0168935 0.998465 0.0527395 -14.2853 0.928016 0.00397506 -0.372518 -30.7601
-0.371269 0.055154 -0.926886 143.95 0.0171637 0.998471 0.0525387 -14.197 0.928367 0.00359722 -0.371648 -31.5865
-0.370673 0.0545556 -0.92716 141.955 0.0180271 0.998508 0.0515467 -14.1153 0.928589 0.00239293 -0.371103 -32.3846
-0.371063 0.0536623 -0.927056 140.021 0.0174335 0.998556 0.0508231 -14.0333 0.928444 0.00269678 -0.371462 -33.1537
-0.370474 0.0530792 -0.927325 137.967 0.0173206 0.998587 0.0502385 -13.942 0.928681 0.00255025 -0.37087 -33.9774
-0.370588 0.0528789 -0.927291 135.994 0.0162901 0.998595 0.0504348 -13.8566 0.928654 0.00358483 -0.370929 -34.7833
-0.370579 0.0534155 -0.927264 133.948 0.0154308 0.998561 0.0513558 -13.7689 0.928673 0.00472297 -0.37087 -35.588
-0.371194 0.0534667 -0.927015 131.876 0.0160894 0.998561 0.0511507 -13.6878 0.928416 0.00407168 -0.37152 -36.4197
-0.372317 0.0540633 -0.92653 129.852 0.017066 0.998532 0.0514068 -13.6009 0.927949 0.00332748 -0.372693 -37.2442
-0.374043 0.0533575 -0.925875 127.841 0.0174844 0.998572 0.0504834 -13.5154 0.927247 0.0026946 -0.374441 -38.0638
-0.375407 0.0521969 -0.925389 125.642 0.0190352 0.998637 0.0486063 -13.4255 0.926665 0.000632147 -0.375888 -38.9542
-0.376867 0.0520456 -0.924804 123.595 0.0206362 0.998644 0.0477916 -13.3449 0.926037 -0.00107338 -0.37743 -39.7918
-0.378704 0.0542128 -0.923929 121.533 0.0224281 0.998527 0.0493971 -13.2613 0.925246 -0.00201511 -0.379362 -40.6401
-0.380044 0.0552351 -0.923318 119.398 0.0219661 0.998473 0.0506896 -13.1765 0.924708 -0.00101739 -0.380676 -41.5181
-0.381519 0.0552857 -0.922706 117.252 0.0217567 0.99847 0.0508293 -13.0921 0.924105 -0.000682653 -0.382138 -42.3871
-0.383294 0.0546069 -0.922011 115.153 0.0209704 0.998508 0.0504198 -13.01 0.923388 -9.35467e-06 -0.383867 -43.261
-0.38503 0.0546387 -0.921285 112.937 0.0219869 0.998506 0.0500295 -12.9135 0.922642 -0.00099332 -0.385656 -44.1923
-0.386671 0.0534028 -0.92067 110.83 0.0194828 0.998572 0.0497389 -12.8339 0.922012 0.00129542 -0.38716 -45.0685
-0.387958 0.0526643 -0.920171 108.613 0.0188109 0.998611 0.0492226 -12.7415 0.921485 0.00178706 -0.38841 -46.0036
-0.388539 0.0488906 -0.920135 106.377 0.0151014 0.998795 0.0466934 -12.6556 0.921309 0.00424687 -0.388809 -46.967
-0.38945 0.0487042 -0.919759 104.223 0.0124352 0.998788 0.0476237 -12.5732 0.920964 0.00710968 -0.389584 -47.8661
-0.390187 0.0512347 -0.919309 102 0.0120651 0.998649 0.0505356 -12.4856 0.920657 0.00862671 -0.390278 -48.8136
-0.390345 0.0506173 -0.919276 99.6725 0.0131668 0.998692 0.0493992 -12.381 0.920574 0.00717877 -0.390501 -49.8077
-0.390378 0.0476884 -0.919419 97.5049 0.0142078 0.998851 0.0457758 -12.3028 0.920545 0.00480696 -0.390607 -50.7302
-0.390379 0.0466214 -0.919473 95.3292 0.013396 0.998899 0.0449611 -12.2197 0.920557 0.00523463 -0.390574 -51.6595
-0.390258 0.0498252 -0.919356 93.0216 0.0146191 0.998744 0.047922 -12.1321 0.920589 0.00526176 -0.390497 -52.6431
-0.389884 0.0545371 -0.919248 90.8002 0.0183537 0.998507 0.051455 -12.0385 0.920681 0.00318991 -0.390303 -53.5964
-0.388986 0.0566089 -0.919503 88.5567 0.0211156 0.998396 0.0525332 -11.9434 0.921002 0.00101888 -0.389558 -54.5528
-0.389022 0.0541935 -0.919633 86.2846 0.0169511 0.99852 0.0516716 -11.8468 0.921072 0.00451258 -0.389365 -55.5113
-0.388327 0.0512561 -0.920095 83.9564 0.0137002 0.998663 0.0498507 -11.743 0.92142 0.00675289 -0.38851 -56.5056
-0.386553 0.0499625 -0.920913 81.6364 0.013813 0.998733 0.0483865 -11.6458 0.922164 0.00598344 -0.386754 -57.4953
-0.38549 0.049183 -0.9214 79.3302 0.013854 0.998774 0.0475169 -11.5614 0.922608 0.00555222 -0.385699 -58.4579
-0.38362 0.0505476 -0.922107 76.9949 0.0148749 0.99871 0.0485584 -11.4704 0.923371 0.00491175 -0.383876 -59.4466
-0.381099 0.0516419 -0.923091 74.6111 0.0148581 0.998652 0.0497349 -11.3788 0.924415 0.00523855 -0.381353 -60.4305
-0.378898 0.0511425 -0.924024 72.2659 0.0121576 0.998661 0.0502883 -11.2833 0.925359 0.00782021 -0.379012 -61.4087
-0.375373 0.0499325 -0.925528 69.8649 0.0117715 0.998724 0.0491072 -11.1873 0.926799 0.00753866 -0.375482 -62.4023
-0.372422 0.0502858 -0.9267 67.4308 0.0110316 0.9987 0.0497594 -11.0934 0.927998 0.0083085 -0.372492 -63.381
-0.369229 0.0505178 -0.927965 65.0425 0.0105837 0.998685 0.0501567 -10.9949 0.929278 0.00869794 -0.369278 -64.358
-0.366127 0.0496384 -0.92924 62.6081 0.010447 0.998733 0.0492344 -10.8961 0.930506 0.00831823 -0.366182 -65.3263
-0.362641 0.0503171 -0.93057 60.1619 0.0101244 0.998695 0.0500553 -10.7968 0.931874 0.00873063 -0.362677 -66.2983
-0.359602 0.0502146 -0.931754 57.6921 0.00961651 0.998697 0.050111 -10.7032 0.933056 0.00905982 -0.359617 -67.2625
-0.356691 0.0505791 -0.932852 55.2513 0.00931646 0.998676 0.0505858 -10.6044 0.934176 0.00935264 -0.35669 -68.2056
-0.354204 0.0512517 -0.933763 52.7897 0.0103033 0.99865 0.0509049 -10.51 0.935111 0.00840989 -0.354254 -69.1493
-0.351791 0.051808 -0.934644 50.3058 0.0106989 0.998625 0.0513275 -10.4176 0.936017 0.00805694 -0.351862 -70.1018
-0.350554 0.0523656 -0.935078 47.8467 0.0115646 0.998602 0.0515875 -10.3307 0.936471 0.00727036 -0.350669 -71.0408
-0.348592 0.0547201 -0.935676 45.411 0.0136108 0.998485 0.0533225 -10.2482 0.937176 0.00585254 -0.348809 -71.9548
-0.347306 0.0571117 -0.936011 42.936 0.0163073 0.998361 0.0548652 -10.1612 0.93761 0.00379115 -0.347668 -72.8872
-0.345489 0.0593429 -0.936545 40.4415 0.0184486 0.998235 0.0564462 -10.0653 0.938242 0.0022236 -0.345974 -73.807
-0.344541 0.060223 -0.936838 37.9886 0.0192167 0.998184 0.0570992 -9.96735 0.938574 0.00167009 -0.345073 -74.7229
-0.342791 0.0595211 -0.937524 35.4766 0.0174047 0.998222 0.0570109 -9.86695 0.939251 0.00322548 -0.343217 -75.6437
-0.341431 0.0576751 -0.938136 33.0387 0.0166287 0.99833 0.0553238 -9.77528 0.93976 0.00328926 -0.34182 -76.5558
-0.340074 0.0556398 -0.938751 30.605 0.015342 0.998444 0.0536199 -9.68437 0.940273 0.00383247 -0.340399 -77.4453
-0.33883 0.0538116 -0.939308 28.1196 0.0118047 0.998528 0.052946 -9.60019 0.940773 0.00685145 -0.338967 -78.3655
-0.337703 0.054186 -0.939692 25.5938 0.00765144 0.998467 0.0548255 -9.51297 0.941222 0.0113247 -0.337599 -79.2693
-0.335369 0.0574979 -0.940331 23.1256 0.00812387 0.998275 0.0581436 -9.40619 0.942052 0.0118604 -0.335258 -80.1824
-0.332841 0.0609351 -0.941012 20.7061 0.0102479 0.998085 0.0610061 -9.30997 0.942927 0.0106619 -0.332828 -81.0453
-0.330452 0.0604537 -0.941885 18.2122 0.0126727 0.998141 0.0596183 -9.19916 0.943738 0.00776474 -0.330603 -81.9407
-0.328002 0.0563041 -0.942998 15.7521 0.0110311 0.998383 0.0557741 -9.1063 0.944612 0.00789176 -0.328093 -82.8129
-0.325277 0.0531208 -0.944126 13.3438 0.0106093 0.998563 0.0525285 -9.01721 0.945559 0.00706976 -0.325373 -83.6564
-0.323163 0.0519535 -0.944916 10.8136 0.0104406 0.998627 0.0513359 -8.9357 0.946286 0.00672435 -0.323261 -84.5381
-0.320466 0.052436 -0.945808 8.41198 0.011079 0.998606 0.0516093 -8.85218 0.947195 0.0060604 -0.320601 -85.3652
-0.318587 0.0504979 -0.946548 5.91461 0.0111034 0.99871 0.0495436 -8.77174 0.947829 0.00527411 -0.318737 -86.2314
-0.316682 0.0483473 -0.947299 3.36338 0.0123096 0.998826 0.046862 -8.69325 0.948452 0.00317943 -0.316905 -87.1012
-0.314998 0.047552 -0.9479 0.898103 0.00965365 0.998853 0.0469 -8.61812 0.949043 0.00562273 -0.315096 -87.9384
-0.313402 0.0491579 -0.948347 -1.56286 0.00760559 0.998757 0.0492574 -8.53304 0.94959 0.00822466 -0.313387 -88.7605
-0.311918 0.0523583 -0.948665 -3.98935 0.00704593 0.998581 0.0527965 -8.44679 0.950083 0.00978398 -0.311844 -89.578
-0.310636 0.0551193 -0.948929 -6.45145 0.00748711 0.998428 0.0555436 -8.35539 0.950499 0.0101491 -0.310561 -90.3863
-0.309228 0.0569384 -0.949282 -8.93764 0.00905957 0.998337 0.0569296 -8.25593 0.950945 0.00900413 -0.30923 -91.2147
-0.30825 0.0583791 -0.949513 -11.4263 0.0108899 0.998266 0.0578413 -8.15907 0.951243 0.0074895 -0.308351 -92.0307
-0.306624 0.0585796 -0.950027 -13.8631 0.011827 0.998262 0.0577366 -8.05652 0.951757 0.00646744 -0.306784 -92.8233
-0.305193 0.0584273 -0.950496 -16.3534 0.0137105 0.998282 0.0569624 -7.96101 0.952192 0.00435276 -0.30547 -93.6433
-0.303787 0.0577037 -0.950991 -18.8654 0.014017 0.998327 0.0560983 -7.86447 0.952637 0.00371192 -0.304087 -94.4554
-0.301432 0.058964 -0.951663 -21.2606 0.0167581 0.99826 0.0565431 -7.77671 0.95334 0.00109589 -0.301896 -95.2161
-0.299531 0.0576346 -0.952344 -23.7203 0.0170152 0.998338 0.0550664 -7.69199 0.953935 0.000289794 -0.300014 -96.0051
-0.297215 0.0550933 -0.95322 -26.2663 0.0104288 0.998462 0.0544564 -7.58561 0.954754 0.0062443 -0.297332 -96.8231
-0.294446 0.0564018 -0.954003 -28.7289 0.00643845 0.998351 0.0570366 -7.48944 0.955647 0.0106519 -0.294323 -97.6097
-0.291853 0.0569975 -0.954764 -31.1841 0.00786241 0.998332 0.0571951 -7.38584 0.956431 0.00918581 -0.291814 -98.3761
-0.290541 0.05495 -0.955284 -33.7084 0.00764047 0.998451 0.0551093 -7.28624 0.956832 0.00871269 -0.290511 -99.1509
-0.288964 0.0524729 -0.955901 -36.1125 0.00954661 0.998605 0.0519312 -7.20501 0.957292 0.00588066 -0.289062 -99.8837
-0.288024 0.0536054 -0.956122 -38.5298 0.0132938 0.99856 0.05198 -7.11789 0.957531 0.00226102 -0.288322 -100.627
-0.28613 0.0562915 -0.956536 -41.0688 0.0151645 0.998414 0.0542198 -7.03022 0.958071 0.00100858 -0.28653 -101.384
-0.285417 0.0575692 -0.956673 -43.5024 0.0157471 0.998341 0.0553786 -6.94258 0.958274 0.00074115 -0.28585 -102.128
-0.283641 0.0573886 -0.957212 -46.0009 0.0146597 0.998351 0.055511 -6.83949 0.958819 0.00171273 -0.284014 -102.878
-0.282463 0.0573466 -0.957563 -48.4372 0.0135265 0.99835 0.0557993 -6.74602 0.959183 0.00280874 -0.282773 -103.595
-0.280597 0.0576181 -0.958095 -50.9168 0.0129751 0.998333 0.0562379 -6.65412 0.959738 0.00334879 -0.280877 -104.322
-0.279025 0.0572447 -0.958576 -53.3709 0.0121028 0.998352 0.0560971 -6.56553 0.960208 0.00405101 -0.279258 -105.058
