1 0 5.09317e-11 0 9.31323e-10 1 0 0 -2.98314e-10 0 1 0
0.999929 -0.00271729 0.0115959 0.00370314 0.00270263 0.999996 0.00128049 -0.020911 -0.0115994 -0.00124906 0.999932 0.280872
0.999782 -0.00455651 0.0203777 0.0199584 0.00451497 0.999988 0.00208433 -0.0302274 -0.020387 -0.00199187 0.99979 0.57941
0.999727 -0.00739795 0.0221521 0.0323711 0.00737292 0.999972 0.00121155 -0.036814 -0.0221605 -0.0010479 0.999754 0.86939
0.999782 -0.00841987 0.0190933 0.0353007 0.00842267 0.999965 -6.6373e-05 -0.0414131 -0.0190921 0.000227175 0.999818 1.17995
0.999857 -0.0108724 0.012944 0.0342141 0.0108928 0.99994 -0.00150315 -0.045069 -0.0129269 0.00164393 0.999915 1.49478
0.999928 -0.0118414 0.00179617 0.0150179 0.0118464 0.999926 -0.00280158 -0.0549132 -0.00176286 0.00282266 0.999995 1.82204
0.99984 -0.0110198 -0.0141108 -0.00389502 0.0109742 0.999934 -0.0033048 -0.0628624 0.0141463 0.00314942 0.999895 2.15281
0.99939 -0.00696993 -0.0342149 -0.0405972 0.00686934 0.999972 -0.0030566 -0.0711801 0.0342352 0.0028197 0.99941 2.492
0.99852 -0.00327422 -0.0542952 -0.0868959 0.00302831 0.999985 -0.00461067 -0.0762223 0.0543095 0.00443942 0.998514 2.84115
0.997202 -0.00259432 -0.074709 -0.138335 0.00221563 0.999984 -0.00515129 -0.0845388 0.0747211 0.00497135 0.997192 3.19232
0.995455 -0.00375711 -0.0951582 -0.180753 0.00340357 0.999987 -0.00387725 -0.0908259 0.0951715 0.00353575 0.995455 3.59012
0.993649 -0.00499258 -0.112416 -0.238463 0.00467083 0.999984 -0.00312537 -0.0986072 0.11243 0.00258044 0.993656 3.97622
0.991693 -0.00454181 -0.12855 -0.309117 0.00419261 0.999987 -0.00298693 -0.105339 0.128562 0.00242315 0.991699 4.34936
0.98944 -0.00327646 -0.144907 -0.401373 0.00302358 0.999994 -0.00196532 -0.112895 0.144913 0.00150642 0.989443 4.77745
0.987271 -0.00246026 -0.159027 -0.485801 0.00215924 0.999996 -0.00206565 -0.119511 0.159031 0.00169598 0.987272 5.20568
0.985142 -0.00402385 -0.171694 -0.560009 0.00358136 0.999989 -0.00288693 -0.126377 0.171703 0.00222914 0.985146 5.63879
0.983342 -0.00696513 -0.181632 -0.652946 0.00623065 0.99997 -0.00461404 -0.138648 0.181659 0.00340549 0.983356 6.08268
0.982068 -0.00639339 -0.188418 -0.763042 0.00520557 0.999963 -0.00679836 -0.146839 0.188454 0.00569563 0.982065 6.53337
0.980567 -0.00641648 -0.19608 -0.868902 0.00476856 0.999949 -0.00887524 -0.1519 0.196127 0.00776775 0.980548 7.01953
0.979166 -0.00675369 -0.202947 -0.967117 0.00457786 0.999927 -0.0111887 -0.161571 0.203008 0.0100265 0.979126 7.48572
0.977093 -0.0107124 -0.212542 -1.07658 0.00812682 0.999882 -0.0130351 -0.174097 0.212657 0.0110092 0.977065 7.98882
0.975362 -0.0164659 -0.219996 -1.2013 0.0137475 0.999809 -0.0138818 -0.191647 0.220183 0.0105154 0.975402 8.50522
0.973414 -0.0171658 -0.228407 -1.33209 0.013871 0.999775 -0.0160227 -0.212059 0.22863 0.0124285 0.973434 9.01999
0.971441 -0.0138559 -0.236876 -1.48345 0.00922072 0.999744 -0.0206646 -0.220149 0.237102 0.0178903 0.97132 9.56151
0.969452 -0.0108336 -0.245043 -1.6331 0.0051812 0.999706 -0.0237 -0.237673 0.245227 0.0217064 0.969223 10.1049
0.967077 -0.0135138 -0.254126 -1.78812 0.00718848 0.999641 -0.0258027 -0.25882 0.254383 0.0231264 0.966827 10.6652
0.964598 -0.0152613 -0.263281 -1.95797 0.00836197 0.999592 -0.0273059 -0.285182 0.26359 0.0241377 0.964333 11.2232
0.962726 -0.015019 -0.270061 -2.12821 0.00717412 0.999524 -0.0300121 -0.30963 0.270383 0.026956 0.962375 11.8034
0.960252 -0.014297 -0.278769 -2.30787 0.00512689 0.999422 -0.0335963 -0.33221 0.279089 0.0308317 0.95977 12.3859
0.958467 -0.015257 -0.284796 -2.4972 0.00435183 0.999234 -0.0388849 -0.363457 0.285171 0.0360305 0.957799 13.0028
0.956397 -0.0162627 -0.291616 -2.69543 0.00294451 0.998935 -0.046051 -0.401549 0.292054 0.0431844 0.955426 13.6087
0.955129 -0.0166119 -0.295726 -2.90201 0.000619583 0.998536 -0.0540902 -0.439505 0.296191 0.0514798 0.95374 14.2373
0.954113 -0.0167422 -0.298977 -3.10323 -0.00214271 0.998029 -0.0627257 -0.48259 0.299438 0.060488 0.952196 14.8572
0.95255 -0.015805 -0.303971 -3.32655 -0.00630445 0.997412 -0.0716165 -0.529654 0.304317 0.0701347 0.949986 15.4892
0.951468 -0.0149017 -0.307388 -3.54113 -0.00979684 0.996854 -0.0786505 -0.588854 0.307593 0.0778448 0.948328 16.139
0.949727 -0.0140027 -0.312766 -3.78592 -0.013324 0.996286 -0.0850633 -0.650899 0.312795 0.0849542 0.946014 16.811
0.948159 -0.0124925 -0.31755 -4.0267 -0.0173556 0.9957 -0.0909921 -0.722009 0.317322 0.0917863 0.943866 17.476
0.946705 -0.0104236 -0.321934 -4.26306 -0.0218433 0.995098 -0.0964533 -0.796733 0.321361 0.0983449 0.941836 18.164
0.945181 -0.00778385 -0.326455 -4.52592 -0.0261828 0.994691 -0.0995238 -0.873712 0.325496 0.102616 0.939959 18.8622
0.94328 -0.00709762 -0.331923 -4.7776 -0.028058 0.994491 -0.101003 -0.949364 0.330811 0.104587 0.937884 19.5371
0.941087 -0.00606953 -0.33811 -5.05166 -0.029529 0.994545 -0.100044 -1.03851 0.336873 0.104134 0.935774 20.277
0.939186 -0.00615393 -0.343355 -5.32109 -0.0295718 0.994676 -0.0987158 -1.12503 0.342134 0.102866 0.934004 21.0179
0.936773 -0.00616091 -0.349884 -5.58356 -0.0295937 0.994869 -0.0967519 -1.20651 0.348684 0.100989 0.931784 21.7035
0.933778 -0.00607644 -0.357802 -5.88889 -0.0293616 0.995184 -0.0935278 -1.2877 0.356647 0.0978398 0.929102 22.4083
0.929885 -0.00355501 -0.367834 -6.1818 -0.0312523 0.995574 -0.0886278 -1.37449 0.366522 0.0939093 0.925658 23.2193
0.926529 -0.00220925 -0.376218 -6.50442 -0.0311817 0.996091 -0.0826418 -1.45275 0.37493 0.0883011 0.922838 23.9526
0.923153 0.00126017 -0.384431 -6.86596 -0.0343431 0.996267 -0.0792039 -1.53282 0.382896 0.0863199 0.919749 24.717
0.919627 0.00186228 -0.392789 -7.14301 -0.0348019 0.996442 -0.0767564 -1.60543 0.391248 0.0842571 0.91642 25.4392
0.91553 0.00347882 -0.402234 -7.54722 -0.0372044 0.996409 -0.0760638 -1.6853 0.400525 0.0846036 0.912372 26.2342
0.911705 0.00360552 -0.41083 -7.87558 -0.0377723 0.996462 -0.0750784 -1.75565 0.409106 0.0839673 0.908615 27.0007
0.908269 0.0042072 -0.418366 -8.26093 -0.038316 0.996584 -0.0731617 -1.82765 0.416629 0.0824805 0.905327 27.773
0.904344 0.0042201 -0.426784 -8.62505 -0.0381087 0.996756 -0.0708954 -1.90128 0.4251 0.080378 0.901571 28.5436
0.899915 0.00453353 -0.436042 -9.05419 -0.0373909 0.997065 -0.0668018 -1.9731 0.43446 0.0764199 0.897444 29.3633
0.895912 0.00513211 -0.444203 -9.43953 -0.0363115 0.997433 -0.0617127 -2.03746 0.442746 0.0714188 0.893798 30.1586
0.892888 0.00477224 -0.450254 -9.81971 -0.034189 0.997776 -0.057224 -2.09903 0.44898 0.0664884 0.891065 30.8991
0.888582 0.00413549 -0.458699 -10.2883 -0.0330012 0.997945 -0.0549321 -2.17026 0.457529 0.0639493 0.886892 31.7905
0.885337 0.00458927 -0.464928 -10.7017 -0.0333503 0.998002 -0.053656 -2.23004 0.463753 0.0630091 0.883721 32.5735
0.882344 0.00489369 -0.470579 -11.1522 -0.033173 0.998105 -0.0518203 -2.28644 0.469434 0.0613338 0.880835 33.4127
0.878808 0.00272693 -0.477168 -11.6216 -0.0305917 0.998249 -0.0506364 -2.35078 0.476194 0.0590971 0.877352 34.2517
0.876935 0.00171107 -0.480607 -12.1124 -0.029543 0.998295 -0.0503512 -2.40977 0.479701 0.0583533 0.87549 35.0896
0.874541 0.000422407 -0.484951 -12.5569 -0.0286692 0.998296 -0.0508313 -2.46749 0.484103 0.0583572 0.873063 35.8848
0.873397 0.000570871 -0.487009 -13.0908 -0.0292347 0.998257 -0.0512591 -2.53351 0.486131 0.059007 0.871892 36.8409
0.871943 0.00140724 -0.489606 -13.5774 -0.0299116 0.998281 -0.0504005 -2.59099 0.488693 0.0585913 0.870486 37.6659
0.872713 0.00101292 -0.488232 -14.038 -0.0284488 0.998404 -0.0487808 -2.6483 0.487403 0.0564613 0.87135 38.487
0.871154 -0.000807471 -0.491009 -14.5791 -0.0262535 0.998492 -0.0482213 -2.71865 0.490307 0.0548989 0.869819 39.5102
0.870684 -0.00235926 -0.491837 -15.0759 -0.0248033 0.998506 -0.0486983 -2.77726 0.491217 0.0546 0.869324 40.3512
0.870613 -0.00388023 -0.491953 -15.5693 -0.0233488 0.998516 -0.0491962 -2.83677 0.491414 0.0543174 0.869231 41.2092
0.867809 -0.00508255 -0.496871 -16.1506 -0.0213803 0.99864 -0.047557 -2.90601 0.496437 0.0518937 0.86652 42.2045
0.865051 -0.00518573 -0.501658 -16.6694 -0.0195233 0.998841 -0.0439908 -2.97111 0.501305 0.0478482 0.863947 43.1574
0.863206 -0.00506059 -0.504826 -17.1666 -0.0174044 0.999057 -0.0397749 -3.02852 0.504551 0.0431201 0.862304 43.9431
0.859849 -0.00621488 -0.510511 -17.7177 -0.0147545 0.999206 -0.037015 -3.08891 0.510336 0.0393596 0.859074 44.8833
0.852404 -0.00896699 -0.522807 -18.2983 -0.0135725 0.999137 -0.0392659 -3.15363 0.522708 0.0405663 0.851546 45.823
0.847188 -0.0114329 -0.53117 -18.836 -0.0133436 0.998995 -0.0427848 -3.21338 0.531125 0.0433345 0.846185 46.6602
0.839367 -0.0112315 -0.543449 -19.4348 -0.0141201 0.998999 -0.0424551 -3.28059 0.543381 0.0433089 0.838368 47.6736
0.833235 -0.0085795 -0.552853 -20.0332 -0.0145165 0.999196 -0.0373847 -3.3368 0.552729 0.0391757 0.83244 48.5671
0.829431 -0.00641344 -0.558573 -20.6093 -0.0138688 0.99939 -0.0320688 -3.39368 0.558437 0.0343455 0.828835 49.4029
0.825069 -0.00458738 -0.565013 -21.193 -0.0173703 0.999288 -0.0334784 -3.447 0.564765 0.0374364 0.824402 50.2515
0.821083 -0.00722569 -0.570764 -21.7966 -0.0178356 0.999107 -0.0383061 -3.50182 0.570531 0.0416324 0.82022 51.1164
0.817713 -0.00822332 -0.575567 -22.449 -0.0214658 0.998767 -0.0447664 -3.5711 0.575225 0.0489611 0.816529 52.0315
0.815814 -0.00948958 -0.578236 -23.091 -0.0215384 0.998673 -0.0467773 -3.63448 0.577913 0.0506159 0.814527 52.8864
0.809974 -0.00785398 -0.586413 -23.7271 -0.0213466 0.998853 -0.0428626 -3.70292 0.586077 0.0472355 0.808877 53.8202
0.808858 -0.00649045 -0.587969 -24.334 -0.0189366 0.999133 -0.0370799 -3.75881 0.587699 0.0411265 0.808033 54.6131
0.805233 -0.00545073 -0.592934 -24.985 -0.0184774 0.999242 -0.0342791 -3.81936 0.592671 0.0385586 0.804521 55.4986
0.801688 -0.00328802 -0.597733 -25.6703 -0.0214628 0.999182 -0.0342825 -3.87665 0.597357 0.0403129 0.800962 56.3963
0.797338 -0.00515571 -0.603511 -26.3008 -0.020922 0.999126 -0.0361768 -3.933 0.60317 0.0414718 0.796534 57.2921
0.794966 -0.00678096 -0.606616 -27.0352 -0.0211206 0.999022 -0.0388458 -3.99474 0.606286 0.0436931 0.794046 58.1173
0.78942 -0.00754839 -0.613807 -27.6124 -0.020936 0.999012 -0.0392114 -4.05188 0.613496 0.0438049 0.788482 58.9978
0.784941 -0.0089599 -0.619505 -28.3049 -0.018661 0.9991 -0.0380943 -4.10959 0.619289 0.0414624 0.784068 59.8003
0.780122 -0.00899265 -0.625562 -28.9825 -0.0185714 0.999123 -0.0375227 -4.16927 0.625351 0.0408899 0.779271 60.6399
0.774337 -0.00981735 -0.632697 -29.7252 -0.0186098 0.999094 -0.0382786 -4.23304 0.6325 0.0414149 0.773453 61.5367
0.769354 -0.0110149 -0.638727 -30.352 -0.018391 0.999055 -0.039381 -4.28928 0.638557 0.0420448 0.768425 62.3308
0.763697 -0.0121728 -0.645461 -31.171 -0.0178672 0.999041 -0.039981 -4.35604 0.645328 0.0420659 0.762746 63.1832
0.758346 -0.0138027 -0.651706 -31.817 -0.0171364 0.999008 -0.0410988 -4.41343 0.651627 0.042335 0.757357 63.9753
0.751433 -0.0155129 -0.659627 -32.5829 -0.0166255 0.998961 -0.0424326 -4.47959 0.6596 0.0428519 0.750394 64.8161
0.745335 -0.0163011 -0.66649 -33.2907 -0.0157786 0.99899 -0.0420785 -4.53993 0.666503 0.0418789 0.744325 65.6235
0.739972 -0.0165412 -0.672434 -33.924 -0.0147709 0.999057 -0.0408302 -4.59306 0.672476 0.0401456 0.73903 66.2938
0.73236 -0.0175008 -0.680693 -34.592 -0.0130147 0.999127 -0.0396903 -4.64929 0.680794 0.0379266 0.731493 67.0518
0.726131 -0.018934 -0.687296 -35.3214 -0.0120769 0.999115 -0.0402835 -4.71378 0.68745 0.0375515 0.72526 67.8672
0.720079 -0.0205086 -0.693589 -36.2982 -0.0121914 0.999035 -0.0421973 -4.79233 0.693785 0.0388412 0.719134 68.789
0.714174 -0.0195641 -0.699695 -37.1038 -0.0139948 0.99901 -0.0422177 -4.853 0.699828 0.0399429 0.713194 69.5931
0.708182 -0.0196055 -0.705758 -37.789 -0.0132344 0.99907 -0.0410335 -4.90542 0.705906 0.0383994 0.707264 70.2441
0.703502 -0.0191519 -0.710436 -38.6107 -0.0140363 0.999067 -0.0408321 -4.96987 0.710555 0.0386973 0.702577 71.036
0.698949 -0.0199806 -0.714893 -39.4233 -0.01409 0.999031 -0.0416978 -5.03823 0.715033 0.0392174 0.69799 71.8588
0.693159 -0.0214229 -0.720466 -40.2843 -0.0149618 0.998915 -0.0440972 -5.10641 0.720629 0.0413458 0.692087 72.6617
0.688822 -0.0237586 -0.724542 -41.1429 -0.0148657 0.99879 -0.0468844 -5.17811 0.724779 0.0430658 0.687635 73.4553
0.682778 -0.0231582 -0.730259 -41.9579 -0.0172592 0.998707 -0.0478084 -5.25004 0.730422 0.0452462 0.681496 74.2782
0.678775 -0.023871 -0.733959 -42.8201 -0.01499 0.998813 -0.046348 -5.31682 0.734194 0.0424619 0.677611 75.0054
0.674429 -0.0241698 -0.737945 -43.6451 -0.0137899 0.998877 -0.0453191 -5.38596 0.738212 0.0407406 0.673338 75.7521
0.667921 -0.0243822 -0.743833 -44.5587 -0.01403 0.998873 -0.0453403 -5.46383 0.7441 0.0407197 0.666826 76.5739
0.663072 -0.026063 -0.748102 -45.4298 -0.0127988 0.998853 -0.046143 -5.53573 0.748446 0.0401709 0.661978 77.3695
0.659738 -0.026236 -0.751038 -46.3051 -0.0122053 0.998884 -0.0456156 -5.60868 0.751397 0.0392609 0.658682 78.1154
0.654566 -0.0275143 -0.755504 -47.2133 -0.0102919 0.998921 -0.045296 -5.67661 0.755935 0.0374248 0.653576 78.9021
0.651046 -0.0305714 -0.758422 -48.0853 -0.00687421 0.99891 -0.0461663 -5.74984 0.759007 0.0352699 0.650126 79.6519
0.645924 -0.0350135 -0.762599 -49.0466 -0.00371819 0.998792 -0.0490072 -5.82785 0.763393 0.0344904 0.645013 80.4649
0.639958 -0.0391032 -0.767414 -49.9811 -0.000441387 0.998686 -0.0512556 -5.90611 0.76841 0.0331402 0.639099 81.2897
0.632116 -0.0433386 -0.773661 -50.8946 0.00615024 0.998684 -0.0509188 -5.98507 0.774849 0.0274284 0.63155 82.0298
0.62659 -0.0468709 -0.777938 -51.84 0.0107834 0.998616 -0.0514812 -6.06772 0.779274 0.0238688 0.626228 82.7464
0.615816 -0.0481261 -0.786419 -52.766 0.0138694 0.99864 -0.0502527 -6.14636 0.787768 0.0200392 0.615646 83.5003
0.606403 -0.0471533 -0.793758 -53.722 0.0152406 0.998746 -0.0476874 -6.2203 0.795011 0.0168204 0.606361 84.2636
0.600035 -0.0470894 -0.798586 -54.7087 0.0156234 0.998765 -0.0471542 -6.3004 0.799821 0.0158176 0.60003 84.9046
0.589431 -0.0473599 -0.806429 -55.7023 0.0126483 0.998699 -0.0494066 -6.37617 0.80772 0.0189218 0.589263 85.6632
0.580084 -0.0503315 -0.813 -56.6808 0.0146641 0.998573 -0.051357 -6.45884 0.814425 0.0178695 0.579994 86.3373
0.571408 -0.0508036 -0.819092 -57.7205 0.0128275 0.998513 -0.0529834 -6.53933 0.820566 0.0197682 0.57121 87.0792
0.560155 -0.0524967 -0.826723 -58.7167 0.0172104 0.998512 -0.0517442 -6.61939 0.828209 0.0147565 0.560225 87.7253
0.549195 -0.0521784 -0.834064 -59.7774 0.0184197 0.998562 -0.0503407 -6.70608 0.835491 0.0122837 0.549367 88.4403
0.538216 -0.052723 -0.841156 -60.8291 0.0190984 0.998548 -0.050368 -6.78846 0.84259 0.0110441 0.538442 89.0907
0.530183 -0.0530666 -0.846221 -61.8732 0.0170861 0.998506 -0.0519114 -6.87286 0.847711 0.0130639 0.530297 89.7683
0.518046 -0.0541725 -0.853636 -62.9455 0.0170757 0.998449 -0.0529998 -6.95288 0.855182 0.0128798 0.518167 90.3831
0.509169 -0.0544813 -0.85894 -64.068 0.0149784 0.998404 -0.0544483 -7.04563 0.860536 0.0148579 0.509173 91.0528
0.499449 -0.0546791 -0.864616 -65.126 0.0144964 0.998394 -0.0547655 -7.12952 0.866222 0.0148188 0.499439 91.6331
0.490822 -0.0527283 -0.869663 -66.284 0.0135943 0.998509 -0.052868 -7.21988 0.871154 0.0141263 0.490807 92.2799
0.482551 -0.0509856 -0.874383 -67.4097 0.0147121 0.998635 -0.0501116 -7.30658 0.875744 0.0113174 0.482642 92.8673
0.475453 -0.051425 -0.878237 -68.5127 0.0150525 0.998619 -0.050325 -7.38945 0.879613 0.0107075 0.47557 93.4553
0.468169 -0.0537328 -0.882004 -69.6573 0.0158508 0.9985 -0.0524162 -7.47934 0.883497 0.0105591 0.468318 94.0643
0.459647 -0.0570219 -0.886269 -70.8143 0.0183651 0.998334 -0.0547073 -7.56901 0.887912 0.00886965 0.459929 94.6717
0.453832 -0.0601302 -0.889056 -71.9762 0.0195542 0.998152 -0.0575271 -7.66467 0.890873 0.00872282 0.454169 95.2452
0.447234 -0.0631887 -0.892182 -73.1595 0.0211748 0.99797 -0.0600666 -7.76282 0.894166 0.00797207 0.447664 95.8371
0.44312 -0.0641797 -0.894162 -74.3995 0.0232519 0.997921 -0.0601042 -7.86778 0.896161 0.00584244 0.443691 96.4381
0.440003 -0.062209 -0.895839 -75.4397 0.0258474 0.998062 -0.0566123 -7.95656 0.897624 0.00175445 0.440758 96.9352
0.43546 -0.0602361 -0.898191 -76.624 0.0296395 0.998177 -0.0525718 -8.05777 0.89972 -0.00372904 0.436451 97.5238
0.433837 -0.0594209 -0.89903 -77.6511 0.0308527 0.998218 -0.0510883 -8.14199 0.900463 -0.00557352 0.434897 98.0236
0.428471 -0.0590291 -0.901625 -78.9235 0.0317049 0.998231 -0.0502871 -8.23834 0.902999 -0.00703936 0.429585 98.6045
0.426881 -0.0580893 -0.90244 -80.004 0.0337362 0.998263 -0.0482992 -8.32493 0.903678 -0.00982689 0.428099 99.1257
0.425746 -0.0578004 -0.902995 -81.1221 0.0365777 0.998241 -0.0466514 -8.40858 0.904103 -0.0131679 0.427111 99.6402
0.422993 -0.0582007 -0.904262 -82.2436 0.0379056 0.998198 -0.0465153 -8.49573 0.90534 -0.0146009 0.424437 100.171
0.420734 -0.0587514 -0.90528 -83.3609 0.0406016 0.99812 -0.0459068 -8.57784 0.906275 -0.0174412 0.422329 100.687
0.418536 -0.0575961 -0.906372 -84.4471 0.0432966 0.998118 -0.0434331 -8.65803 0.907167 -0.0210645 0.420242 101.197
0.417628 -0.0575077 -0.906796 -85.5478 0.0466838 0.998035 -0.0417935 -8.7412 0.907418 -0.0248785 0.419492 101.694
0.415439 -0.0578999 -0.907777 -86.6045 0.0479608 0.997978 -0.0417041 -8.81712 0.908356 -0.0262122 0.417376 102.171
0.412881 -0.0588512 -0.908882 -87.7326 0.0486025 0.997912 -0.0425371 -8.89517 0.909487 -0.0266111 0.414879 102.68
0.414118 -0.0604404 -0.908214 -88.7529 0.0494462 0.997814 -0.0438572 -8.97531 0.908879 -0.0267457 0.416201 103.159
0.416269 -0.060718 -0.907212 -89.7971 0.048002 0.997844 -0.0447584 -9.05281 0.907974 -0.0249164 0.418286 103.619
0.417312 -0.0600251 -0.906779 -90.8491 0.0454825 0.997945 -0.0451283 -9.13168 0.907624 -0.0224099 0.419185 104.099
0.421459 -0.0602081 -0.904846 -91.8896 0.043103 0.997996 -0.0463297 -9.21237 0.905822 -0.0194755 0.42321 104.578
0.425181 -0.0605439 -0.903081 -92.9047 0.0417935 0.998009 -0.0472312 -9.28938 0.904143 -0.0176612 0.426865 105.038
0.432429 -0.0602624 -0.899652 -93.8831 0.0404932 0.998055 -0.0473903 -9.36288 0.900759 -0.0159369 0.434028 105.511
0.438267 -0.0590388 -0.896904 -94.9262 0.0393826 0.998144 -0.0464588 -9.44361 0.897982 -0.0149611 0.439779 106.005
0.447218 -0.0583723 -0.892518 -95.9293 0.0391199 0.99819 -0.0456815 -9.51827 0.893569 -0.0144856 0.448692 106.496
0.457626 -0.0576545 -0.887274 -96.9318 0.0380223 0.998252 -0.0452552 -9.59223 0.888331 -0.0130262 0.459018 107.022
0.463441 -0.0575021 -0.88426 -97.893 0.0378225 0.998267 -0.045093 -9.66314 0.88532 -0.012547 0.464812 107.496
0.475901 -0.0582864 -0.877565 -98.8226 0.0366817 0.998249 -0.0464096 -9.73219 0.878734 -0.0101042 0.477205 108
0.486216 -0.0589857 -0.871845 -99.8163 0.033794 0.998242 -0.0486908 -9.80853 0.873185 -0.00578885 0.487355 108.54
0.497845 -0.058972 -0.865259 -100.759 0.0313823 0.998257 -0.04998 -9.88412 0.866698 -0.00227152 0.498828 109.096
0.510211 -0.0571867 -0.858146 -101.494 0.0285658 0.998363 -0.0495469 -9.94021 0.859575 0.000765687 0.511009 109.528
0.522237 -0.0546209 -0.85105 -102.424 0.0271947 0.998506 -0.047397 -10.0123 0.852367 0.00160839 0.522942 110.085
0.533756 -0.052948 -0.843979 -103.44 0.0269996 0.998596 -0.0455728 -10.0934 0.845208 0.00153768 0.534436 110.716
0.54557 -0.0514349 -0.836485 -104.346 0.0258041 0.998673 -0.0445778 -10.166 0.837668 0.00273555 0.546174 111.335
0.556924 -0.0518488 -0.828944 -105.197 0.0256724 0.998647 -0.0452155 -10.2343 0.830167 0.00390066 0.557502 111.871
0.568765 -0.0529409 -0.820795 -106.055 0.0265754 0.998588 -0.0459933 -10.3021 0.822071 0.00434645 0.569369 112.444
0.580528 -0.0552712 -0.812363 -106.914 0.0294018 0.998466 -0.0469221 -10.3735 0.81371 0.00335464 0.581262 113.077
0.589561 -0.0538634 -0.805926 -107.747 0.0279404 0.998537 -0.046297 -10.4447 0.80724 0.00477706 0.590204 113.659
0.599857 -0.0520352 -0.798413 -108.592 0.0273185 0.998633 -0.0445595 -10.5163 0.79964 0.00491793 0.600459 114.314
0.609639 -0.0502958 -0.791082 -109.43 0.0286815 0.998731 -0.0413948 -10.5811 0.79216 0.00254651 0.610308 114.928
0.617938 -0.049084 -0.784693 -110.222 0.0282858 0.998791 -0.0402014 -10.648 0.785718 0.00264625 0.618579 115.537
0.629779 -0.0478715 -0.775298 -110.995 0.0256144 0.998836 -0.0408673 -10.7101 0.776352 0.00587855 0.630272 116.164
0.640221 -0.0469163 -0.766756 -111.778 0.0229066 0.998855 -0.0419916 -10.7728 0.767849 0.00932013 0.640563 116.803
0.647822 -0.046514 -0.76037 -112.5 0.0228235 0.998871 -0.0416585 -10.8341 0.76145 0.00963297 0.648153 117.438
0.65872 -0.0446644 -0.751061 -113.234 0.0222689 0.998957 -0.0398753 -10.8979 0.752058 0.00954136 0.659028 118.065
0.666658 -0.0433096 -0.744104 -113.972 0.0227307 0.999027 -0.0377821 -10.9561 0.745017 0.00827375 0.666994 118.747
0.673148 -0.0426423 -0.738277 -114.683 0.0230303 0.999061 -0.0367062 -11.0169 0.739149 0.00770595 0.673498 119.352
0.682396 -0.0418974 -0.729781 -115.384 0.0219076 0.99908 -0.0368729 -11.0721 0.730654 0.0091742 0.682686 120.028
0.690008 -0.0404243 -0.722672 -116.053 0.0210287 0.999137 -0.0358108 -11.1295 0.723496 0.0095129 0.690263 120.646
0.697027 -0.0374027 -0.716068 -116.732 0.0192606 0.999255 -0.0334461 -11.1805 0.716786 0.00952095 0.697228 121.334
0.704295 -0.0352235 -0.709033 -117.398 0.0189342 0.999345 -0.030838 -11.2351 0.709655 0.00829406 0.7045 121.97
0.712645 -0.0339079 -0.700705 -118.042 0.0180572 0.999387 -0.0299965 -11.2861 0.701292 0.00872411 0.712821 122.636
0.718443 -0.0325011 -0.694827 -118.701 0.0167357 0.999426 -0.0294445 -11.3413 0.695385 0.00952578 0.718574 123.302
0.72803 -0.0296656 -0.684903 -119.304 0.0141944 0.999502 -0.0282038 -11.3815 0.685398 0.0108115 0.728088 123.938
0.735981 -0.0268739 -0.676469 -119.959 0.0134667 0.999595 -0.0250592 -11.4324 0.676869 0.00933322 0.736045 124.64
0.746939 -0.0237851 -0.664467 -120.511 0.0120461 0.99968 -0.022243 -11.4679 0.664783 0.00860994 0.746987 125.234
0.755389 -0.0208493 -0.654945 -121.114 0.0096038 0.999739 -0.0207487 -11.5141 0.655207 0.00938338 0.755392 125.937
0.766093 -0.0204634 -0.642403 -121.675 0.00838649 0.999726 -0.0218445 -11.5508 0.642675 0.0113474 0.766055 126.601
0.775426 -0.020902 -0.631093 -122.215 0.00827916 0.999703 -0.0229379 -11.5931 0.631384 0.0125617 0.775368 127.253
0.784353 -0.020182 -0.619986 -122.724 0.00784714 0.999713 -0.0226155 -11.6283 0.620265 0.0128734 0.784287 127.922
0.79613 -0.0189861 -0.604827 -123.254 0.00767438 0.999744 -0.0212812 -11.6634 0.605077 0.0123009 0.796072 128.61
0.807022 -0.0167575 -0.590283 -123.769 0.00712467 0.999801 -0.0186426 -11.6987 0.590478 0.0108395 0.806981 129.318
0.815985 -0.0154554 -0.577866 -124.238 0.00732119 0.999839 -0.0164033 -11.7325 0.578027 0.00915415 0.815967 130.014
0.825023 -0.014047 -0.564924 -124.763 0.00788903 0.99988 -0.0133411 -11.7622 0.565044 0.00654999 0.825035 130.748
0.833235 -0.0136499 -0.552751 -125.19 0.00875412 0.999896 -0.0114957 -11.7889 0.55285 0.00473979 0.833267 131.424
0.840796 -0.0138605 -0.541175 -125.69 0.0101177 0.9999 -0.00989002 -11.8171 0.541258 0.00284004 0.840852 132.181
0.848005 -0.0135974 -0.529814 -126.123 0.0101579 0.999904 -0.00940363 -11.8462 0.529891 0.00259253 0.848062 132.894
0.854818 -0.0125295 -0.518777 -126.558 0.00919452 0.999917 -0.00899965 -11.8687 0.518846 0.00292316 0.854862 133.64
0.8616 -0.0112464 -0.507463 -127.004 0.00801375 0.999931 -0.00855434 -11.8914 0.507524 0.00330374 0.861631 134.367
0.86781 -0.00994667 -0.496797 -127.417 0.00672973 0.999943 -0.00826491 -11.9119 0.496851 0.00382906 0.867827 135.109
0.873623 -0.0106475 -0.486487 -127.832 0.00761985 0.999937 -0.00820165 -11.9373 0.486544 0.00345819 0.873649 135.877
0.878411 -0.0116066 -0.477764 -128.226 0.00847841 0.999926 -0.0087035 -11.9594 0.47783 0.00359457 0.878445 136.633
0.883361 -0.0120474 -0.468538 -128.659 0.00884002 0.99992 -0.00904406 -11.9839 0.46861 0.00384728 0.883397 137.401
0.886936 -0.011356 -0.461752 -129.067 0.00847314 0.99993 -0.00831638 -12.0049 0.461814 0.00346361 0.88697 138.178
0.89117 -0.0095388 -0.45357 -129.509 0.0080448 0.999954 -0.00522318 -12.026 0.453599 0.00100586 0.891205 138.983
0.894214 -0.0061413 -0.447597 -129.895 0.00615286 0.99998 -0.00142807 -12.0438 0.447597 -0.001477 0.894234 139.773
0.896174 -0.00286409 -0.443694 -130.283 0.00393856 0.999991 0.00150006 -12.0561 0.443686 -0.00309183 0.896177 140.629
0.900163 -0.00019933 -0.435553 -130.686 0.0020989 0.99999 0.00388018 -12.0697 0.435548 -0.00440698 0.900155 141.467
0.90351 0.00173441 -0.428564 -131.12 0.00102209 0.99998 0.00620175 -12.0747 0.428567 -0.00604138 0.90349 142.293
0.907106 0.00274572 -0.420893 -131.515 0.0011565 0.999959 0.00901576 -12.0851 0.420901 -0.00866501 0.907065 143.139
0.910777 0.00310715 -0.412887 -131.932 0.00164228 0.999937 0.0111476 -12.092 0.412896 -0.0108311 0.910714 144.051
0.913876 0.00287727 -0.405984 -132.323 0.00212827 0.999927 0.0118774 -12.0981 0.405989 -0.0117185 0.913803 144.964
0.917324 0.00213045 -0.398135 -132.712 0.0028028 0.999926 0.0118085 -12.0943 0.39813 -0.0119481 0.917251 145.817
0.922528 -0.000410678 -0.38593 -133.118 0.00535472 0.999917 0.0117359 -12.103 0.385894 -0.0128932 0.922453 146.787
0.925469 -0.00193507 -0.378819 -133.468 0.00634222 0.999926 0.0103865 -12.1041 0.378771 -0.0120149 0.925413 147.686
0.930938 -0.00286167 -0.365166 -133.878 0.00645953 0.999942 0.00863146 -12.1149 0.36512 -0.0103942 0.930902 148.646
0.935147 -0.00130892 -0.354258 -134.213 0.00432748 0.999961 0.00772869 -12.1184 0.354234 -0.00876051 0.935116 149.603
0.941393 0.00235619 -0.337304 -134.595 0.000679513 0.99996 0.00888156 -12.1237 0.337312 -0.00859024 0.941354 150.618
0.948179 0.00603103 -0.31768 -134.947 -0.00239799 0.999927 0.0118259 -12.1251 0.317728 -0.0104513 0.948124 151.594
0.954172 0.00915194 -0.299118 -135.254 -0.00533994 0.999894 0.013559 -12.1282 0.299211 -0.0113403 0.95412 152.598
0.960963 0.0109191 -0.276461 -135.567 -0.00719192 0.999869 0.0144921 -12.1347 0.276583 -0.0119381 0.960916 153.681
0.966527 0.0123958 -0.256264 -135.863 -0.00868802 0.999841 0.0155959 -12.1329 0.256416 -0.0128474 0.966481 154.736
0.972149 0.0129414 -0.234007 -136.129 -0.00891217 0.999793 0.0182678 -12.137 0.234195 -0.0156735 0.972063 155.813
0.97686 0.0149089 -0.213358 -136.352 -0.0104986 0.999707 0.0217889 -12.1268 0.21362 -0.0190448 0.976731 156.857
0.981848 0.0170304 -0.188905 -136.584 -0.0122866 0.99958 0.0262546 -12.1218 0.189272 -0.023457 0.981644 157.951
0.985904 0.0188736 -0.166242 -136.797 -0.0141821 0.999468 0.029363 -12.1058 0.166708 -0.0265914 0.985648 159.111
0.989434 0.0205379 -0.143521 -136.962 -0.0164696 0.99943 0.0294768 -12.0946 0.144044 -0.0268016 0.989208 160.226
0.992485 0.0204369 -0.120646 -137.118 -0.0172447 0.999475 0.0274448 -12.0804 0.121143 -0.025158 0.992316 161.434
0.99473 0.0203931 -0.100483 -137.236 -0.017832 0.999494 0.0263215 -12.0619 0.100969 -0.0243909 0.994591 162.552
0.996609 0.0190788 -0.0800395 -137.336 -0.01688 0.999464 0.028059 -12.0523 0.0805319 -0.0266128 0.996397 163.786
0.997997 0.0193139 -0.060243 -137.419 -0.0175339 0.999398 0.029937 -12.0363 0.0607849 -0.0288207 0.997735 164.951
0.999066 0.0198948 -0.038366 -137.509 -0.0187142 0.999348 0.0308879 -12.0197 0.0389555 -0.0301411 0.998786 166.215
0.999599 0.0212887 -0.0186577 -137.526 -0.0206932 0.999288 0.0315474 -12.0016 0.019316 -0.0311487 0.999328 167.401
0.999769 0.021424 0.00167092 -137.531 -0.0214663 0.999266 0.0317291 -11.9837 -0.00098993 -0.0317577 0.999495 168.637
0.999508 0.0235575 0.0206894 -137.523 -0.0242031 0.99921 0.0315291 -11.9628 -0.0199304 -0.0320143 0.999289 169.813
0.998833 0.0245268 0.0416192 -137.493 -0.0257927 0.999212 0.0301576 -11.9415 -0.0408468 -0.0311958 0.998678 171.102
0.997772 0.0249208 0.0618926 -137.42 -0.0267043 0.999247 0.0281568 -11.9252 -0.0611443 -0.0297468 0.997686 172.403
0.996367 0.0266877 0.0808696 -137.335 -0.0288339 0.999259 0.0254885 -11.9101 -0.0801295 -0.0277277 0.996399 173.659
0.994699 0.0272803 0.0991435 -137.222 -0.0297494 0.999281 0.0235115 -11.8962 -0.0984308 -0.0263363 0.994795 174.978
0.992407 0.0269942 0.119998 -137.103 -0.0296837 0.999345 0.0206818 -11.8909 -0.119361 -0.0240867 0.992559 176.312
0.990231 0.028288 0.136541 -136.879 -0.0306183 0.999419 0.014997 -11.8854 -0.136038 -0.0190312 0.990521 177.606
0.987513 0.0299309 0.154666 -136.73 -0.0316852 0.999458 0.00888963 -11.8936 -0.154316 -0.0136793 0.987927 178.889
0.984726 0.0325168 0.17105 -136.505 -0.033562 0.999431 0.00322173 -11.8983 -0.170848 -0.0089133 0.985257 180.269
0.981336 0.0341894 0.189236 -136.215 -0.0346298 0.9994 -0.000979796 -11.9226 -0.189156 -0.0055917 0.981931 181.667
0.977994 0.0364033 0.205431 -135.974 -0.0364043 0.99933 -0.00377603 -11.943 -0.205431 -0.00378566 0.978664 182.955
0.973882 0.0358964 0.224199 -135.682 -0.0358663 0.999348 -0.00420818 -11.9692 -0.224204 -0.00394293 0.974534 184.361
0.96967 0.0344486 0.24198 -135.365 -0.0343883 0.999399 -0.0044738 -11.9959 -0.241988 -0.00398318 0.970271 185.687
0.965278 0.0341494 0.258982 -135.003 -0.0328731 0.999417 -0.00925844 -12.0358 -0.259148 0.000423412 0.965838 187.039
0.960732 0.0356678 0.275178 -134.605 -0.0330698 0.999354 -0.0140767 -12.0713 -0.275502 0.00442389 0.96129 188.442
0.955743 0.0381486 0.29172 -134.185 -0.0354414 0.999266 -0.014561 -12.1074 -0.292061 0.00357763 0.956393 189.821
0.949691 0.0398424 0.310644 -133.785 -0.0370396 0.999202 -0.0149188 -12.1551 -0.310991 0.00266212 0.950409 191.186
0.944558 0.0440612 0.325374 -133.337 -0.0403852 0.999021 -0.0180464 -12.1939 -0.325851 0.00390559 0.945413 192.537
0.93741 0.0451255 0.345293 -132.843 -0.0400248 0.998959 -0.0218912 -12.2491 -0.345921 0.00670071 0.93824 193.947
0.930967 0.0458453 0.362213 -132.348 -0.0395813 0.998911 -0.0246996 -12.3022 -0.362951 0.00865766 0.931768 195.265
0.923214 0.0461411 0.381506 -131.731 -0.0374033 0.998841 -0.0302916 -12.372 -0.382461 0.0136961 0.92387 196.8
0.916439 0.0490421 0.397159 -131.243 -0.0380532 0.998645 -0.0355077 -12.4364 -0.398362 0.0174275 0.917063 197.986
0.906285 0.0527862 0.419359 -130.629 -0.0397042 0.998416 -0.0398686 -12.5193 -0.420799 0.019482 0.906945 199.432
0.894597 0.0555955 0.443403 -129.962 -0.0414725 0.998278 -0.041494 -12.5975 -0.444946 0.0187314 0.895362 200.771
0.881937 0.0599448 0.46754 -129.288 -0.0444309 0.998036 -0.0441498 -12.6881 -0.469268 0.0181641 0.882869 202.085
0.86792 0.0642801 0.492526 -128.595 -0.046859 0.997765 -0.0476452 -12.7793 -0.494488 0.0182729 0.868992 203.393
0.853218 0.0680588 0.517095 -127.795 -0.0486122 0.997511 -0.0510787 -12.8811 -0.519284 0.0184442 0.854403 204.708
0.838383 0.069714 0.540605 -127.085 -0.048413 0.997392 -0.053539 -12.9804 -0.542927 0.0187138 0.839571 205.977
0.822151 0.0707252 0.564858 -126.25 -0.0473914 0.997311 -0.0558938 -13.0868 -0.567293 0.0191837 0.823293 207.241
0.806738 0.0729512 0.586389 -125.349 -0.0458112 0.997085 -0.0610191 -13.2057 -0.589131 0.0223633 0.807728 208.493
0.79167 0.0755055 0.606266 -124.478 -0.0444632 0.996823 -0.0660856 -13.325 -0.609329 0.0253615 0.792512 209.653
0.774093 0.0771973 0.628347 -123.525 -0.04246 0.996633 -0.0701355 -13.4561 -0.631646 0.0276118 0.774765 210.902
0.758774 0.0786979 0.646582 -122.55 -0.0410278 0.996478 -0.0731382 -13.5873 -0.65006 0.0289675 0.75933 212.029
0.743829 0.0793336 0.663645 -121.593 -0.0394362 0.99641 -0.074912 -13.7223 -0.667206 0.0295501 0.744287 213.173
0.726864 0.0795335 0.682161 -120.55 -0.0369355 0.996361 -0.0768104 -13.8642 -0.685788 0.0306347 0.727157 214.328
0.713097 0.0803393 0.696446 -119.529 -0.0347939 0.996244 -0.079297 -14.0082 -0.700201 0.0323144 0.713214 215.401
0.696749 0.0815269 0.712667 -118.379 -0.0316836 0.996048 -0.0829689 -14.1628 -0.716615 0.0352287 0.696579 216.529
0.683183 0.083737 0.72543 -117.315 -0.0296896 0.995767 -0.0869818 -14.3182 -0.729643 0.0378868 0.682778 217.58
0.668537 0.086715 0.738605 -116.162 -0.0292548 0.995476 -0.0903931 -14.4815 -0.743103 0.0388234 0.66805 218.617
0.653033 0.0865443 0.752368 -115.046 -0.0270327 0.99548 -0.0910457 -14.6434 -0.756847 0.0391173 0.652421 219.663
0.637475 0.0882137 0.765404 -113.901 -0.0285966 0.995448 -0.0909095 -14.8075 -0.76994 0.0360646 0.637096 220.602
0.62002 0.0892603 0.779492 -112.685 -0.0304109 0.995495 -0.0898057 -14.9806 -0.783996 0.0319762 0.619941 221.608
0.601036 0.0899908 0.794139 -111.513 -0.0325375 0.995572 -0.0881911 -15.1414 -0.798559 0.0271667 0.601303 222.55
0.582276 0.0914654 0.80783 -110.322 -0.0344534 0.995535 -0.0878844 -15.3102 -0.812261 0.0233406 0.582827 223.494
0.56555 0.0947476 0.819253 -109.119 -0.0364681 0.99528 -0.0899304 -15.4817 -0.823907 0.0209835 0.566336 224.336
0.547645 0.0986664 0.830873 -107.871 -0.0392267 0.994959 -0.0922965 -15.6599 -0.835791 0.0179534 0.548755 225.201
0.529213 0.0988885 0.842707 -106.695 -0.0395869 0.994981 -0.0918971 -15.8243 -0.847565 0.0152731 0.530472 225.954
0.50712 0.097699 0.85632 -105.419 -0.0396299 0.995147 -0.0900687 -15.9954 -0.860964 0.0117397 0.508531 226.742
0.486417 0.0955284 0.868489 -104.237 -0.0393675 0.995392 -0.0874383 -16.1508 -0.87284 0.00834115 0.487936 227.45
0.464477 0.0943582 0.880544 -103.001 -0.0398944 0.995528 -0.0856359 -16.3133 -0.884686 0.00464714 0.466164 228.144
0.443659 0.0929234 0.891366 -101.729 -0.0383405 0.995667 -0.0847135 -16.4699 -0.895375 0.00340846 0.445299 228.816
0.421573 0.0925477 0.902059 -100.481 -0.0382195 0.995708 -0.0842939 -16.6226 -0.905989 0.00105983 0.423301 229.42
0.40019 0.0924087 0.911761 -99.2333 -0.0363638 0.995721 -0.0849574 -16.7775 -0.91571 0.000844004 0.401838 230.017
0.380853 0.0920059 0.920047 -98.0036 -0.0330135 0.995756 -0.085911 -16.9249 -0.924046 0.00234549 0.382274 230.534
0.360669 0.0918236 0.928163 -96.7529 -0.0312051 0.995773 -0.0863864 -17.078 -0.932172 0.00219348 0.36201 231.012
0.338269 0.089798 0.936755 -95.4982 -0.0281907 0.995957 -0.0852933 -17.2234 -0.940627 0.00244434 0.339433 231.511
0.31798 0.0888531 0.943925 -94.2028 -0.0245099 0.996037 -0.0855018 -17.3734 -0.94778 0.00405242 0.318898 231.967
0.299343 0.0939338 0.949511 -92.9909 -0.0258823 0.995575 -0.0903313 -17.5195 -0.953795 0.00246459 0.30045 232.345
0.279069 0.10301 0.95473 -91.7256 -0.0284731 0.99468 -0.0989974 -17.6791 -0.959849 0.000442937 0.280517 232.728
0.259289 0.111311 0.959364 -90.5662 -0.0322363 0.99378 -0.106591 -17.8399 -0.965262 -0.00328842 0.261264 233.076
0.240102 0.115018 0.96391 -89.2966 -0.0328833 0.99335 -0.11034 -18.007 -0.97019 -0.00520374 0.242288 233.386
0.220888 0.116305 0.96834 -88.0492 -0.0356767 0.993163 -0.111149 -18.1796 -0.974646 -0.00999566 0.223528 233.711
0.200989 0.116233 0.972673 -86.8581 -0.0372989 0.993124 -0.11097 -18.3417 -0.978883 -0.0139759 0.203942 233.98
0.181103 0.116377 0.976554 -85.631 -0.040643 0.993011 -0.110801 -18.5141 -0.982624 -0.0196237 0.184567 234.226
0.161975 0.115005 0.98007 -84.4391 -0.0393429 0.993149 -0.110037 -18.6752 -0.98601 -0.0207356 0.16539 234.433
0.144116 0.114767 0.982883 -83.2167 -0.0396439 0.993124 -0.11015 -18.8349 -0.988766 -0.0230911 0.147674 234.641
0.125295 0.115298 0.985397 -82.0007 -0.0378522 0.993057 -0.111381 -19.0076 -0.991397 -0.0233439 0.12879 234.807
0.10672 0.118321 0.987224 -80.8213 -0.0416494 0.992555 -0.114458 -19.1617 -0.993416 -0.0289023 0.110854 234.957
0.0876283 0.11991 0.98891 -79.6464 -0.0438266 0.992232 -0.11643 -19.3337 -0.995189 -0.033138 0.0922028 235.066
0.0700189 0.117548 0.990596 -78.4546 -0.0428229 0.992472 -0.114744 -19.4929 -0.996626 -0.034386 0.0745255 235.189
0.0549536 0.11355 0.992011 -77.2938 -0.0397409 0.992974 -0.111459 -19.656 -0.997698 -0.0332984 0.0590801 235.254
0.040996 0.108889 0.993208 -76.131 -0.0382981 0.993485 -0.107339 -19.8071 -0.998425 -0.0336375 0.0448991 235.336
0.028734 0.105812 0.993971 -74.9903 -0.0364812 0.99383 -0.104742 -19.9589 -0.998921 -0.0332516 0.0324168 235.374
0.0183473 0.105269 0.994274 -73.8797 -0.0345914 0.993913 -0.104592 -20.101 -0.999233 -0.0324743 0.021877 235.409
0.00873436 0.107427 0.994175 -72.7477 -0.0361379 0.993597 -0.107047 -20.2575 -0.999309 -0.0349924 0.0125606 235.421
0.00317913 0.109601 0.993971 -71.6596 -0.0365718 0.993323 -0.109413 -20.3967 -0.999326 -0.0360035 0.00716621 235.454
-0.00309769 0.113866 0.993491 -70.5603 -0.0365003 0.992821 -0.113903 -20.5409 -0.999329 -0.0366156 0.0010807 235.464
-0.00858255 0.121213 0.992589 -69.5108 -0.0380559 0.991867 -0.121454 -20.7059 -0.999239 -0.0388162 -0.00389989 235.474
-0.0123231 0.124088 0.992195 -68.4677 -0.0413269 0.991359 -0.124497 -20.8563 -0.99907 -0.0425385 -0.00708849 235.447
-0.0168684 0.116824 0.993009 -67.3702 -0.0382561 0.992348 -0.117397 -20.9998 -0.999126 -0.039969 -0.0122701 235.487
-0.0189494 0.107234 0.994053 -66.3094 -0.0359516 0.993516 -0.107862 -21.1434 -0.999174 -0.0377818 -0.0149712 235.465
-0.0195373 0.103497 0.994438 -65.2742 -0.0350483 0.993945 -0.104135 -21.2759 -0.999195 -0.0368879 -0.0157916 235.458
-0.0207301 0.104659 0.994292 -64.246 -0.035762 0.993792 -0.105352 -21.4093 -0.999145 -0.0377418 -0.0168586 235.467
-0.0206142 0.108045 0.993932 -63.2083 -0.036222 0.99341 -0.10874 -21.5458 -0.999131 -0.0382438 -0.0165648 235.464
-0.0178731 0.11008 0.993762 -62.198 -0.0384535 0.99311 -0.110699 -21.679 -0.999101 -0.0401921 -0.013517 235.453
-0.0169425 0.111135 0.993661 -61.1887 -0.039479 0.992954 -0.111729 -21.8094 -0.999077 -0.0411217 -0.0124357 235.482
-0.0130815 0.112122 0.993608 -60.1782 -0.0414659 0.992778 -0.112574 -21.9444 -0.999054 -0.0426735 -0.0083378 235.463
-0.00989624 0.113456 0.993494 -59.1772 -0.0435701 0.99255 -0.113783 -22.0781 -0.999001 -0.0444126 -0.00487922 235.484
-0.00508877 0.114573 0.993402 -58.1988 -0.0457247 0.992349 -0.114686 -22.2072 -0.998941 -0.0460066 0.000188996 235.496
0.00137159 0.114041 0.993475 -57.1995 -0.046637 0.992402 -0.113853 -22.339 -0.998911 -0.0461765 0.00667968 235.517
0.00898112 0.112101 0.993656 -56.1856 -0.0454426 0.992715 -0.111585 -22.4734 -0.998927 -0.0441521 0.0140099 235.545
0.0164118 0.111639 0.993613 -55.2096 -0.0432188 0.992898 -0.110845 -22.6058 -0.998931 -0.0411236 0.0211202 235.579
0.0236115 0.112302 0.993394 -54.233 -0.0430524 0.992863 -0.111218 -22.7323 -0.998794 -0.040142 0.0282779 235.616
0.0303957 0.111933 0.993251 -53.2727 -0.0424516 0.992958 -0.110601 -22.8584 -0.998636 -0.0388033 0.0349333 235.657
0.0370734 0.111281 0.993097 -52.2919 -0.0443041 0.992986 -0.109614 -22.9843 -0.99833 -0.0399345 0.0417436 235.715
0.0427479 0.109174 0.993103 -51.3174 -0.0447838 0.993222 -0.107259 -23.1085 -0.998082 -0.0398898 0.0473474 235.778
0.0502277 0.107288 0.992958 -50.3605 -0.0443046 0.993474 -0.105103 -23.232 -0.997755 -0.0387135 0.0546533 235.846
0.0576953 0.107882 0.992488 -49.4011 -0.0449925 0.993415 -0.105368 -23.352 -0.99732 -0.0385753 0.0621693 235.901
0.0634842 0.11005 0.991897 -48.423 -0.0444228 0.993228 -0.107355 -23.4776 -0.996994 -0.0372475 0.067943 235.985
0.070521 0.111792 0.991226 -47.4584 -0.044551 0.993062 -0.10883 -23.5946 -0.996515 -0.0364853 0.0750122 236.061
0.0776127 0.113313 0.990523 -46.4891 -0.0464428 0.992853 -0.10994 -23.7237 -0.995901 -0.0374699 0.0823205 236.145
0.0833849 0.114295 0.989941 -45.5522 -0.0484166 0.992692 -0.110534 -23.8399 -0.995341 -0.0387127 0.0883093 236.251
0.0913325 0.113825 0.989294 -44.5921 -0.0491577 0.99275 -0.109685 -23.9639 -0.994606 -0.0386137 0.0962657 236.342
0.0979799 0.111689 0.988901 -43.6438 -0.0503119 0.992968 -0.107163 -24.0844 -0.993916 -0.0392537 0.10291 236.446
0.102966 0.109527 0.988636 -42.6969 -0.0500955 0.993229 -0.104819 -24.2051 -0.993423 -0.0387335 0.107756 236.556
0.1112 0.108918 0.987812 -41.7521 -0.0499169 0.993334 -0.103908 -24.3251 -0.992544 -0.0377539 0.115896 236.682
0.117004 0.110066 0.987013 -40.8205 -0.0499463 0.993234 -0.104839 -24.441 -0.991875 -0.037031 0.12171 236.802
0.124691 0.11116 0.985949 -39.8685 -0.048651 0.993194 -0.105824 -24.5591 -0.991002 -0.0347721 0.12925 236.933
0.133944 0.112136 0.984624 -38.9478 -0.0468897 0.993182 -0.106732 -24.6759 -0.989879 -0.0318725 0.138289 237.068
0.142856 0.114086 0.983146 -38.031 -0.0463632 0.993015 -0.108495 -24.7937 -0.988657 -0.0300826 0.147148 237.208
0.15267 0.115474 0.981508 -37.0885 -0.0478896 0.992848 -0.109359 -24.9159 -0.987116 -0.0303081 0.157108 237.362
0.158478 0.114804 0.980665 -36.171 -0.049551 0.99289 -0.108228 -25.0328 -0.986118 -0.0314412 0.16304 237.531
