1 0 -6.54836e-11 0 9.31323e-10 1 0 0 -1.81899e-10 0 1 0
0.999761 -0.00230776 -0.0217214 -0.0237018 0.00232101 0.999997 0.00058467 -0.0170462 0.02172 -0.000634945 0.999764 0.27259
0.999067 -0.00354592 -0.0430335 -0.0552153 0.00356082 0.999994 0.000269562 -0.0239533 0.0430323 -0.000422546 0.999074 0.538705
0.997836 -0.00584297 -0.0654859 -0.0935462 0.00585974 0.999983 6.40429e-05 -0.0248843 0.0654844 -0.000447634 0.997854 0.82908
0.996002 -0.0089044 -0.0888847 -0.134587 0.00887086 0.99996 -0.000772416 -0.0297611 0.088888 -1.91554e-05 0.996042 1.11377
0.993494 -0.0157613 -0.112786 -0.18168 0.0155331 0.999875 -0.00290226 -0.0335405 0.112818 0.00113146 0.993615 1.41124
0.990715 -0.0205571 -0.134392 -0.237691 0.0202476 0.999788 -0.00366907 -0.0503701 0.134439 0.000913891 0.990921 1.71462
0.987454 -0.0195488 -0.156694 -0.310805 0.0194594 0.999808 -0.0021049 -0.0549385 0.156705 -0.000970689 0.987645 2.01891
0.98333 -0.0183814 -0.180899 -0.393948 0.0184592 0.999829 -0.00125384 -0.0652733 0.180892 -0.00210631 0.983501 2.32886
0.978861 -0.0204814 -0.203497 -0.474493 0.0202873 0.99979 -0.00304037 -0.0758803 0.203516 -0.00115229 0.979071 2.63864
0.974137 -0.0257685 -0.224485 -0.555747 0.0249205 0.999668 -0.00661076 -0.0873294 0.224581 0.000845504 0.974455 2.93538
0.968791 -0.0312451 -0.245904 -0.649151 0.0290675 0.9995 -0.0124812 -0.0959596 0.246171 0.00494382 0.969214 3.25612
0.963439 -0.0351384 -0.265615 -0.740764 0.0314257 0.99934 -0.0182163 -0.103559 0.26608 0.00920316 0.963907 3.56036
0.957888 -0.0385134 -0.284546 -0.853992 0.0333736 0.999181 -0.0228916 -0.115472 0.285194 0.0124312 0.958389 3.88909
0.952209 -0.0403202 -0.302775 -0.97727 0.0339916 0.99908 -0.0261448 -0.124564 0.30355 0.0146035 0.952703 4.22376
0.945964 -0.0453887 -0.321078 -1.09921 0.038156 0.998857 -0.0287862 -0.138964 0.322018 0.0149797 0.946615 4.54155
0.938891 -0.0532126 -0.340076 -1.24006 0.0457411 0.998504 -0.0299555 -0.157148 0.341161 0.0125695 0.939921 4.89596
0.930953 -0.0630568 -0.359654 -1.37589 0.0556238 0.997971 -0.0309901 -0.1783 0.360879 0.00884492 0.932571 5.24373
0.922536 -0.068859 -0.379718 -1.53256 0.0607351 0.997597 -0.0333488 -0.199904 0.381102 0.00770316 0.924501 5.59017
0.913685 -0.0734141 -0.399738 -1.70283 0.0644985 0.997278 -0.0357308 -0.221901 0.401273 0.00686416 0.915933 5.94436
0.904209 -0.0769283 -0.420106 -1.89987 0.0666484 0.997009 -0.0391192 -0.239322 0.421859 0.00737258 0.906632 6.30151
0.894283 -0.0800904 -0.440277 -2.09766 0.067423 0.996738 -0.0443671 -0.273022 0.442393 0.00999196 0.896765 6.661
0.883846 -0.0792363 -0.461019 -2.31971 0.0628482 0.996728 -0.0508199 -0.299071 0.463537 0.0159427 0.885934 7.0301
0.87206 -0.0831687 -0.48228 -2.55174 0.0631448 0.996339 -0.0576391 -0.32651 0.485308 0.0198113 0.874119 7.40338
0.859648 -0.0921729 -0.502504 -2.75594 0.0687858 0.995516 -0.0649309 -0.364946 0.506236 0.0212525 0.862133 7.77269
0.846067 -0.1014 -0.523344 -3.00911 0.0743811 0.994594 -0.0724587 -0.404313 0.527862 0.022378 0.849035 8.1751
0.833004 -0.105458 -0.543124 -3.2694 0.0747778 0.994118 -0.0783387 -0.449544 0.548191 0.0246428 0.83599 8.58442
0.820923 -0.107297 -0.560868 -3.55621 0.0730783 0.993852 -0.0831672 -0.492861 0.566343 0.0272867 0.823718 8.95019
0.811764 -0.104082 -0.574636 -3.87116 0.0660436 0.994039 -0.0867504 -0.53861 0.580239 0.0324698 0.813799 9.35241
0.802685 -0.102286 -0.587566 -4.20545 0.0610821 0.994102 -0.0896115 -0.592643 0.593267 0.03604 0.804199 9.77494
0.793416 -0.103187 -0.599869 -4.53439 0.0594059 0.993948 -0.092401 -0.642797 0.605773 0.0376767 0.794745 10.1932
0.784675 -0.106292 -0.610727 -4.89292 0.060853 0.993639 -0.0947497 -0.696743 0.616914 0.0371831 0.786152 10.6505
0.775074 -0.110696 -0.622098 -5.25845 0.064542 0.993255 -0.0963265 -0.762722 0.628565 0.0345088 0.776991 11.1
0.765356 -0.110864 -0.633987 -5.64502 0.0635446 0.993256 -0.0969776 -0.826033 0.640462 0.0339359 0.767239 11.5564
0.756712 -0.111989 -0.644084 -6.07826 0.0619643 0.993069 -0.0998681 -0.901994 0.650805 0.0356612 0.758407 12.0291
0.746383 -0.114784 -0.655544 -6.49381 0.0607722 0.992654 -0.104617 -0.967274 0.662737 0.0382457 0.747875 12.4918
0.736297 -0.118622 -0.666179 -6.94512 0.0623861 0.992221 -0.107726 -1.04643 0.673776 0.0377582 0.73797 12.9873
0.726574 -0.120395 -0.676458 -7.41775 0.0622501 0.992014 -0.109696 -1.12219 0.684263 0.0375924 0.728266 13.4718
0.7195 -0.121379 -0.683803 -7.88551 0.0614005 0.991871 -0.111457 -1.19954 0.691773 0.0382077 0.721104 13.9588
0.711819 -0.125226 -0.691109 -8.41263 0.0636088 0.991428 -0.114128 -1.29782 0.699476 0.0372777 0.713683 14.4791
0.707667 -0.127404 -0.694965 -8.9085 0.0616096 0.990989 -0.118936 -1.38676 0.703855 0.0413506 0.709139 14.9807
0.706737 -0.129424 -0.695537 -9.45466 0.0587808 0.990467 -0.124576 -1.48287 0.70503 0.0471586 0.707608 15.5038
0.707295 -0.128812 -0.695083 -9.99855 0.0542528 0.99025 -0.128306 -1.58227 0.704833 0.0530402 0.707387 16.0394
0.710195 -0.129534 -0.691985 -10.5305 0.0541723 0.990068 -0.129735 -1.69151 0.701918 0.0546509 0.710158 16.5889
0.713524 -0.13004 -0.688457 -11.0775 0.0549693 0.989986 -0.130024 -1.80531 0.698471 0.054931 0.713527 17.1606
0.717452 -0.126045 -0.68511 -11.6408 0.0499941 0.990275 -0.129834 -1.91974 0.694812 0.0588985 0.716776 17.7304
0.721504 -0.12274 -0.681445 -12.2119 0.0461244 0.990497 -0.12957 -2.03218 0.690872 0.0620538 0.720309 18.3188
0.726036 -0.11777 -0.677497 -12.7919 0.0410574 0.990892 -0.128249 -2.15295 0.68643 0.0652969 0.724259 18.9318
0.73086 -0.115697 -0.67265 -13.3543 0.0399329 0.991088 -0.12708 -2.27001 0.681359 0.0660169 0.728967 19.5487
0.735379 -0.11395 -0.668007 -13.9448 0.0381612 0.99116 -0.127064 -2.39126 0.676581 0.0679485 0.733227 20.1946
0.739031 -0.112274 -0.66425 -14.5275 0.0376664 0.991359 -0.125656 -2.51329 0.672618 0.0678436 0.736873 20.8366
0.742029 -0.113208 -0.66074 -15.1115 0.0408454 0.991441 -0.123999 -2.62819 0.669122 0.0650227 0.740302 21.4944
0.744876 -0.112901 -0.657581 -15.7284 0.0403128 0.991394 -0.12455 -2.76754 0.665983 0.0662656 0.743017 22.1784
0.746332 -0.11463 -0.655628 -16.3331 0.0395581 0.990956 -0.128228 -2.88858 0.664397 0.0697651 0.744117 22.8506
0.748856 -0.111841 -0.653228 -16.9637 0.0332177 0.990753 -0.131549 -3.01844 0.6619 0.0768126 0.745646 23.5453
0.750116 -0.110934 -0.651936 -17.5774 0.0319739 0.990761 -0.1318 -3.14212 0.660533 0.0780201 0.746732 24.2351
0.75246 -0.110704 -0.649267 -18.2032 0.034611 0.991058 -0.128869 -3.28238 0.657728 0.0744973 0.749563 24.9533
0.754127 -0.110047 -0.647443 -18.864 0.0347868 0.99117 -0.127951 -3.41972 0.655807 0.0739692 0.751296 25.6981
0.755032 -0.111317 -0.64617 -19.4774 0.035791 0.991011 -0.128902 -3.55428 0.654711 0.0741981 0.752229 26.4243
0.755481 -0.118541 -0.644358 -20.1224 0.0447659 0.990537 -0.129741 -3.69593 0.65364 0.0691713 0.753638 27.1783
0.75685 -0.1169 -0.64305 -20.7706 0.0421383 0.990556 -0.130477 -3.84438 0.652229 0.0716543 0.754627 27.9342
0.757051 -0.113474 -0.643426 -21.4342 0.039283 0.990926 -0.128539 -3.98382 0.652174 0.0720348 0.754639 28.6989
0.757464 -0.112048 -0.64319 -22.1159 0.0409757 0.991379 -0.12445 -4.12162 0.65159 0.0679111 0.755526 29.4868
0.757624 -0.107384 -0.643797 -22.7669 0.0376332 0.991919 -0.121163 -4.25937 0.651605 0.0675681 0.755543 30.2433
0.757284 -0.105418 -0.644522 -23.4458 0.0354444 0.992066 -0.120617 -4.40371 0.652124 0.068497 0.755012 31.0183
0.756122 -0.108472 -0.645378 -24.1136 0.039165 0.991901 -0.120829 -4.54815 0.653258 0.066085 0.754246 31.7856
0.754064 -0.106318 -0.64814 -24.7609 0.0366967 0.99209 -0.120043 -4.69019 0.655776 0.0667358 0.752001 32.5339
0.750095 -0.107795 -0.652486 -25.4199 0.0409758 0.992306 -0.116831 -4.83111 0.66006 0.0608978 0.748741 33.2931
0.748115 -0.105082 -0.655196 -26.0873 0.0384443 0.992587 -0.115298 -4.97394 0.662455 0.0610673 0.746609 34.0322
0.747155 -0.103184 -0.656592 -26.7306 0.0347075 0.992585 -0.11649 -5.1094 0.663744 0.0642477 0.745196 34.7418
0.746956 -0.100527 -0.65723 -27.3777 0.0307081 0.992665 -0.116933 -5.24604 0.664164 0.0671614 0.744564 35.455
0.746534 -0.0974007 -0.658179 -28.0463 0.0285864 0.993009 -0.114527 -5.37892 0.664733 0.0666831 0.744099 36.1972
0.746669 -0.096146 -0.65821 -28.6678 0.028345 0.993199 -0.112924 -5.50781 0.664591 0.0656599 0.744317 36.8839
0.746753 -0.0962898 -0.658095 -29.3121 0.0305493 0.993386 -0.110683 -5.64485 0.6644 0.0625488 0.744755 37.6129
0.747728 -0.0957137 -0.65707 -29.909 0.0304919 0.993462 -0.110016 -5.76419 0.663304 0.0622268 0.745758 38.2884
0.748026 -0.0961878 -0.656662 -30.5063 0.0333134 0.993636 -0.107599 -5.88373 0.662833 0.0586114 0.74647 38.9625
0.748193 -0.0978745 -0.656223 -31.0906 0.0352026 0.993523 -0.108046 -6.00558 0.662547 0.0577385 0.746792 39.6156
0.747569 -0.0996447 -0.656667 -31.6235 0.03801 0.99348 -0.107482 -6.11536 0.663095 0.0553904 0.746483 40.2223
0.747325 -0.0970634 -0.657331 -32.164 0.0356325 0.993704 -0.106222 -6.22306 0.663502 0.0559603 0.746078 40.8118
0.747195 -0.0947485 -0.657816 -32.6815 0.0344149 0.993974 -0.104076 -6.33268 0.663713 0.0551264 0.745953 41.3906
0.745983 -0.0980633 -0.658705 -33.147 0.0385656 0.993801 -0.104274 -6.42764 0.664847 0.0523836 0.74514 41.9129
0.745636 -0.0973528 -0.659203 -33.6054 0.0352102 0.993644 -0.106917 -6.5215 0.665423 0.0565104 0.744325 42.4208
0.745155 -0.097078 -0.659788 -34.0388 0.034029 0.993594 -0.107761 -6.61081 0.666023 0.0578465 0.743685 42.8891
0.744388 -0.0973647 -0.66061 -34.4627 0.0330535 0.993472 -0.109178 -6.70004 0.666928 0.0594357 0.742748 43.3491
0.744021 -0.0965388 -0.661145 -34.8778 0.0295775 0.993296 -0.111754 -6.78679 0.667501 0.0635919 0.741888 43.8031
0.743188 -0.0985595 -0.661783 -35.281 0.0320064 0.993196 -0.111973 -6.87083 0.668316 0.0620361 0.741286 44.2478
0.742787 -0.0973903 -0.662407 -35.6842 0.031575 0.993359 -0.110642 -6.95221 0.668783 0.0612679 0.740929 44.679
0.742179 -0.0951141 -0.663418 -36.1011 0.0301635 0.993616 -0.10871 -7.03568 0.669523 0.0606712 0.74031 45.1311
0.742171 -0.0919836 -0.663869 -36.4826 0.0262318 0.993765 -0.108367 -7.11122 0.669697 0.0630124 0.739956 45.5333
0.742059 -0.09065 -0.664177 -36.8706 0.0244621 0.993816 -0.10831 -7.18882 0.669888 0.0641253 0.739687 45.9528
0.742812 -0.0889889 -0.663559 -37.2355 0.0229613 0.99393 -0.107591 -7.26229 0.669106 0.0646836 0.740347 46.3473
0.743542 -0.087151 -0.662985 -37.6063 0.0213948 0.994063 -0.106678 -7.33421 0.668347 0.065135 0.740993 46.7601
0.744462 -0.0844981 -0.662297 -37.9651 0.0203361 0.994369 -0.104006 -7.39984 0.667356 0.0639599 0.741988 47.1506
0.744886 -0.0811676 -0.662237 -38.3179 0.0210307 0.994936 -0.0982898 -7.4662 0.666861 0.0592873 0.74282 47.5419
0.745142 -0.0786655 -0.66225 -38.6577 0.0222903 0.995402 -0.0931588 -7.53598 0.666533 0.0546548 0.743469 47.9381
0.74601 -0.0743518 -0.661771 -39.0125 0.0176895 0.995609 -0.0919182 -7.5955 0.6657 0.0568655 0.74405 48.3016
0.746818 -0.0689304 -0.661447 -39.3706 0.0111502 0.995772 -0.0911816 -7.65437 0.664935 0.0607208 0.744429 48.679
0.746805 -0.0694634 -0.661405 -39.7166 0.0105633 0.995644 -0.0926393 -7.7147 0.664959 0.0621969 0.744286 49.058
0.745507 -0.075951 -0.662156 -40.0565 0.0150048 0.995147 -0.0972523 -7.77472 0.666329 0.0625667 0.743028 49.4448
0.745192 -0.0801224 -0.66202 -40.3984 0.0200256 0.994997 -0.0978802 -7.83279 0.66655 0.0596821 0.743068 49.8337
0.74774 -0.0774696 -0.659457 -40.7537 0.0180482 0.995175 -0.0964437 -7.89075 0.663746 0.0602128 0.74553 50.2299
0.750098 -0.0707724 -0.657529 -41.1162 0.0120774 0.995557 -0.0933782 -7.94508 0.661216 0.0621016 0.747621 50.6292
0.75323 -0.0655153 -0.654487 -41.4849 0.0102726 0.996078 -0.0878868 -8.00027 0.657677 0.0594757 0.750948 51.0308
0.757611 -0.0649509 -0.649467 -41.8416 0.0149576 0.996503 -0.0822086 -8.06307 0.652535 0.0525676 0.755933 51.4581
0.761044 -0.0656586 -0.645369 -42.2088 0.0188386 0.996682 -0.0791853 -8.12036 0.648427 0.0481056 0.759755 51.8986
0.764351 -0.0689987 -0.641098 -42.5656 0.0235629 0.996583 -0.0791651 -8.17825 0.644369 0.0454038 0.763365 52.3298
0.766929 -0.0722553 -0.637651 -42.9255 0.0280182 0.996464 -0.0792155 -8.23405 0.64112 0.0428869 0.766242 52.7714
0.770468 -0.0719068 -0.63341 -43.2896 0.0288171 0.996531 -0.0780769 -8.2881 0.636827 0.0419027 0.769867 53.2272
0.774424 -0.0715517 -0.628608 -43.6643 0.0293101 0.996575 -0.0773267 -8.34113 0.631988 0.041459 0.773869 53.6799
0.777201 -0.0714455 -0.625183 -44.04 0.0283934 0.996503 -0.0785822 -8.3941 0.628612 0.0433231 0.776512 54.14
0.779974 -0.0740982 -0.62141 -44.419 0.0311198 0.99633 -0.0797438 -8.45373 0.625038 0.04286 0.779417 54.6107
0.782174 -0.0775766 -0.618212 -44.7986 0.0352587 0.99614 -0.0803911 -8.51346 0.622062 0.0410825 0.781889 55.0974
0.783579 -0.0784155 -0.616323 -45.186 0.0368846 0.996125 -0.0798439 -8.56827 0.620196 0.0398313 0.783435 55.5825
0.785246 -0.0768347 -0.614398 -45.5886 0.0367483 0.996305 -0.0776277 -8.62583 0.618093 0.0383788 0.785168 56.0834
0.785783 -0.0748738 -0.613953 -45.9904 0.0376275 0.996594 -0.0733797 -8.6848 0.617356 0.034559 0.785924 56.5874
0.786017 -0.0743992 -0.613712 -46.3977 0.0395477 0.99675 -0.0701831 -8.74646 0.616939 0.0308941 0.786404 57.1086
0.78669 -0.0735311 -0.612953 -46.8103 0.0399801 0.996865 -0.0682737 -8.80784 0.616052 0.0292043 0.787164 57.6245
0.785539 -0.0739311 -0.61438 -47.2131 0.0405897 0.996855 -0.0680585 -8.86055 0.617479 0.0285252 0.78607 58.1371
0.783652 -0.0743132 -0.616739 -47.6417 0.0406851 0.996827 -0.0684154 -8.9221 0.619866 0.0285217 0.784189 58.6711
0.78127 -0.0770584 -0.619419 -48.0649 0.0429641 0.996636 -0.0697955 -8.98107 0.622714 0.0279163 0.781952 59.2012
0.777751 -0.0780448 -0.623709 -48.5046 0.04426 0.996599 -0.0695134 -9.03907 0.627013 0.0264588 0.77856 59.7439
0.773743 -0.0776499 -0.628723 -48.9414 0.0451438 0.996695 -0.0675393 -9.10077 0.631889 0.0238751 0.774691 60.2757
0.769151 -0.0719349 -0.635006 -49.3795 0.0419742 0.997186 -0.0621223 -9.15232 0.637687 0.0211276 0.770005 60.7972
0.764382 -0.0696799 -0.640988 -49.8522 0.0416499 0.997403 -0.058757 -9.21201 0.643417 0.0182157 0.765299 61.3428
0.757996 -0.0705281 -0.648435 -50.2865 0.0437131 0.997395 -0.0573842 -9.27078 0.650793 0.0151519 0.759104 61.8523
0.750117 -0.073766 -0.657178 -50.7455 0.0463816 0.997181 -0.0589892 -9.32993 0.659677 0.0137678 0.751423 62.369
0.741343 -0.0766686 -0.666733 -51.1949 0.0466204 0.996937 -0.0628018 -9.38874 0.669506 0.0154743 0.742646 62.8636
0.732514 -0.0746161 -0.67665 -51.6581 0.0419918 0.997035 -0.0644871 -9.44026 0.679456 0.0188239 0.733475 63.3237
0.721611 -0.0742557 -0.688305 -52.1372 0.0415708 0.997085 -0.0639851 -9.49676 0.69105 0.017559 0.722594 63.8083
0.710477 -0.0719291 -0.700034 -52.6041 0.0416078 0.997316 -0.0602466 -9.55176 0.702489 0.0136769 0.711563 64.2642
0.698781 -0.0672729 -0.712165 -53.1017 0.0397428 0.997681 -0.0552476 -9.61073 0.714231 0.0103025 0.699834 64.7376
0.687756 -0.0628712 -0.723214 -53.5858 0.0369156 0.997983 -0.051652 -9.66327 0.725002 0.00882607 0.68869 65.1646
0.675126 -0.0614029 -0.735142 -54.0993 0.03491 0.998073 -0.0513042 -9.71751 0.736876 0.00897298 0.675969 65.6193
0.661456 -0.0639716 -0.747251 -54.5963 0.0351177 0.997905 -0.0543442 -9.76995 0.749161 0.0097046 0.662317 66.0372
0.648825 -0.0672019 -0.757965 -55.1109 0.0339041 0.997657 -0.059431 -9.81865 0.760182 0.0128622 0.649583 66.4499
0.637605 -0.0684975 -0.767312 -55.6291 0.0302956 0.997498 -0.0638716 -9.87764 0.769767 0.0174787 0.638085 66.8647
0.628165 -0.0663293 -0.775248 -56.1644 0.0255401 0.997581 -0.0646573 -9.93249 0.777661 0.0208156 0.628339 67.2753
0.620978 -0.0597133 -0.78155 -56.7063 0.0195963 0.997965 -0.0606781 -9.98587 0.783583 0.0223643 0.620884 67.6794
0.618052 -0.0509783 -0.784483 -57.2518 0.0155006 0.998492 -0.0526732 -10.0288 0.785985 0.0203948 0.617909 68.0812
0.618163 -0.0449723 -0.784763 -57.7976 0.0157047 0.998869 -0.0448714 -10.0911 0.785893 0.0154134 0.61817 68.5067
0.620961 -0.044281 -0.78259 -58.3268 0.0151667 0.998895 -0.0444858 -10.1388 0.783695 0.0157546 0.620946 68.9148
0.626129 -0.0476676 -0.778261 -58.8649 0.0145441 0.99867 -0.0494664 -10.1898 0.779584 0.0196532 0.625989 69.34
0.634086 -0.049961 -0.771647 -59.3925 0.0135268 0.998475 -0.0535318 -10.2304 0.773144 0.0235059 0.633795 69.7731
0.643861 -0.0508481 -0.763451 -59.9204 0.0146514 0.998426 -0.0541418 -10.2841 0.765002 0.0236741 0.643592 70.2122
0.655006 -0.0491223 -0.754025 -60.4442 0.0154128 0.998546 -0.0516633 -10.3281 0.755466 0.0222181 0.654811 70.6724
0.66746 -0.0482876 -0.743078 -60.959 0.0185242 0.998663 -0.0482571 -10.3785 0.744415 0.0184448 0.667462 71.1534
0.678564 -0.0476815 -0.732992 -61.4757 0.0214621 0.998752 -0.0451009 -10.4265 0.734228 0.0148722 0.67874 71.6334
0.690165 -0.0466243 -0.722149 -61.9893 0.0244556 0.998855 -0.0411168 -10.4708 0.723239 0.0107168 0.690515 72.1382
0.701613 -0.0422359 -0.711306 -62.5009 0.0248979 0.999085 -0.034765 -10.5126 0.712124 0.00668154 0.702022 72.6435
0.712172 -0.0370428 -0.701027 -63.0156 0.0251522 0.999312 -0.0272523 -10.544 0.701554 0.00177595 0.712614 73.1767
0.722312 -0.0344597 -0.690708 -63.5234 0.0278973 0.999397 -0.0206866 -10.5736 0.691004 -0.00432676 0.722838 73.7126
0.72885 -0.0344556 -0.683806 -64.0338 0.0317199 0.99936 -0.0165464 -10.6082 0.683939 -0.00963039 0.729476 74.2695
0.734482 -0.0374114 -0.677597 -64.5468 0.0364242 0.999213 -0.0156864 -10.6397 0.67765 -0.0131596 0.735266 74.8318
0.739242 -0.0362915 -0.672461 -65.0426 0.0350607 0.999267 -0.0153861 -10.6629 0.672527 -0.0122029 0.739972 75.3776
0.742164 -0.0310897 -0.669497 -65.5784 0.0322836 0.999422 -0.0106229 -10.6739 0.66944 -0.0137299 0.742739 75.9576
0.74472 -0.025364 -0.666895 -66.1005 0.0316798 0.999495 -0.00263705 -10.6883 0.666624 -0.0191632 0.745148 76.5295
0.746612 -0.0234401 -0.664847 -66.6333 0.0350753 0.999376 0.00415446 -10.7061 0.664335 -0.0264215 0.746968 77.1284
0.749243 -0.0229562 -0.661898 -67.1513 0.0351235 0.99937 0.00509791 -10.721 0.661364 -0.0270677 0.749577 77.719
0.752058 -0.0249919 -0.658623 -67.6892 0.0368644 0.999312 0.00417453 -10.7341 0.658065 -0.0274193 0.752461 78.331
0.754831 -0.0228437 -0.655521 -68.2237 0.0360557 0.999327 0.00669336 -10.7392 0.654927 -0.0286876 0.755147 78.9339
0.757463 -0.0181993 -0.652625 -68.7871 0.0371828 0.999191 0.0152922 -10.7496 0.651819 -0.0358497 0.757527 79.5753
0.760574 -0.0134379 -0.649112 -69.3339 0.038165 0.998982 0.0240375 -10.7476 0.648128 -0.0430557 0.760313 80.2101
0.764246 -0.00801492 -0.644875 -69.886 0.0353807 0.998938 0.0295145 -10.7473 0.643954 -0.0453724 0.763718 80.8467
0.768178 -0.00836695 -0.640181 -70.4496 0.0365095 0.99886 0.0307544 -10.7467 0.639194 -0.0469976 0.767608 81.5203
0.772229 -0.00685835 -0.635307 -70.9829 0.0358044 0.998822 0.0327384 -10.7328 0.634335 -0.0480284 0.771565 82.1534
0.77645 -0.00339751 -0.63017 -71.5397 0.0348122 0.99869 0.0375088 -10.7213 0.629217 -0.0510613 0.775551 82.8256
0.780065 -0.00165271 -0.625696 -72.0844 0.0368178 0.998385 0.0432643 -10.6997 0.624614 -0.0567858 0.778867 83.4995
0.783367 -0.00443419 -0.621544 -72.63 0.0412804 0.998138 0.0449072 -10.6845 0.620187 -0.0608363 0.782091 84.1986
0.7865 -0.00757586 -0.617544 -73.1566 0.0445654 0.998014 0.0445149 -10.6713 0.61598 -0.0625321 0.785276 84.8783
0.789143 -0.0101165 -0.614127 -73.6865 0.0473654 0.997889 0.0444255 -10.6506 0.612381 -0.0641465 0.787956 85.5567
0.790738 -0.00833798 -0.612098 -74.2412 0.0471377 0.997768 0.0473031 -10.6333 0.610337 -0.0662573 0.789366 86.2758
0.792683 -0.00478022 -0.609616 -74.7909 0.0466303 0.997515 0.0528114 -10.6099 0.607849 -0.0702892 0.790936 86.9809
0.793648 -0.00264968 -0.608371 -75.3263 0.0468937 0.997282 0.0568315 -10.5747 0.606567 -0.073633 0.791615 87.6701
0.794061 -0.00430326 -0.607823 -75.8823 0.0500887 0.997037 0.0583771 -10.5542 0.605771 -0.0768001 0.791924 88.3961
0.794111 -0.00531821 -0.60775 -76.4278 0.0505221 0.997078 0.0572892 -10.5253 0.605669 -0.0761988 0.792059 89.0994
0.793671 -0.00622887 -0.608315 -76.9829 0.050618 0.997156 0.0558311 -10.4938 0.606238 -0.0751033 0.79173 89.8167
0.792467 -0.00675345 -0.609877 -77.5407 0.0534348 0.996863 0.0583938 -10.4627 0.60757 -0.0788638 0.790342 90.5335
0.790774 -0.00688948 -0.612069 -78.1004 0.0577689 0.996314 0.063421 -10.4266 0.609376 -0.0855103 0.788257 91.2588
0.788441 -0.00683565 -0.615073 -78.6852 0.0618186 0.995756 0.0681766 -10.3847 0.611997 -0.0917762 0.785517 92.0065
0.785897 -0.00768183 -0.61831 -79.2604 0.065096 0.995395 0.070373 -10.3489 0.614922 -0.0955554 0.782777 92.7279
0.782949 -0.0100205 -0.622005 -79.859 0.0681548 0.995233 0.0697566 -10.3011 0.618341 -0.0970085 0.7799 93.4811
0.778387 -0.0111263 -0.627686 -80.4579 0.0707324 0.995031 0.0700767 -10.265 0.623787 -0.0989445 0.775306 94.2123
0.773476 -0.00840656 -0.633771 -81.0642 0.0706784 0.99482 0.0730627 -10.2119 0.629873 -0.101306 0.770063 94.9472
0.768551 -0.00851946 -0.639732 -81.7055 0.072537 0.994624 0.0738976 -10.1663 0.635664 -0.103198 0.765037 95.6986
0.763345 -0.0093834 -0.645923 -82.3176 0.0749032 0.994436 0.0740734 -10.1191 0.641634 -0.104925 0.7598 96.4258
0.759196 -0.00653089 -0.650829 -82.9754 0.0731825 0.994465 0.0753887 -10.0665 0.646734 -0.104864 0.755472 97.1786
0.754928 -0.00657697 -0.655775 -83.6185 0.0758298 0.994118 0.0773248 -10.0123 0.651409 -0.108102 0.750986 97.9048
0.75027 -0.0101851 -0.661053 -84.2703 0.0818114 0.993627 0.0775436 -9.96353 0.65605 -0.11226 0.746322 98.6441
0.74605 -0.0124305 -0.665774 -84.9488 0.0828736 0.993786 0.0743113 -9.91461 0.660713 -0.110615 0.742444 99.4062
0.742582 -0.0153191 -0.66958 -85.6032 0.0846724 0.993864 0.0711655 -9.86495 0.664382 -0.109541 0.739323 100.119
0.73971 -0.0162608 -0.672729 -86.289 0.0852773 0.993913 0.0697438 -9.81637 0.667501 -0.108959 0.736594 100.856
0.737524 -0.0178365 -0.675085 -86.982 0.0890168 0.993496 0.0710007 -9.76875 0.669428 -0.112459 0.734315 101.606
0.735232 -0.0197315 -0.677529 -87.6707 0.0957217 0.992581 0.0749674 -9.71716 0.671023 -0.119973 0.731666 102.359
0.732854 -0.0218955 -0.680034 -88.3806 0.0993694 0.992209 0.075141 -9.66319 0.67309 -0.122642 0.72932 103.125
0.731642 -0.0250693 -0.681227 -89.084 0.0981594 0.992783 0.0688892 -9.61714 0.674584 -0.117271 0.728823 103.867
0.730871 -0.0249558 -0.682059 -89.8065 0.0930003 0.993652 0.0632993 -9.56644 0.67615 -0.109695 0.728553 104.621
0.731914 -0.0233878 -0.680995 -90.525 0.0912375 0.993775 0.0639297 -9.52745 0.675261 -0.108923 0.729492 105.39
0.732573 -0.0167017 -0.680484 -91.2592 0.0851438 0.994096 0.0672623 -9.47456 0.675343 -0.107214 0.72967 106.151
0.733693 -0.0149756 -0.679316 -91.995 0.0850175 0.993924 0.0699118 -9.4316 0.674141 -0.109048 0.730508 106.932
0.735162 -0.0180725 -0.677651 -92.7272 0.0880083 0.993729 0.0689752 -9.38085 0.672155 -0.110347 0.732142 107.72
0.735936 -0.0227798 -0.676668 -93.4538 0.0872225 0.994296 0.0613894 -9.35274 0.67141 -0.104199 0.733725 108.501
0.737064 -0.0260377 -0.675321 -94.1768 0.0826569 0.995229 0.0518419 -9.3044 0.670749 -0.0940308 0.735699 109.287
0.73924 -0.0293246 -0.672803 -94.9224 0.0810363 0.995666 0.0456415 -9.28379 0.668549 -0.0882615 0.738412 110.083
0.739987 -0.0312673 -0.671894 -95.6607 0.0827908 0.995557 0.0448518 -9.24966 0.667507 -0.0888164 0.739288 110.885
0.741506 -0.0323381 -0.670167 -96.4082 0.0846232 0.995369 0.0456009 -9.23137 0.665589 -0.0905249 0.740808 111.708
0.741531 -0.0373472 -0.669878 -97.1409 0.0922534 0.994641 0.0466678 -9.20118 0.664545 -0.0964041 0.741003 112.531
0.742598 -0.0424998 -0.668388 -97.8927 0.095514 0.994504 0.0428827 -9.1803 0.662892 -0.095685 0.742576 113.371
0.742794 -0.0449304 -0.668011 -98.6273 0.0946929 0.994766 0.0383856 -9.16834 0.66279 -0.0917685 0.743161 114.189
0.742991 -0.0420099 -0.667982 -99.3789 0.0906035 0.995155 0.0381916 -9.14848 0.66314 -0.0888975 0.743197 115.017
0.744618 -0.0400668 -0.666287 -100.107 0.090441 0.995048 0.0412369 -9.12367 0.661335 -0.0909654 0.744555 115.808
0.744976 -0.0372249 -0.666052 -100.869 0.0874115 0.99528 0.0421442 -9.11043 0.66134 -0.0896171 0.744714 116.642
0.746052 -0.0324449 -0.665097 -101.595 0.0829435 0.995561 0.0444736 -9.08276 0.660702 -0.0883451 0.745431 117.442
0.74661 -0.0352647 -0.664327 -102.364 0.0878061 0.995081 0.0458594 -9.06208 0.659443 -0.0925711 0.746034 118.293
0.746503 -0.0358804 -0.664413 -103.061 0.0863087 0.99533 0.0432213 -9.04031 0.65976 -0.0896095 0.746114 119.07
0.746688 -0.0403068 -0.663952 -103.818 0.0858708 0.995651 0.0361279 -9.03044 0.659608 -0.0839903 0.746902 119.911
0.747692 -0.0407317 -0.662796 -104.54 0.0816482 0.996183 0.0308866 -9.02372 0.659007 -0.0772098 0.748163 120.717
0.747028 -0.0457365 -0.663217 -105.297 0.0885534 0.995586 0.0310868 -9.00611 0.658868 -0.0819528 0.747781 121.57
0.747392 -0.0431466 -0.662981 -106.042 0.0846103 0.995945 0.0305671 -8.99737 0.658974 -0.0789406 0.748012 122.393
0.747699 -0.0471756 -0.66236 -106.791 0.0841898 0.996159 0.0240869 -8.99633 0.658679 -0.0737737 0.748799 123.232
0.74933 -0.0506211 -0.660259 -107.51 0.0798541 0.996705 0.0142106 -9.00689 0.657364 -0.0633728 0.750904 124.024
0.74981 -0.0541368 -0.659435 -108.263 0.0796139 0.996788 0.0086929 -9.01829 0.656846 -0.0590182 0.751712 124.884
0.75047 -0.057191 -0.658425 -109.004 0.0835671 0.996464 0.0086962 -9.0306 0.6556 -0.0615489 0.752596 125.719
0.750324 -0.060819 -0.658267 -109.751 0.091741 0.995704 0.012575 -9.03936 0.654674 -0.0698254 0.75268 126.593
0.75081 -0.0606417 -0.657729 -110.515 0.0927337 0.995592 0.0140652 -9.05642 0.653976 -0.0715539 0.753124 127.456
0.751006 -0.0639052 -0.657196 -111.236 0.0958603 0.995313 0.0127603 -9.06749 0.6533 -0.0725821 0.753612 128.301
0.752291 -0.064685 -0.655648 -111.981 0.0939086 0.995535 0.00953317 -9.08708 0.652104 -0.0687427 0.755007 129.152
0.753716 -0.0617636 -0.654291 -112.743 0.0879505 0.996098 0.00728596 -9.10822 0.651288 -0.0630368 0.756207 130.022
0.754444 -0.0604655 -0.653574 -113.477 0.0867619 0.996197 0.00798894 -9.1249 0.650605 -0.0627325 0.756821 130.847
0.755931 -0.0550504 -0.652333 -114.243 0.0839977 0.996378 0.0132531 -9.13624 0.649241 -0.0648129 0.757817 131.719
0.75729 -0.0541853 -0.650826 -114.97 0.0860384 0.996144 0.0171778 -9.14889 0.647386 -0.0690047 0.759032 132.561
0.759266 -0.05365 -0.648566 -115.718 0.0837292 0.996366 0.0156001 -9.15674 0.645372 -0.0661485 0.760999 133.425
0.761168 -0.0588964 -0.645875 -116.458 0.086804 0.99616 0.0114608 -9.17094 0.64272 -0.0647881 0.763357 134.294
0.761923 -0.062545 -0.644641 -117.171 0.0893613 0.995959 0.00898826 -9.18707 0.641474 -0.0644543 0.764433 135.138
0.763555 -0.0630611 -0.642657 -117.899 0.0898075 0.995919 0.00897716 -9.19976 0.639468 -0.06457 0.766102 135.999
0.765393 -0.0641526 -0.640357 -118.63 0.091626 0.995746 0.00976072 -9.22162 0.637007 -0.0661442 0.768015 136.874
0.767784 -0.0605289 -0.637843 -119.341 0.0877919 0.996076 0.0111529 -9.23143 0.634665 -0.0645604 0.770086 137.729
0.770706 -0.0589961 -0.634454 -120.073 0.0885165 0.995963 0.0149141 -9.24577 0.631013 -0.067654 0.772817 138.605
0.77203 -0.0557155 -0.633139 -120.782 0.0859748 0.996149 0.0171751 -9.24967 0.629744 -0.0676937 0.773847 139.466
0.773946 -0.058399 -0.630553 -121.492 0.0886868 0.995921 0.0166172 -9.26372 0.627011 -0.0687826 0.775968 140.328
0.775658 -0.0597745 -0.628317 -122.204 0.0870444 0.996124 0.0126908 -9.27775 0.625123 -0.0645352 0.777854 141.204
0.776536 -0.0621423 -0.627001 -122.895 0.0871797 0.99615 0.0092426 -9.29298 0.624012 -0.0618389 0.778964 142.059
0.776993 -0.0641934 -0.626227 -123.591 0.0893414 0.995963 0.00875626 -9.30855 0.623137 -0.0627516 0.779591 142.915
0.777655 -0.0613684 -0.625689 -124.299 0.0869476 0.996159 0.0103607 -9.32744 0.62265 -0.0624592 0.780004 143.788
0.77764 -0.0603296 -0.625808 -124.976 0.0860717 0.996229 0.0109149 -9.34899 0.62279 -0.0623522 0.779901 144.635
0.777404 -0.0587514 -0.626252 -125.682 0.0845067 0.996357 0.0114305 -9.36183 0.6233 -0.0618086 0.779537 145.487
0.776916 -0.0570746 -0.627012 -126.35 0.0838477 0.996391 0.013196 -9.38221 0.623996 -0.0628256 0.778898 146.311
0.776153 -0.057006 -0.627963 -127.009 0.0847068 0.996304 0.0142526 -9.39107 0.624829 -0.0642549 0.778113 147.114
0.774691 -0.0577202 -0.6297 -127.685 0.0842171 0.996372 0.012278 -9.41467 0.626707 -0.0625431 0.776741 147.937
0.77277 -0.0601578 -0.631828 -128.318 0.0844939 0.996388 0.00847353 -9.42573 0.629036 -0.0599337 0.775062 148.698
0.771029 -0.0619582 -0.633779 -128.986 0.0843608 0.996422 0.00521969 -9.44962 0.631188 -0.0574907 0.773496 149.502
0.770514 -0.0617505 -0.634425 -129.647 0.0831999 0.996525 0.00405216 -9.47102 0.63197 -0.0559063 0.772974 150.306
0.769128 -0.0606335 -0.636212 -130.324 0.0816417 0.996655 0.00371304 -9.49036 0.633859 -0.0547972 0.771505 151.104
0.767888 -0.0588392 -0.637877 -130.982 0.0791183 0.99686 0.00329155 -9.51076 0.63568 -0.0529953 0.770132 151.884
0.767456 -0.0606293 -0.638228 -131.648 0.080617 0.996743 0.00225336 -9.5378 0.636012 -0.0531814 0.769844 152.669
0.766402 -0.0594894 -0.639601 -132.31 0.0792395 0.996853 0.00223122 -9.55437 0.637456 -0.0523917 0.768704 153.463
0.766981 -0.0591296 -0.63894 -132.966 0.079269 0.996849 0.00290241 -9.57715 0.636755 -0.0528742 0.769251 154.245
0.767564 -0.0579237 -0.638349 -133.625 0.0786439 0.996894 0.00410514 -9.59828 0.636129 -0.0533533 0.769736 155.034
0.769068 -0.0547347 -0.636819 -134.276 0.074634 0.997201 0.00442378 -9.61958 0.634794 -0.0509305 0.771001 155.819
0.7717 -0.0553481 -0.633573 -134.937 0.0760581 0.997088 0.00553539 -9.63188 0.631422 -0.05246 0.773663 156.61
0.773795 -0.0571858 -0.630849 -135.576 0.0762405 0.997085 0.0031315 -9.65857 0.628831 -0.0505194 0.775899 157.376
0.77494 -0.0643616 -0.628749 -136.212 0.081181 0.996697 -0.00197002 -9.68355 0.6268 -0.0495159 0.777605 158.175
0.776468 -0.071678 -0.626067 -136.843 0.0861352 0.996257 -0.0072333 -9.71698 0.624242 -0.04831 0.779736 158.978
0.778252 -0.0755383 -0.623392 -137.469 0.0891563 0.995974 -0.00938101 -9.74605 0.62159 -0.0482785 0.781853 159.752
0.780166 -0.0765225 -0.620875 -138.101 0.0923276 0.995706 -0.0067052 -9.7753 0.618722 -0.0520927 0.783881 160.563
0.782387 -0.0749616 -0.618265 -138.71 0.0945033 0.995524 -0.00111269 -9.80344 0.615581 -0.0575575 0.785969 161.332
0.78533 -0.0714194 -0.614944 -139.295 0.0936654 0.995596 0.00398961 -9.83077 0.611951 -0.0607321 0.788561 162.082
0.788513 -0.0672148 -0.611334 -139.861 0.0903784 0.995882 0.00707712 -9.85494 0.608341 -0.0608318 0.791341 162.797
0.791437 -0.0649307 -0.607792 -140.397 0.0886201 0.996025 0.00899112 -9.87743 0.604792 -0.0609785 0.794045 163.488
0.795596 -0.0623588 -0.60261 -140.905 0.0859463 0.996246 0.0103779 -9.90319 0.5997 -0.0600487 0.797969 164.145
0.800757 -0.0660442 -0.595337 -141.402 0.0902134 0.995863 0.0108644 -9.922 0.592157 -0.0624071 0.803403 164.837
0.806401 -0.0617877 -0.588132 -141.862 0.0838839 0.996422 0.0103334 -9.93763 0.585389 -0.0576676 0.808699 165.45
0.813003 -0.0594574 -0.579215 -142.322 0.0786684 0.996868 0.00809101 -9.95065 0.57692 -0.0521439 0.815134 166.079
0.81918 -0.0663541 -0.569686 -142.755 0.0839568 0.996459 0.00466333 -9.97089 0.567359 -0.0516491 0.82185 166.703
0.82385 -0.0743989 -0.561904 -143.161 0.0899966 0.995942 8.30544e-05 -9.99035 0.559618 -0.0506379 0.827202 167.345
0.829148 -0.0768574 -0.553721 -143.593 0.0882616 0.996079 -0.00609352 -10.0115 0.552018 -0.0438198 0.83268 167.984
0.834053 -0.0768336 -0.546308 -144.006 0.0848532 0.996337 -0.0105804 -10.0379 0.54512 -0.0375314 0.837517 168.607
0.838127 -0.0739416 -0.54044 -144.424 0.0814113 0.996629 -0.0101016 -10.0507 0.539366 -0.0355316 0.841322 169.237
0.844167 -0.0713858 -0.531306 -144.83 0.0807621 0.996718 -0.00559891 -10.0735 0.529962 -0.038183 0.847162 169.9
0.84856 -0.0690338 -0.524576 -145.229 0.0800681 0.996788 -0.00165739 -10.0977 0.523006 -0.0405954 0.851362 170.555
0.852584 -0.066796 -0.518304 -145.623 0.0776637 0.996979 -0.000731945 -10.1217 0.516787 -0.0396294 0.855196 171.199
0.855994 -0.0641817 -0.512986 -146.009 0.0752636 0.997163 0.000829727 -10.1383 0.511477 -0.0393194 0.858397 171.842
0.858532 -0.0613373 -0.509078 -146.409 0.0735267 0.997286 0.00383862 -10.1468 0.507461 -0.0407264 0.860712 172.498
0.861681 -0.0589757 -0.504012 -146.802 0.0741751 0.997194 0.0101287 -10.1575 0.502 -0.0461128 0.863637 173.163
0.864046 -0.055942 -0.500295 -147.191 0.0744572 0.997078 0.0171018 -10.1588 0.497877 -0.0520273 0.865686 173.831
0.866534 -0.0550091 -0.496077 -147.579 0.0763392 0.996821 0.0228115 -10.1646 0.493245 -0.0576371 0.867979 174.509
0.868983 -0.0583659 -0.491387 -147.956 0.0807654 0.996433 0.0244738 -10.1648 0.488206 -0.0609545 0.870597 175.187
0.869401 -0.0659504 -0.489685 -148.331 0.0877306 0.995909 0.0216311 -10.1649 0.486256 -0.0617665 0.871631 175.886
0.870646 -0.0723797 -0.486556 -148.712 0.0910445 0.995737 0.0147904 -10.1672 0.483411 -0.0571754 0.873524 176.565
0.871018 -0.0780269 -0.485015 -149.09 0.0930415 0.995638 0.00691579 -10.1792 0.48236 -0.0511503 0.874479 177.251
0.871372 -0.083217 -0.483514 -149.466 0.0960308 0.995377 0.00175025 -10.1832 0.481133 -0.0479574 0.875335 177.943
0.872829 -0.0822794 -0.481039 -149.843 0.0950762 0.995467 0.00224285 -10.1975 0.478674 -0.047693 0.876696 178.65
0.872777 -0.0805348 -0.48143 -150.244 0.0944008 0.995524 0.00460416 -10.2011 0.478904 -0.0494657 0.876473 179.352
0.873997 -0.0777801 -0.479667 -150.64 0.0933632 0.995594 0.00867629 -10.2216 0.476879 -0.0523663 0.877408 180.073
0.875159 -0.0760997 -0.477814 -151.034 0.0923882 0.995666 0.0106412 -10.2287 0.474933 -0.0534571 0.878397 180.792
0.875695 -0.0733546 -0.47726 -151.423 0.0894847 0.995926 0.0111167 -10.2407 0.4745 -0.0524423 0.878692 181.515
0.876475 -0.0735266 -0.475799 -151.829 0.0899997 0.995871 0.0118947 -10.2437 0.47296 -0.0532472 0.879474 182.244
0.875967 -0.0757698 -0.476383 -152.223 0.0931715 0.995565 0.0129755 -10.2596 0.473288 -0.0557515 0.879142 182.977
0.876067 -0.0748114 -0.476351 -152.632 0.0930001 0.995558 0.0146851 -10.2661 0.473137 -0.0571658 0.879132 183.707
0.876517 -0.0745413 -0.475565 -153.041 0.0924233 0.995617 0.0142904 -10.2723 0.472416 -0.056479 0.879565 184.453
0.876126 -0.0780924 -0.475716 -153.442 0.0954099 0.995362 0.0123202 -10.282 0.472547 -0.056182 0.879513 185.189
0.87519 -0.0807388 -0.476994 -153.842 0.0963261 0.995316 0.00826654 -10.2892 0.474092 -0.0531818 0.878868 185.942
0.875364 -0.0818694 -0.476482 -154.264 0.0959253 0.995375 0.00520227 -10.3017 0.473852 -0.0502605 0.879169 186.699
0.874144 -0.0831988 -0.478488 -154.668 0.0967951 0.995297 0.00377283 -10.3139 0.475924 -0.0496133 0.878086 187.449
0.873739 -0.0824914 -0.47935 -155.088 0.096668 0.995305 0.00492022 -10.3264 0.476693 -0.0506368 0.87761 188.212
0.872827 -0.0810979 -0.481245 -155.507 0.0965292 0.995303 0.0073482 -10.3377 0.478389 -0.0528679 0.876555 188.976
0.872701 -0.0788153 -0.481851 -155.942 0.096191 0.995297 0.0114171 -10.3534 0.478686 -0.0563135 0.876179 189.749
0.872528 -0.0744006 -0.482865 -156.379 0.0933755 0.995513 0.0153378 -10.3606 0.479557 -0.0584704 0.87556 190.519
0.871015 -0.0729735 -0.485806 -156.812 0.092554 0.995573 0.0163966 -10.3718 0.482458 -0.0592449 0.873913 191.277
0.870172 -0.0753153 -0.486959 -157.245 0.093966 0.995478 0.0139474 -10.3792 0.483706 -0.0578942 0.873314 192.049
0.869811 -0.0740254 -0.4878 -157.668 0.0898844 0.99591 0.00914254 -10.391 0.485129 -0.0517979 0.872907 192.792
0.869308 -0.0738835 -0.488718 -158.121 0.0885089 0.996052 0.00685383 -10.4024 0.486282 -0.049214 0.872415 193.57
0.868016 -0.0722357 -0.491255 -158.547 0.087372 0.996144 0.0079044 -10.4092 0.48879 -0.049783 0.87098 194.322
0.867909 -0.0748455 -0.491052 -158.987 0.0919789 0.995702 0.0108044 -10.4224 0.488133 -0.0545436 0.871064 195.094
0.867737 -0.0692871 -0.49217 -159.425 0.0856167 0.996271 0.0106957 -10.4369 0.489593 -0.0514191 0.870434 195.862
0.86927 -0.0700096 -0.489355 -159.869 0.085619 0.996282 0.00955684 -10.4507 0.486867 -0.0502056 0.872032 196.635
0.870567 -0.06793 -0.487339 -160.304 0.0837181 0.996432 0.010659 -10.4581 0.484876 -0.0500784 0.873148 197.388
0.872322 -0.0682899 -0.484139 -160.727 0.0850991 0.99629 0.0128004 -10.465 0.481469 -0.0523659 0.874897 198.17
0.875019 -0.067765 -0.479321 -161.155 0.0839478 0.996393 0.0123829 -10.4776 0.476754 -0.0510733 0.877552 198.936
0.87751 -0.0677831 -0.474743 -161.584 0.082822 0.996506 0.0108078 -10.49 0.472351 -0.0488032 0.880058 199.734
0.880252 -0.0666404 -0.469804 -162.012 0.0812074 0.996639 0.0107843 -10.5029 0.467506 -0.0476445 0.882705 200.519
0.883015 -0.0669881 -0.464541 -162.421 0.0816595 0.996594 0.0115095 -10.5121 0.462187 -0.0480972 0.885477 201.286
0.8854 -0.0670506 -0.459969 -162.833 0.0810323 0.996654 0.0106958 -10.5189 0.457713 -0.0467424 0.887871 202.089
0.887738 -0.0683081 -0.455253 -163.242 0.0818462 0.996594 0.0100658 -10.5325 0.453015 -0.0461965 0.890305 202.888
0.888448 -0.0686924 -0.453809 -163.644 0.0831601 0.996464 0.0119739 -10.5435 0.451382 -0.048377 0.891019 203.673
0.889754 -0.0664762 -0.451573 -164.052 0.0827176 0.99644 0.0162959 -10.5499 0.448882 -0.0518524 0.892085 204.473
0.891233 -0.0675547 -0.448486 -164.441 0.0851774 0.996181 0.0192119 -10.5558 0.445475 -0.0553231 0.893583 205.23
0.892833 -0.0679202 -0.445238 -164.847 0.0843701 0.996286 0.0172051 -10.5678 0.442416 -0.052926 0.895247 206.048
0.894627 -0.0687301 -0.441496 -165.241 0.0833521 0.996425 0.013782 -10.5748 0.438971 -0.0491294 0.897157 206.84
0.896353 -0.0657912 -0.438432 -165.614 0.0794082 0.99676 0.012772 -10.5841 0.436171 -0.0462633 0.898674 207.596
0.897398 -0.0712266 -0.435436 -166.006 0.0864305 0.996142 0.0151818 -10.5913 0.432675 -0.051259 0.900092 208.404
0.899101 -0.0730809 -0.431597 -166.362 0.0892985 0.995853 0.0174018 -10.596 0.428535 -0.054187 0.901899 209.157
0.901052 -0.0714498 -0.427786 -166.752 0.0872437 0.996035 0.0174025 -10.6043 0.424847 -0.0530022 0.903712 209.963
0.903132 -0.0723308 -0.423226 -167.131 0.0871351 0.996073 0.0157075 -10.6175 0.420428 -0.0510638 0.905888 210.768
0.904591 -0.0733485 -0.419922 -167.469 0.0883961 0.99595 0.0164577 -10.6191 0.417014 -0.052007 0.907411 211.505
0.905989 -0.0754762 -0.416518 -167.83 0.0912987 0.995658 0.0181675 -10.6213 0.413338 -0.0544871 0.908946 212.314
0.907577 -0.0774713 -0.412677 -168.171 0.0936547 0.995421 0.0191004 -10.6326 0.409307 -0.0559842 0.910677 213.072
0.910007 -0.0780188 -0.407186 -168.518 0.0939144 0.995396 0.0191636 -10.6341 0.403816 -0.0556796 0.913144 213.839
0.912445 -0.0776137 -0.401772 -168.87 0.0927858 0.995516 0.0184092 -10.6473 0.398541 -0.054076 0.915555 214.629
0.914979 -0.0764867 -0.396185 -169.187 0.0916898 0.995596 0.0195475 -10.648 0.392945 -0.0542117 0.917963 215.369
0.917323 -0.0762825 -0.390767 -169.531 0.0918361 0.995548 0.0212418 -10.6509 0.387407 -0.0553721 0.920245 216.179
0.919942 -0.0725361 -0.385286 -169.857 0.0885631 0.995782 0.0239896 -10.6517 0.381921 -0.0561911 0.922485 216.946
0.922115 -0.0754018 -0.379497 -170.17 0.0917426 0.995466 0.0251316 -10.649 0.375881 -0.0579902 0.924852 217.712
0.92449 -0.0713477 -0.374471 -170.485 0.0870402 0.995888 0.0251381 -10.6493 0.371137 -0.055834 0.926898 218.488
0.926758 -0.0713718 -0.368817 -170.798 0.0859775 0.996025 0.0232968 -10.6513 0.365688 -0.0533005 0.92921 219.276
0.929084 -0.0723171 -0.362731 -171.091 0.0856115 0.996114 0.020688 -10.6544 0.359825 -0.0502748 0.931664 220.026
0.930831 -0.0755297 -0.357559 -171.396 0.0875161 0.996011 0.017436 -10.6587 0.354815 -0.0475221 0.933728 220.823
0.932861 -0.0743909 -0.35247 -171.669 0.0852043 0.996247 0.0152412 -10.6655 0.350014 -0.0442499 0.935699 221.56
0.934915 -0.072211 -0.347446 -171.968 0.0830533 0.99641 0.0163939 -10.67 0.345015 -0.0441835 0.937557 222.328
0.936797 -0.0719545 -0.342396 -172.224 0.0833394 0.996347 0.0186346 -10.67 0.339804 -0.0459918 0.939371 223.051
0.938882 -0.0717187 -0.336684 -172.465 0.0833652 0.996313 0.0202441 -10.6837 0.333991 -0.0470745 0.9414 223.734
0.941019 -0.0691193 -0.331219 -172.727 0.0796773 0.996651 0.0183867 -10.6928 0.328839 -0.0436929 0.943375 224.444
0.943434 -0.064439 -0.325238 -172.963 0.0732985 0.997197 0.0150474 -10.7101 0.323357 -0.0380357 0.945512 225.077
0.946623 -0.0592865 -0.316844 -173.155 0.0663488 0.99773 0.0115367 -10.7215 0.31544 -0.0319431 0.948408 225.675
0.951038 -0.0554814 -0.304053 -173.364 0.061484 0.998056 0.010196 -10.7349 0.302896 -0.0283912 0.952601 226.287
