1 0 1.67347e-10 0 9.31323e-10 1 0 0 -4.1473e-10 0 1 0
0.999984 -5.4203e-06 -0.0056561 -0.00619824 9.20333e-06 1 0.000668768 -0.0129639 0.00565609 -0.000668809 0.999984 0.0754008
0.999922 -0.000103005 -0.01249 -0.0157451 0.000107577 1 0.000365415 -0.0193927 0.0124899 -0.00036673 0.999922 0.166215
0.999808 0.00082048 -0.0195778 -0.0229884 -0.000825994 1 -0.000273489 -0.0201991 0.0195776 0.000289608 0.999808 0.257472
0.999598 0.00137991 -0.0283114 -0.03554 -0.00142873 0.999998 -0.00170443 -0.0248998 0.028309 0.00174419 0.999598 0.363778
0.999229 0.00175954 -0.0392223 -0.0501836 -0.00186928 0.999994 -0.00276141 -0.0278745 0.0392172 0.0028326 0.999227 0.466209
0.998589 0.00164764 -0.0530778 -0.0748574 -0.00188366 0.999989 -0.00439708 -0.0289185 0.05307 0.00449085 0.998581 0.592901
0.997639 0.00159318 -0.0686584 -0.09861 -0.00186136 0.999991 -0.00384215 -0.0337471 0.0686516 0.00396088 0.997633 0.729429
0.996234 0.000645642 -0.0867036 -0.126618 -0.00095356 0.999993 -0.00351001 -0.0363553 0.0867008 0.00357947 0.996228 0.874649
0.994244 -0.000436917 -0.107135 -0.161378 1.54721e-05 0.999992 -0.0039346 -0.0419525 0.107136 0.00391029 0.994237 1.02949
0.991658 -0.000571913 -0.128897 -0.200369 -2.5169e-05 0.999989 -0.00463058 -0.0461194 0.128898 0.0045952 0.991647 1.19256
0.988206 0.00309492 -0.153096 -0.261113 -0.00398857 0.999977 -0.0055304 -0.0535112 0.153076 0.00607581 0.988196 1.36624
0.983961 0.00722874 -0.178237 -0.325799 -0.00872675 0.999933 -0.00762203 -0.0596012 0.17817 0.0090552 0.983958 1.53997
0.978581 0.0103921 -0.205598 -0.398807 -0.0123941 0.999887 -0.00845212 -0.0666084 0.205487 0.0108193 0.9786 1.72232
0.971962 0.0116498 -0.23485 -0.474252 -0.0140321 0.999866 -0.00847538 -0.0746188 0.23472 0.0115332 0.971995 1.91003
0.964043 0.0137347 -0.26539 -0.558983 -0.0164271 0.999834 -0.00792799 -0.0797335 0.265237 0.0120025 0.964109 2.09708
0.954634 0.0153334 -0.297387 -0.657306 -0.0183239 0.999806 -0.00727088 -0.083041 0.297218 0.0123903 0.954729 2.29847
0.943358 0.01793 -0.331292 -0.763727 -0.0207969 0.999771 -0.00511047 -0.0898206 0.331125 0.0117109 0.943514 2.49022
0.930807 0.0203344 -0.364945 -0.879079 -0.0236532 0.99971 -0.00462558 -0.0932075 0.364745 0.0129376 0.931018 2.66994
0.916926 0.0232857 -0.398378 -1.00729 -0.0271982 0.999621 -0.00417154 -0.0927225 0.39813 0.0146601 0.917212 2.86784
0.900863 0.0238981 -0.433446 -1.13887 -0.0283495 0.999591 -0.00380827 -0.0906808 0.433178 0.0157187 0.901172 3.06196
0.882534 0.0199152 -0.469826 -1.27056 -0.0247977 0.999684 -0.00420558 -0.0906741 0.469594 0.0153622 0.882749 3.23826
0.861324 0.0160012 -0.507804 -1.42738 -0.020923 0.999773 -0.00398555 -0.0995966 0.507625 0.0140576 0.861463 3.43429
0.83683 0.017444 -0.547185 -1.58923 -0.0213412 0.999772 -0.0007656 -0.106443 0.547047 0.0123183 0.837011 3.60358
0.80833 0.0229337 -0.588283 -1.79435 -0.026347 0.999649 0.00276838 -0.107464 0.58814 0.0132617 0.80865 3.7844
0.776375 0.0262935 -0.629723 -2.00297 -0.0298669 0.999542 0.00491255 -0.112616 0.629563 0.0149939 0.776805 3.95033
0.741088 0.0256529 -0.670918 -2.20134 -0.029817 0.999541 0.00528239 -0.111024 0.670745 0.0160901 0.741513 4.09943
0.702106 0.0224987 -0.711717 -2.44138 -0.0247352 0.999668 0.00720015 -0.116786 0.711643 0.0125492 0.70243 4.28007
0.659988 0.0193722 -0.751027 -2.68306 -0.0197352 0.99977 0.00844542 -0.119155 0.751017 0.00924777 0.660218 4.4285
0.615778 0.0189695 -0.787691 -2.9336 -0.0173652 0.999794 0.0105022 -0.118136 0.787728 0.00721136 0.615981 4.56482
0.567894 0.0195733 -0.822869 -3.23079 -0.0151243 0.999797 0.0133439 -0.115625 0.822963 0.00486738 0.568074 4.71129
0.517177 0.0208759 -0.855624 -3.52384 -0.0140748 0.999775 0.0158856 -0.115364 0.855762 0.00382705 0.517355 4.82583
0.464721 0.0223784 -0.885174 -3.83101 -0.0131885 0.999745 0.0183508 -0.110112 0.885359 0.00314607 0.464898 4.91577
0.410672 0.024762 -0.911447 -4.17983 -0.0122701 0.999691 0.0216308 -0.106347 0.911701 0.00230039 0.410848 5.01762
0.356107 0.0266358 -0.934065 -4.51192 -0.0117076 0.999642 0.0240424 -0.102393 0.934372 0.00237405 0.356292 5.07751
0.300566 0.0294463 -0.953306 -4.90308 -0.00939202 0.999566 0.027914 -0.0985414 0.953715 0.000563484 0.300712 5.15647
0.246807 0.0316939 -0.968546 -5.28693 -0.00503614 0.999493 0.0314232 -0.095847 0.969052 -0.00287773 0.246841 5.21356
0.195838 0.0326905 -0.980091 -5.67531 -0.00267673 0.999458 0.0328016 -0.0966913 0.980633 -0.00380035 0.195819 5.24982
0.14821 0.0335999 -0.988385 -6.11076 -0.00434581 0.999435 0.0333239 -0.0885405 0.988946 -0.000643604 0.148273 5.26929
0.10532 0.0335528 -0.993872 -6.52983 -0.0062801 0.999433 0.033075 -0.0761557 0.994419 0.00275815 0.105471 5.27979
0.0672243 0.0323668 -0.997213 -6.98849 -0.00743407 0.999462 0.0319386 -0.0640461 0.99771 0.00526629 0.0674288 5.26727
0.0330596 0.0298083 -0.999009 -7.4545 -0.00678373 0.999539 0.0295997 -0.0570237 0.99943 0.00579845 0.0332466 5.25538
0.00137381 0.0273963 -0.999624 -7.92148 -0.00662898 0.999603 0.0273866 -0.0537574 0.999977 0.00658886 0.00155487 5.23336
-0.0256278 0.0252726 -0.999352 -8.41519 -0.00626159 0.999657 0.0254409 -0.0474769 0.999652 0.00690953 -0.0254608 5.19355
-0.0465795 0.0232166 -0.998645 -8.92157 -0.00697611 0.999698 0.0235664 -0.0379436 0.99889 0.00806437 -0.0464034 5.1532
-0.0634768 0.0220517 -0.99774 -9.45548 -0.00723649 0.999719 0.0225559 -0.0249899 0.997957 0.00865191 -0.0632994 5.10127
-0.0766276 0.0227602 -0.9968 -9.999 -0.00616231 0.99971 0.0233004 -0.0188721 0.997041 0.00792804 -0.0764651 5.04845
-0.0863984 0.023624 -0.995981 -10.553 -0.0073287 0.999677 0.0243474 -0.0177236 0.996234 0.00940282 -0.0861973 4.99219
-0.0932201 0.0249928 -0.995332 -11.1232 -0.00803018 0.999633 0.0258529 -0.0138341 0.995613 0.0104027 -0.0929852 4.9261
-0.0973384 0.0263449 -0.994903 -11.7116 -0.00794024 0.999597 0.0272461 -0.00437614 0.99522 0.0105519 -0.09709 4.85863
-0.099172 0.0272249 -0.994698 -12.3081 -0.00738906 0.999578 0.0280952 0.00606255 0.995043 0.0101361 -0.098929 4.79442
-0.0981858 0.0289916 -0.994746 -12.9206 -0.00598058 0.99954 0.0297217 0.01475 0.99515 0.0088674 -0.0979673 4.73889
-0.0968611 0.0314852 -0.9948 -13.5585 -0.00523682 0.99947 0.0321429 0.0238777 0.995284 0.00832298 -0.0966448 4.67303
-0.0949445 0.0316626 -0.994979 -14.1976 -0.0057378 0.99946 0.0323527 0.033326 0.995466 0.0087807 -0.0947116 4.60335
-0.0932692 0.029565 -0.995202 -14.8627 -0.00936958 0.999489 0.0305704 0.0408523 0.995597 0.0121759 -0.0929445 4.53896
-0.0923344 0.0290299 -0.995305 -15.5559 -0.010614 0.999489 0.0301366 0.0530736 0.995672 0.0133468 -0.0919791 4.47207
-0.0904816 0.0318438 -0.995389 -16.2521 -0.00984038 0.999411 0.032867 0.0668484 0.99585 0.0127689 -0.090115 4.40874
-0.0893147 0.0349783 -0.995389 -16.9858 -0.0106645 0.999292 0.0360724 0.0809797 0.995946 0.0138371 -0.0888785 4.33982
-0.0880203 0.0373612 -0.995418 -17.6954 -0.0107247 0.999203 0.0384516 0.0965855 0.996061 0.0140601 -0.0875495 4.27979
-0.0863382 0.0363364 -0.995603 -18.4481 -0.0131858 0.999206 0.0376114 0.107178 0.996179 0.0163751 -0.0857905 4.21072
-0.084074 0.033857 -0.995884 -19.1957 -0.0164058 0.99924 0.0353561 0.120976 0.996324 0.0193108 -0.0834546 4.13552
-0.0824759 0.0331753 -0.996041 -19.9554 -0.0171255 0.999251 0.0347003 0.141806 0.996446 0.0199196 -0.0818459 4.06516
-0.0813985 0.0355132 -0.996049 -20.7351 -0.0134538 0.999235 0.0367262 0.15859 0.996591 0.0163901 -0.0808585 4.00344
-0.0798889 0.0375498 -0.996096 -21.5281 -0.0122437 0.999178 0.0386479 0.172014 0.996729 0.0152834 -0.0793635 3.93881
-0.0793879 0.038986 -0.996081 -22.3077 -0.0093529 0.999162 0.039852 0.187582 0.9968 0.01248 -0.0789567 3.87567
-0.0783008 0.0346464 -0.996328 -23.1184 -0.0100346 0.999318 0.035539 0.200437 0.996879 0.0127805 -0.0778997 3.8085
-0.0780975 0.0282677 -0.996545 -23.915 -0.0102425 0.999522 0.0291549 0.208545 0.996893 0.0124841 -0.0777707 3.74528
-0.0780578 0.0239391 -0.996661 -24.7234 -0.00737895 0.99967 0.0245893 0.220597 0.996922 0.0092737 -0.0778554 3.68366
-0.078403 0.0245428 -0.99662 -25.5494 -0.00837405 0.999645 0.0252761 0.235353 0.996887 0.0103275 -0.0781696 3.6132
-0.078445 0.0311927 -0.99643 -26.3849 -0.00672767 0.999471 0.0318175 0.24388 0.996896 0.00919958 -0.0781936 3.54256
-0.0786211 0.0385102 -0.99616 -27.2281 -0.00764009 0.999201 0.0392307 0.253623 0.996875 0.0106951 -0.0782641 3.46972
-0.0787812 0.043906 -0.995925 -28.0694 -0.00888106 0.998959 0.0447423 0.270278 0.996852 0.0123697 -0.0783093 3.39475
-0.0792324 0.0446721 -0.995855 -28.8875 -0.00915849 0.998921 0.0455383 0.283216 0.996814 0.0127286 -0.0787378 3.32401
-0.0795584 0.0414186 -0.995969 -29.7312 -0.0100121 0.999053 0.0423466 0.295735 0.99678 0.0133408 -0.0790683 3.25091
-0.0796387 0.0389674 -0.996062 -30.5539 -0.0106595 0.999145 0.0399403 0.312454 0.996767 0.0137983 -0.0791552 3.17635
-0.080229 0.0398278 -0.99598 -31.4063 -0.0122505 0.999087 0.0409388 0.330154 0.996701 0.0154858 -0.0796678 3.09931
-0.079775 0.0422451 -0.995917 -32.2438 -0.0116833 0.998993 0.0433115 0.350887 0.996744 0.0150908 -0.0792011 3.02646
-0.0798741 0.0401079 -0.995998 -33.0754 -0.0131485 0.999061 0.0412857 0.361615 0.996718 0.0163936 -0.0792717 2.95432
-0.0788233 0.0355793 -0.996254 -33.9237 -0.0144179 0.999218 0.0368259 0.371582 0.996784 0.0172667 -0.0782487 2.8808
-0.0794292 0.0318311 -0.996332 -34.7316 -0.0169028 0.999303 0.0332736 0.383612 0.996697 0.0194837 -0.0788359 2.81402
-0.0786375 0.0317882 -0.996396 -35.5503 -0.0170459 0.999302 0.0332262 0.395717 0.996758 0.0195973 -0.0780408 2.7436
-0.0778081 0.0345559 -0.996369 -36.3931 -0.0145425 0.999254 0.0357915 0.403237 0.996862 0.0172746 -0.0772475 2.67588
-0.0775703 0.0391825 -0.996217 -37.2289 -0.0152181 0.999065 0.0404795 0.419315 0.996871 0.0183005 -0.0769014 2.60255
-0.076655 0.0446701 -0.996057 -38.0599 -0.0125336 0.998874 0.045761 0.438283 0.996979 0.0159919 -0.0760088 2.53966
-0.07691 0.0480826 -0.995878 -38.8892 -0.0144467 0.998678 0.0493334 0.455226 0.996933 0.0181814 -0.0761137 2.46956
-0.0770531 0.048091 -0.995867 -39.7205 -0.0127174 0.998707 0.0492121 0.476157 0.996946 0.0164568 -0.0763419 2.40101
-0.0768214 0.0441679 -0.996066 -40.5429 -0.0138818 0.998874 0.045363 0.493716 0.996948 0.0173121 -0.0761218 2.33433
-0.0769273 0.0399975 -0.996234 -41.3785 -0.0158582 0.99902 0.0413339 0.513083 0.996911 0.0189782 -0.0762176 2.26425
-0.076297 0.0371451 -0.996393 -42.2015 -0.0184536 0.999082 0.0386584 0.522632 0.996914 0.0213365 -0.0755415 2.18834
-0.0764377 0.0351587 -0.996454 -43.02 -0.022159 0.999071 0.0369509 0.541425 0.996828 0.0249048 -0.0755876 2.117
-0.0775976 0.0329676 -0.99644 -43.8437 -0.0197213 0.999207 0.0345949 0.552236 0.99679 0.0223355 -0.0768859 2.04466
-0.0784168 0.0298591 -0.996473 -44.6581 -0.0163021 0.999379 0.031229 0.556694 0.996787 0.0186935 -0.0778814 1.98072
-0.0794062 0.0286364 -0.996431 -45.4634 -0.0127365 0.999477 0.0297389 0.564133 0.996761 0.0150525 -0.0789999 1.91827
-0.0807558 0.0315921 -0.996233 -46.3 -0.0119024 0.999396 0.0326573 0.574834 0.996663 0.0144948 -0.080331 1.84731
-0.082893 0.0371582 -0.995865 -47.1108 -0.00939188 0.999231 0.0380656 0.588389 0.996514 0.0125084 -0.0824803 1.77749
-0.0847393 0.041297 -0.995547 -47.9403 -0.00726564 0.999089 0.0420623 0.597963 0.996377 0.0107976 -0.084362 1.70667
-0.0864718 0.0408359 -0.995417 -48.7355 -0.00730941 0.999107 0.0416222 0.606738 0.996227 0.0108751 -0.086096 1.63591
-0.0872923 0.0372212 -0.995487 -49.542 -0.0105852 0.999211 0.0382886 0.619642 0.996126 0.0138797 -0.0868294 1.55304
-0.0889743 0.0337172 -0.995463 -50.3446 -0.0153975 0.999261 0.0352221 0.630073 0.995915 0.0184615 -0.0883894 1.46493
-0.0901072 0.0317787 -0.995425 -51.1273 -0.0198137 0.999236 0.0336939 0.642695 0.995735 0.0227591 -0.0894087 1.38079
-0.0916084 0.0328124 -0.995254 -51.9214 -0.0212086 0.999166 0.0348935 0.654101 0.995569 0.0243045 -0.0908361 1.29897
-0.0920705 0.0346959 -0.995148 -52.7221 -0.0205223 0.999114 0.0367329 0.660362 0.995541 0.0238047 -0.0912769 1.21973
-0.0940151 0.0340247 -0.994989 -53.4964 -0.0227096 0.999083 0.0363104 0.667104 0.995312 0.0260095 -0.0931561 1.13914
-0.0938389 0.0341001 -0.995003 -54.2842 -0.0235756 0.999057 0.0364624 0.679078 0.995308 0.0268794 -0.0929465 1.05803
-0.0941881 0.0358404 -0.994909 -55.0641 -0.0223198 0.999025 0.0381016 0.68874 0.995304 0.0257949 -0.0932963 0.981333
-0.0949382 0.0388489 -0.994725 -55.8305 -0.0217264 0.998919 0.0410863 0.698759 0.995246 0.0255124 -0.0939916 0.902182
-0.094354 0.0431055 -0.994605 -56.5964 -0.020712 0.998761 0.0452504 0.716195 0.995323 0.0248699 -0.0933443 0.82212
-0.0951858 0.0449223 -0.994445 -57.3799 -0.0207148 0.998676 0.0470962 0.729286 0.995244 0.0250826 -0.0941292 0.74424
-0.0954725 0.0453959 -0.994396 -58.1293 -0.0208552 0.998649 0.0475923 0.744908 0.995214 0.0252821 -0.0943968 0.67448
-0.0955259 0.0437357 -0.994466 -58.8623 -0.0197999 0.998753 0.0458262 0.758111 0.99523 0.0240679 -0.0945409 0.608793
-0.0959543 0.0401175 -0.994577 -59.5998 -0.0204988 0.998896 0.0422693 0.772788 0.995175 0.0244436 -0.095026 0.52928
-0.095612 0.0372957 -0.99472 -60.3107 -0.0215715 0.998986 0.0395291 0.782838 0.995185 0.0252371 -0.0947105 0.451558
-0.0947212 0.0349084 -0.994892 -61.0254 -0.0230289 0.999041 0.0372465 0.793388 0.995237 0.0264393 -0.0938265 0.375013
-0.0920601 0.0344491 -0.995157 -61.7122 -0.0241931 0.999029 0.0368212 0.802719 0.99546 0.0274657 -0.0911373 0.305696
-0.0878038 0.0352669 -0.995513 -62.3802 -0.0234888 0.999022 0.0374629 0.808216 0.995861 0.0266728 -0.0868896 0.239942
-0.0826301 0.036832 -0.995899 -63.0312 -0.0244776 0.99894 0.0389754 0.817453 0.99628 0.0275978 -0.081641 0.185976
-0.0748274 0.038491 -0.996453 -63.6906 -0.0229346 0.998924 0.0403087 0.823201 0.996933 0.0258694 -0.0738641 0.135555
-0.0665882 0.0398731 -0.996984 -64.3172 -0.0260421 0.998791 0.0416848 0.830393 0.997441 0.0287392 -0.0654693 0.0933148
-0.0545072 0.041523 -0.99765 -64.9362 -0.0279126 0.998681 0.043091 0.837494 0.998123 0.0301958 -0.0532763 0.0612014
-0.0396983 0.0431218 -0.998281 -65.5418 -0.0305521 0.998549 0.0443484 0.846732 0.998745 0.0322602 -0.0383233 0.0386602
-0.0211851 0.0444503 -0.998787 -66.1218 -0.0334514 0.99842 0.0451435 0.855799 0.999216 0.0343672 -0.0196647 0.0287772
0.000437831 0.0453977 -0.998969 -66.6852 -0.0336817 0.998403 0.0453572 0.866071 0.999432 0.0336271 0.0019662 0.0418511
0.0264701 0.0452286 -0.998626 -67.2267 -0.0336767 0.998449 0.0443279 0.871439 0.999082 0.032457 0.0279522 0.0671953
0.055425 0.045615 -0.99742 -67.736 -0.0329735 0.998495 0.0438318 0.879199 0.997918 0.0304591 0.0568457 0.117255
0.0898803 0.0453288 -0.994921 -68.2318 -0.0315367 0.998592 0.0426471 0.886013 0.995453 0.0275434 0.0911833 0.181611
0.1272 0.0453781 -0.990839 -68.7065 -0.0310645 0.998645 0.0417476 0.893015 0.991391 0.0254696 0.128437 0.270612
0.167331 0.045625 -0.984845 -69.1554 -0.0311189 0.998675 0.0409784 0.895404 0.98541 0.0237903 0.168529 0.375873
0.212929 0.0462295 -0.975973 -69.6048 -0.0305898 0.998706 0.0406324 0.902968 0.976589 0.021203 0.214068 0.501411
0.259598 0.0445613 -0.964688 -70.0284 -0.0270724 0.998878 0.0388555 0.908657 0.965337 0.0160296 0.260514 0.669886
0.310054 0.0401388 -0.949871 -70.4407 -0.0192968 0.999168 0.0359232 0.903048 0.950523 0.0071914 0.31057 0.843686
0.360402 0.0350159 -0.93214 -70.8304 -0.0135221 0.999386 0.0323138 0.899793 0.932699 0.00095848 0.360654 1.06089
0.412465 0.0304079 -0.910466 -71.2091 -0.00836944 0.999527 0.0295908 0.903406 0.910935 -0.0045851 0.412525 1.27979
0.462749 0.0294105 -0.886002 -71.5846 -0.00854065 0.999551 0.028719 0.910556 0.886448 -0.00572267 0.462792 1.53328
0.510656 0.0273959 -0.859348 -71.9317 -0.00669151 0.999589 0.0278904 0.920679 0.859759 -0.00849206 0.510629 1.79126
0.555714 0.0234722 -0.831042 -72.2643 0.00066214 0.999589 0.0286755 0.92536 0.831374 -0.0164856 0.55547 2.07407
0.599265 0.0170286 -0.80037 -72.5765 0.0120009 0.99947 0.0302501 0.915488 0.800461 -0.027733 0.598743 2.39112
0.641675 0.0119414 -0.766884 -72.8752 0.0135452 0.999546 0.026898 0.912447 0.766857 -0.0276474 0.641222 2.68504
0.682811 0.00633644 -0.730567 -73.1657 0.0111242 0.999756 0.0190682 0.918133 0.73051 -0.0211469 0.682575 3.01628
0.723184 0.000467862 -0.690656 -73.4287 0.00738442 0.999937 0.00840957 0.915724 0.690616 -0.0111818 0.723135 3.33395
0.762342 -0.00278046 -0.647169 -73.6939 0.00320828 0.999995 -0.000517083 0.916378 0.647167 -0.0016821 0.762347 3.71049
0.799162 -0.00436223 -0.6011 -73.9393 0.00229334 0.999989 -0.00420801 0.915479 0.601111 0.00198435 0.799163 4.09161
0.833313 -0.00623965 -0.552766 -74.1732 0.00309855 0.999973 -0.00661659 0.911224 0.552793 0.00380092 0.83331 4.51715
0.864195 -0.00529398 -0.503129 -74.3999 0.000742071 0.999957 -0.00924704 0.906713 0.503156 0.00761789 0.864162 4.98221
0.890143 -0.00386228 -0.455666 -74.6024 0.000175503 0.999967 -0.008133 0.888813 0.455682 0.00715956 0.890114 5.44577
0.911844 0.000471136 -0.410536 -74.8089 -0.00409836 0.99996 -0.00795534 0.882312 0.410515 0.00893655 0.91181 5.95671
0.9292 0.00619593 -0.369525 -74.9883 -0.0103575 0.999903 -0.00927906 0.870934 0.369432 0.0124495 0.929174 6.45571
0.942832 0.0103377 -0.33311 -75.1641 -0.0140185 0.999864 -0.00864833 0.862179 0.332975 0.0128236 0.942849 6.99967
0.953286 0.0108423 -0.301874 -75.3341 -0.0135528 0.999884 -0.00688577 0.848704 0.301765 0.0106554 0.953323 7.57385
0.96064 0.0102984 -0.277606 -75.4791 -0.0122201 0.999912 -0.00519288 0.831501 0.277528 0.00838085 0.960681 8.13469
0.966732 0.010918 -0.255558 -75.6311 -0.0120264 0.999924 -0.00277499 0.820289 0.255508 0.00575611 0.96679 8.74399
0.971186 0.0122263 -0.238009 -75.7742 -0.012745 0.999919 -0.000640274 0.811463 0.237982 0.00365525 0.971263 9.34809
0.974627 0.0178053 -0.223125 -75.9184 -0.0179379 0.999838 0.0014326 0.801891 0.223114 0.00260614 0.974789 9.98457
0.977871 0.0197644 -0.208271 -76.0643 -0.0196989 0.999803 0.00238856 0.796676 0.208278 0.00176701 0.978068 10.6328
0.980414 0.0203508 -0.195894 -76.1879 -0.020269 0.999792 0.00242237 0.780441 0.195903 0.00159566 0.980622 11.2776
0.983099 0.0203705 -0.181936 -76.3139 -0.0203172 0.999791 0.00215729 0.772084 0.181942 0.0015756 0.983308 11.9513
0.985731 0.019839 -0.167152 -76.4332 -0.0196738 0.999803 0.00264447 0.764182 0.167171 0.000681776 0.985928 12.6563
0.987901 0.020839 -0.153678 -76.5396 -0.0205983 0.999783 0.00315818 0.756374 0.153711 4.55477e-05 0.988116 13.3568
0.989945 0.021095 -0.139874 -76.6478 -0.0212573 0.999774 0.000334175 0.738426 0.13985 0.00264253 0.990169 14.0818
0.991264 0.0213524 -0.130156 -76.7319 -0.0221814 0.999742 -0.00492316 0.726791 0.130017 0.00776719 0.991481 14.8028
0.992491 0.0213653 -0.120435 -76.8265 -0.0228167 0.999683 -0.0106849 0.705666 0.120169 0.0133526 0.992664 15.5392
0.993516 0.0217246 -0.1116 -76.9133 -0.0230993 0.999672 -0.0110393 0.69262 0.111324 0.0135456 0.993692 16.3112
0.994162 0.0226377 -0.105492 -76.9953 -0.0233357 0.999713 -0.00538709 0.674831 0.105339 0.00781737 0.994406 17.0719
0.994565 0.0264561 -0.100704 -77.0854 -0.0263614 0.99965 0.00227127 0.662353 0.100729 0.000395779 0.994914 17.8343
0.995129 0.0255614 -0.0952112 -77.167 -0.0250536 0.999665 0.00652484 0.645312 0.0953461 -0.00410767 0.995436 18.621
0.995364 0.0270199 -0.092307 -77.2424 -0.0265712 0.999628 0.00608714 0.626444 0.0924372 -0.00360622 0.995712 19.3722
0.995754 0.0262131 -0.088238 -77.3177 -0.0258616 0.999652 0.00512386 0.61233 0.0883416 -0.00282013 0.996086 20.1548
0.995967 0.0250134 -0.0861586 -77.3853 -0.0245135 0.999676 0.00685594 0.604136 0.0863022 -0.00471625 0.996258 20.9157
0.99626 0.0222349 -0.0834961 -77.4501 -0.0214938 0.999721 0.00976505 0.591891 0.08369 -0.00793388 0.99646 21.6785
0.996598 0.0192495 -0.0801403 -77.5167 -0.0184376 0.999771 0.0108584 0.578862 0.080331 -0.00934385 0.996724 22.4639
0.99679 0.0177396 -0.0780696 -77.5802 -0.0171708 0.999821 0.00795095 0.567066 0.0781967 -0.00658491 0.996916 23.2063
0.996844 0.0226608 -0.0760771 -77.6474 -0.022668 0.999743 0.000768765 0.549937 0.0760749 0.000958179 0.997102 23.9563
0.996948 0.0232568 -0.0745252 -77.7177 -0.0238149 0.999695 -0.00660801 0.531282 0.0743488 0.00836265 0.997197 24.7272
0.996978 0.0252388 -0.0734682 -77.7769 -0.0261027 0.999601 -0.0108213 0.509626 0.0731657 0.0127063 0.997239 25.4734
0.997179 0.0249792 -0.0707803 -77.8408 -0.025696 0.999627 -0.00923408 0.494291 0.0705232 0.0110268 0.997449 26.2233
0.997245 0.0282232 -0.0686057 -77.9053 -0.0286629 0.999574 -0.0054329 0.470177 0.0684231 0.00738437 0.997629 26.9924
0.997325 0.0310384 -0.0661761 -77.9681 -0.0311575 0.999514 -0.000769068 0.450808 0.0661201 0.00282889 0.997808 27.7468
0.997524 0.0295659 -0.063802 -78.0198 -0.0295359 0.999563 0.00141208 0.43138 0.0638159 0.00047587 0.997962 28.5168
0.997659 0.0270038 -0.0628225 -78.074 -0.0269451 0.999635 0.00178144 0.411203 0.0628477 -8.45105e-05 0.998023 29.2763
0.997814 0.0246178 -0.0613237 -78.1249 -0.0245607 0.999697 0.00168573 0.393006 0.0613466 -0.000175894 0.998117 30.0331
0.997856 0.0247575 -0.0605823 -78.1723 -0.0248038 0.999692 -1.09295e-05 0.376861 0.0605634 0.00151358 0.998163 30.78
0.997957 0.023385 -0.0594461 -78.2269 -0.0234824 0.999724 -0.000940482 0.360588 0.0594077 0.0023345 0.998231 31.5445
0.998033 0.0219169 -0.0587279 -78.2749 -0.0220171 0.999757 -0.00105933 0.343082 0.0586904 0.00235026 0.998273 32.2887
0.998015 0.0245279 -0.0580087 -78.3292 -0.0245953 0.999697 -0.00044812 0.329448 0.0579802 0.00187397 0.998316 33.0756
0.997957 0.0262262 -0.0582597 -78.3797 -0.0263313 0.999653 -0.00103587 0.313815 0.0582123 0.00256781 0.998301 33.8324
0.997936 0.0239451 -0.0595803 -78.4355 -0.024049 0.99971 -0.0010278 0.297677 0.0595384 0.00245852 0.998223 34.6301
0.997816 0.023327 -0.0617938 -78.4853 -0.0234066 0.999726 -0.000566067 0.281511 0.0617637 0.00201122 0.998089 35.3918
0.997601 0.0250548 -0.0645324 -78.549 -0.0251247 0.999684 -0.000272246 0.265332 0.0645052 0.00189295 0.997916 36.1904
0.997368 0.0264422 -0.067519 -78.6182 -0.0265865 0.999646 -0.00123989 0.248259 0.0674623 0.00303173 0.997717 36.985
0.997117 0.0290188 -0.0701085 -78.6882 -0.0294633 0.999552 -0.0053133 0.231575 0.0699228 0.00736361 0.997525 37.773
0.9969 0.0305184 -0.0725135 -78.7613 -0.0312919 0.999465 -0.00955441 0.207505 0.0721831 0.0117939 0.997322 38.6006
0.996792 0.0297527 -0.0742943 -78.8315 -0.0305746 0.999483 -0.00994998 0.18989 0.0739599 0.0121896 0.997187 39.4045
0.996644 0.0283971 -0.0767684 -78.8997 -0.0291664 0.999535 -0.00891898 0.1668 0.0764794 0.0111281 0.997009 40.2121
0.996526 0.0263666 -0.0789988 -78.9687 -0.0270536 0.999605 -0.00763905 0.140873 0.0787662 0.00974972 0.996845 41.0456
0.996399 0.0263037 -0.0806006 -79.046 -0.02686 0.999622 -0.00582558 0.117976 0.0804169 0.00796954 0.996729 41.886
0.996337 0.0251336 -0.0817394 -79.1192 -0.0254396 0.999673 -0.00270352 0.104524 0.0816447 0.00477303 0.99665 42.7068
0.996254 0.0247454 -0.0828563 -79.1943 -0.0247077 0.999694 0.00148072 0.0864146 0.0828675 0.000572013 0.99656 43.5672
0.996314 0.0242851 -0.0822672 -79.2707 -0.0239849 0.999702 0.00463572 0.0684125 0.0823552 -0.00264547 0.9966 44.4201
0.996427 0.0274825 -0.0798589 -79.3538 -0.0271993 0.999619 0.00463205 0.0552767 0.0799558 -0.0024434 0.996795 45.2778
0.996525 0.0275425 -0.0786121 -79.4262 -0.0273389 0.99962 0.00366559 0.0409272 0.0786831 -0.00150369 0.996899 46.1425
0.996707 0.0257062 -0.0768997 -79.5015 -0.0256681 0.999669 0.00148375 0.0266197 0.0769124 0.000495007 0.997038 47.0182
0.996957 0.0212701 -0.074992 -79.5665 -0.0213362 0.999772 -8.07615e-05 0.0064014 0.0749732 0.00168056 0.997184 47.873
0.997116 0.0204634 -0.0730808 -79.6385 -0.0205437 0.999789 -0.000346531 -0.0090938 0.0730583 0.00184688 0.997326 48.7582
0.997208 0.0177403 -0.0725437 -79.7039 -0.0176353 0.999842 0.00208711 -0.0236132 0.0725693 -0.000801945 0.997363 49.6413
0.997338 0.0147325 -0.0714189 -79.7676 -0.0144395 0.999885 0.00461623 -0.0453509 0.0714787 -0.00357268 0.997436 50.5221
0.997405 0.0136723 -0.0706819 -79.8367 -0.0133551 0.999898 0.00495819 -0.0623401 0.0707425 -0.00400136 0.997487 51.3951
0.997469 0.0149693 -0.0695034 -79.9054 -0.0148859 0.999888 0.00171802 -0.0781029 0.0695213 -0.000679054 0.99758 52.2521
0.997412 0.0195416 -0.0691904 -79.9732 -0.0198308 0.999797 -0.00349602 -0.105034 0.0691081 0.00485908 0.997597 53.0973
0.997465 0.0215059 -0.0678268 -80.0387 -0.0221775 0.999712 -0.00916494 -0.128979 0.0676102 0.0106459 0.997655 53.9441
0.997334 0.0279063 -0.067424 -80.1191 -0.028963 0.999472 -0.0147455 -0.159684 0.0669769 0.016659 0.997616 54.8085
0.99737 0.0287982 -0.0665158 -80.1797 -0.0299247 0.999424 -0.0160025 -0.18678 0.0660167 0.0179509 0.997657 55.6807
0.997439 0.0279269 -0.0658458 -80.2442 -0.0286912 0.999531 -0.0106901 -0.216341 0.0655164 0.012552 0.997773 56.4963
0.997535 0.0227105 -0.0663921 -80.3052 -0.022809 0.99974 -0.000726906 -0.243389 0.0663583 0.00223945 0.997793 57.3499
0.997517 0.0193749 -0.0677162 -80.367 -0.0189831 0.999799 0.00642455 -0.260498 0.067827 -0.00512313 0.997684 58.2248
0.997314 0.0199754 -0.0704676 -80.4258 -0.0196581 0.999793 0.00519414 -0.282703 0.0705568 -0.00379493 0.997501 59.052
0.997275 0.0153465 -0.0721577 -80.4934 -0.0152201 0.999882 0.00230115 -0.305452 0.0721844 -0.00119663 0.997391 59.884
0.997112 0.0146163 -0.0745273 -80.5594 -0.0146439 0.999893 0.000176877 -0.323237 0.0745219 0.000915004 0.997219 60.6998
0.996872 0.015983 -0.0774045 -80.6342 -0.0161724 0.999868 -0.00182128 -0.346934 0.0773652 0.0030674 0.996998 61.531
0.99655 0.0175715 -0.0811078 -80.7151 -0.0180441 0.999824 -0.00509773 -0.366426 0.0810039 0.00654366 0.996692 62.3638
0.996202 0.0179231 -0.0852026 -80.7981 -0.0187244 0.999788 -0.00861388 -0.385896 0.0850301 0.0101765 0.996326 63.16
0.995897 0.0207863 -0.0880764 -80.8823 -0.0219105 0.99969 -0.0118162 -0.419975 0.0878034 0.0136975 0.996044 63.9786
0.995519 0.0245607 -0.0913172 -80.9721 -0.0258176 0.999587 -0.0126082 -0.443245 0.0909698 0.0149093 0.995742 64.7704
0.995106 0.0284257 -0.0946315 -81.0652 -0.0295866 0.999503 -0.0108873 -0.469703 0.094275 0.0136339 0.995453 65.5715
0.994646 0.0312348 -0.0985052 -81.1564 -0.0319255 0.999475 -0.00544318 -0.489164 0.0982835 0.00855887 0.995122 66.3763
0.994228 0.0311913 -0.102654 -81.2475 -0.0312449 0.999511 0.00108632 -0.513365 0.102637 0.00212735 0.994717 67.1763
0.993797 0.030074 -0.107068 -81.3394 -0.0297607 0.999547 0.00452297 -0.53611 0.107156 -0.00130849 0.994241 67.9697
0.993006 0.0313377 -0.113833 -81.4389 -0.0308745 0.999506 0.00582991 -0.550525 0.113959 -0.0022746 0.993483 68.7649
0.992437 0.0265725 -0.119841 -81.5418 -0.0256678 0.999629 0.00908652 -0.563559 0.120038 -0.00594174 0.992752 69.5565
0.991608 0.0289192 -0.126008 -81.6517 -0.0279454 0.999564 0.00948878 -0.580911 0.126228 -0.00588779 0.991984 70.3339
0.990691 0.0316964 -0.13239 -81.7683 -0.0308066 0.999487 0.0087643 -0.590012 0.1326 -0.00460422 0.991159 71.1023
0.989775 0.0354584 -0.138157 -81.881 -0.035072 0.999371 0.00523077 -0.606074 0.138256 -0.000331836 0.990396 71.8484
0.988912 0.0349325 -0.144333 -82.0058 -0.034983 0.999386 0.00218821 -0.618281 0.144321 0.00288526 0.989527 72.614
0.988008 0.0370347 -0.149897 -82.1256 -0.0372411 0.999305 0.00143054 -0.637822 0.149846 0.00416895 0.988701 73.3806
0.987262 0.0386018 -0.154346 -82.2568 -0.0381987 0.999255 0.00557769 -0.644869 0.154447 0.000389189 0.988001 74.1358
0.986411 0.037283 -0.160013 -82.3996 -0.036062 0.999294 0.0105287 -0.662226 0.160293 -0.00461523 0.987059 74.9099
0.985468 0.0343438 -0.166354 -82.5329 -0.0326602 0.999384 0.0128462 -0.674451 0.166693 -0.00722633 0.985982 75.6512
0.984317 0.0327819 -0.173335 -82.6751 -0.0316554 0.999456 0.00926007 -0.684882 0.173544 -0.00362785 0.984819 76.402
0.982795 0.0329192 -0.181741 -82.8217 -0.0330315 0.999451 0.00240971 -0.700257 0.181721 0.00363493 0.983343 77.1318
0.981193 0.029261 -0.190799 -82.9748 -0.0298092 0.999556 -2.68547e-06 -0.710376 0.190714 0.0056902 0.981629 77.8678
0.979136 0.0282104 -0.201236 -83.1383 -0.0282057 0.999598 0.00289123 -0.724731 0.201237 0.0028451 0.979539 78.5956
0.976744 0.0284901 -0.212508 -83.3154 -0.0272171 0.99959 0.00891398 -0.733735 0.212675 -0.00292284 0.977119 79.3415
0.974247 0.028961 -0.223615 -83.5009 -0.0258982 0.999527 0.016618 -0.740331 0.22399 -0.0103988 0.974536 80.0615
0.971518 0.0303723 -0.235013 -83.6814 -0.0260769 0.999432 0.0213642 -0.757764 0.235528 -0.0146273 0.971758 80.7793
0.968551 0.0335902 -0.246537 -83.8872 -0.0303078 0.999394 0.0170973 -0.763746 0.246962 -0.00908766 0.968983 81.505
0.965486 0.0324444 -0.258425 -84.0883 -0.0315796 0.999473 0.00749777 -0.773377 0.258532 0.000921965 0.966002 82.1944
0.962124 0.0316543 -0.270769 -84.3006 -0.0321664 0.999479 0.00254752 -0.77806 0.270709 0.00625863 0.962641 82.8991
0.958827 0.0299294 -0.28241 -84.5273 -0.029168 0.999551 0.00690119 -0.778166 0.282489 0.00162027 0.959269 83.6108
0.955447 0.0312224 -0.293508 -84.7628 -0.0281404 0.999496 0.0147185 -0.79281 0.29382 -0.00580332 0.955843 84.3263
0.951589 0.0303139 -0.305875 -85.001 -0.0252667 0.999472 0.0204475 -0.796971 0.306333 -0.0117291 0.951852 85.0347
0.947676 0.0284256 -0.317967 -85.2378 -0.0235508 0.999539 0.0191652 -0.806755 0.318365 -0.010674 0.947908 85.7243
0.943541 0.0269149 -0.33016 -85.4982 -0.0236107 0.999623 0.0140148 -0.805072 0.330413 -0.00542826 0.943821 86.4451
0.940655 0.0218108 -0.338662 -85.759 -0.0203894 0.999762 0.00775462 -0.816974 0.338751 -0.000389304 0.940876 87.1274
0.937703 0.018858 -0.346926 -86.0257 -0.019461 0.999809 0.00174591 -0.82729 0.346893 0.0051144 0.937891 87.8454
0.934978 0.0180539 -0.354246 -86.3004 -0.0194937 0.99981 -0.000496056 -0.839676 0.35417 0.00736937 0.935152 88.5459
0.932002 0.0226269 -0.361746 -86.5888 -0.0244679 0.9997 -0.000508687 -0.84929 0.361626 0.00932526 0.932276 89.2314
0.928852 0.0241487 -0.369664 -86.8872 -0.0252278 0.99968 0.00191557 -0.866933 0.369592 0.00754652 0.929164 89.9541
0.925775 0.0243793 -0.377287 -87.1744 -0.0230966 0.999702 0.0079244 -0.873827 0.377368 0.00137783 0.926062 90.6369
0.922983 0.0271152 -0.383883 -87.4647 -0.0225931 0.999612 0.0162853 -0.884414 0.384176 -0.0063579 0.923238 91.3385
0.920274 0.0344018 -0.389758 -87.7824 -0.0273451 0.999346 0.0236412 -0.890416 0.390317 -0.0110984 0.920614 92.0382
0.917484 0.0415544 -0.395596 -88.1067 -0.0361497 0.999123 0.0211104 -0.890596 0.396126 -0.0050678 0.918182 92.7339
0.915205 0.0398405 -0.401015 -88.4244 -0.0378276 0.999201 0.0129389 -0.893143 0.40121 0.00332772 0.91598 93.4302
0.913183 0.0337663 -0.406149 -88.7352 -0.0342138 0.999396 0.00616133 -0.908202 0.406111 0.00826949 0.913786 94.1255
0.911427 0.0340657 -0.410048 -89.055 -0.0349472 0.999375 0.00534723 -0.914757 0.409974 0.00945642 0.912048 94.8118
0.909313 0.0388692 -0.414294 -89.3842 -0.0382273 0.999221 0.00984423 -0.913958 0.414354 0.00688584 0.91009 95.4996
0.906951 0.0401206 -0.419321 -89.7192 -0.0374039 0.999192 0.0147014 -0.9251 0.419572 0.00235079 0.907719 96.1911
0.904759 0.0365565 -0.424353 -90.0662 -0.0341103 0.999329 0.0133625 -0.938626 0.424556 0.00238494 0.905398 96.8948
0.902605 0.0357974 -0.428979 -90.399 -0.03636 0.999315 0.00688661 -0.948816 0.428932 0.00938179 0.903288 97.5723
0.900204 0.033498 -0.434179 -90.7438 -0.0369739 0.999316 0.000439934 -0.959971 0.433897 0.0156573 0.900827 98.2718
0.897916 0.0354195 -0.438739 -91.0959 -0.039866 0.999205 -0.000923168 -0.97214 0.438357 0.0183197 0.898614 98.9558
0.895896 0.0363626 -0.442773 -91.4384 -0.0391426 0.99923 0.00286114 -0.984683 0.442536 0.014768 0.896629 99.6278
0.893834 0.0387666 -0.446719 -91.8061 -0.0405189 0.999163 0.00563445 -1.00113 0.446564 0.0130643 0.894656 100.329
0.891604 0.0399515 -0.45105 -92.1587 -0.0414853 0.999118 0.00649098 -1.01572 0.450911 0.0129246 0.892475 101.004
0.889229 0.0384407 -0.455844 -92.5167 -0.0400426 0.999179 0.00614697 -1.0288 0.455706 0.0127871 0.890039 101.686
0.887237 0.0367322 -0.459849 -92.8745 -0.0385699 0.999241 0.00540119 -1.04472 0.459699 0.0129442 0.887981 102.354
0.885307 0.0357908 -0.463628 -93.2321 -0.0371887 0.99929 0.00612983 -1.0557 0.463518 0.0118149 0.886009 103.016
0.882872 0.0369056 -0.468162 -93.6017 -0.0382801 0.999245 0.00658176 -1.07033 0.468052 0.0121104 0.883618 103.686
0.880684 0.036865 -0.472267 -93.9636 -0.0382702 0.999245 0.00663444 -1.08282 0.472156 0.0122309 0.88143 104.345
0.87835 0.0344682 -0.476774 -94.3354 -0.0377076 0.999285 0.00277509 -1.10045 0.476529 0.0155405 0.879022 105.006
0.876172 0.0310385 -0.480998 -94.7011 -0.0362446 0.999342 -0.00153519 -1.11638 0.480634 0.0187787 0.87672 105.651
0.874234 0.0301327 -0.484569 -95.061 -0.0367478 0.999316 -0.00415647 -1.13587 0.484112 0.0214405 0.874743 106.284
0.87207 0.0320025 -0.488333 -95.4334 -0.0371055 0.999311 -0.000774384 -1.14627 0.487972 0.0187951 0.872657 106.935
0.870163 0.0350801 -0.491514 -95.7965 -0.035838 0.999327 0.0078769 -1.15988 0.491459 0.0107607 0.870834 107.563
0.869009 0.036208 -0.493469 -96.1572 -0.0317051 0.999344 0.0174929 -1.17049 0.493779 0.000443993 0.869587 108.187
0.867282 0.0353685 -0.496559 -96.5175 -0.0277082 0.999356 0.0227867 -1.18168 0.497045 -0.00600374 0.867704 108.818
0.866066 0.0335716 -0.498802 -96.8661 -0.0257092 0.999413 0.0226263 -1.18922 0.499269 -0.00677208 0.866421 109.417
0.864074 0.0316965 -0.502366 -97.215 -0.0254961 0.99949 0.0192088 -1.19432 0.502719 -0.0037894 0.864442 110.002
0.862233 0.030103 -0.505617 -97.5573 -0.0254323 0.999546 0.0161402 -1.2012 0.505874 -0.00105753 0.862607 110.571
0.861056 0.0284741 -0.507712 -97.8822 -0.0241008 0.999594 0.0151866 -1.2054 0.507938 -0.000840246 0.861393 111.116
0.859688 0.0269399 -0.510109 -98.2108 -0.0225469 0.999636 0.0147947 -1.21326 0.510322 -0.00121742 0.859982 111.661
0.858409 0.026904 -0.51226 -98.5255 -0.0218499 0.999635 0.0158865 -1.22122 0.5125 -0.00244434 0.858684 112.177
0.857127 0.0261557 -0.51444 -98.8344 -0.0200944 0.999648 0.0173451 -1.22845 0.514713 -0.00452962 0.857351 112.685
0.855827 0.0255034 -0.516632 -99.1332 -0.018911 0.999659 0.0180208 -1.23395 0.516916 -0.00565266 0.856018 113.167
0.854562 0.0233662 -0.518823 -99.4073 -0.0160465 0.999698 0.0185928 -1.2423 0.519101 -0.00756347 0.85468 113.622
0.853492 0.0224596 -0.520622 -99.6892 -0.0156622 0.999725 0.0174519 -1.25029 0.520871 -0.00674094 0.853609 114.069
0.852334 0.0226397 -0.522508 -99.9439 -0.0178541 0.99974 0.0141933 -1.26238 0.522693 -0.00276849 0.852516 114.47
0.850789 0.0208334 -0.525095 -100.201 -0.0182688 0.999782 0.0100668 -1.2682 0.52519 0.00102815 0.850984 114.876
0.848376 0.0173058 -0.529112 -100.438 -0.0153463 0.999849 0.00809619 -1.27558 0.529172 0.00125131 0.848514 115.251
0.84615 0.013437 -0.532776 -100.659 -0.010641 0.999909 0.00831847 -1.28352 0.532839 -0.00136942 0.846216 115.609
0.842718 0.0138762 -0.538176 -100.896 -0.010285 0.9999 0.00967624 -1.28904 0.538257 -0.00261923 0.842777 115.966
0.839058 0.0175489 -0.543759 -101.129 -0.0132973 0.999843 0.0117496 -1.29461 0.54388 -0.00262805 0.839159 116.296
0.835554 0.0235005 -0.548905 -101.336 -0.0177122 0.999718 0.0158396 -1.29928 0.549122 -0.00351253 0.835735 116.584
0.83157 0.0288583 -0.554669 -101.557 -0.0193172 0.999548 0.0230438 -1.29996 0.555083 -0.00844789 0.831752 116.89
0.827086 0.0306621 -0.561239 -101.743 -0.0184902 0.999455 0.0273545 -1.30397 0.561772 -0.0122471 0.827202 117.156
0.821798 0.0281248 -0.569084 -101.934 -0.0143488 0.999486 0.0286751 -1.3063 0.569598 -0.0153995 0.821779 117.42
0.815505 0.0259968 -0.578166 -102.12 -0.0107616 0.999499 0.0297624 -1.30957 0.57865 -0.0180494 0.815376 117.666
0.806959 0.0244008 -0.590103 -102.292 -0.00760668 0.999493 0.030927 -1.31293 0.590559 -0.0204681 0.806735 117.885
0.797175 0.0248048 -0.603239 -102.466 -0.00689752 0.999465 0.0319824 -1.31424 0.603709 -0.0213347 0.796919 118.092
0.785617 0.0265054 -0.618145 -102.639 -0.00857579 0.999453 0.0319563 -1.31577 0.618654 -0.0198043 0.785414 118.274
0.772523 0.0255109 -0.634475 -102.806 -0.00849992 0.999519 0.0298393 -1.32104 0.63493 -0.0176585 0.772368 118.446
0.757905 0.0233695 -0.651946 -102.968 -0.0094798 0.999647 0.0248126 -1.3219 0.652296 -0.0126253 0.757859 118.592
0.743722 0.019839 -0.668195 -103.127 -0.00911003 0.999768 0.0195437 -1.32593 0.668427 -0.00844784 0.74373 118.738
0.728467 0.0201522 -0.684785 -103.294 -0.0129697 0.999794 0.0156255 -1.3253 0.684959 -0.0025012 0.728578 118.868
0.713113 0.023887 -0.700642 -103.451 -0.0202266 0.999704 0.0134964 -1.32196 0.700758 0.00454714 0.713385 118.983
0.6966 0.0260855 -0.716985 -103.622 -0.0234488 0.999633 0.0135867 -1.31542 0.717076 0.00734795 0.696956 119.108
0.678106 0.0248808 -0.734543 -103.794 -0.0201283 0.999681 0.0152798 -1.31626 0.734688 0.00442376 0.678391 119.242
0.659095 0.023967 -0.751678 -103.965 -0.0173904 0.999711 0.016627 -1.31392 0.751859 0.00211323 0.659321 119.362
0.637753 0.0258308 -0.769808 -104.146 -0.0169776 0.999666 0.0194785 -1.31523 0.770054 0.000647083 0.637978 119.475
0.614577 0.0303452 -0.788273 -104.34 -0.0203549 0.999537 0.0226083 -1.30829 0.788594 0.00215063 0.61491 119.586
0.589878 0.0348858 -0.806738 -104.531 -0.0225394 0.999388 0.026736 -1.30642 0.807178 0.00241238 0.590304 119.676
0.566217 0.0380867 -0.823376 -104.735 -0.0240758 0.99927 0.0296666 -1.30465 0.823905 0.00302575 0.566721 119.79
0.540729 0.0414488 -0.840175 -104.917 -0.0271608 0.999125 0.0318099 -1.30542 0.840758 0.0056193 0.541382 119.855
0.51449 0.0459532 -0.856264 -105.12 -0.0311142 0.998906 0.0349132 -1.30208 0.856932 0.00867949 0.515357 119.933
0.487346 0.0493787 -0.871812 -105.325 -0.0332569 0.998725 0.0379762 -1.30198 0.872576 0.0104862 0.488366 120.011
0.458767 0.0492418 -0.887191 -105.523 -0.0319174 0.998732 0.0389282 -1.30643 0.887983 0.0104579 0.459757 120.082
0.426854 0.0466108 -0.903119 -105.743 -0.0312713 0.998834 0.0367706 -1.30623 0.90378 0.012546 0.427814 120.145
0.393873 0.042597 -0.918177 -105.975 -0.031019 0.998973 0.0330391 -1.30193 0.918641 0.0154677 0.39479 120.213
0.355478 0.0403773 -0.933812 -106.228 -0.0301312 0.999042 0.0317276 -1.29658 0.934199 0.0168584 0.356354 120.264
0.314486 0.0394796 -0.948441 -106.509 -0.0288843 0.99907 0.0320096 -1.28854 0.948822 0.0173285 0.315334 120.318
0.271973 0.0376762 -0.961567 -106.802 -0.0274659 0.99913 0.0313794 -1.28017 0.961913 0.017876 0.272772 120.364
0.22546 0.0352787 -0.973614 -107.101 -0.0259953 0.999206 0.0301863 -1.26968 0.973906 0.0185035 0.226198 120.387
0.177616 0.0331591 -0.983541 -107.43 -0.0245304 0.999271 0.0292595 -1.26024 0.983794 0.0189297 0.178299 120.406
0.127261 0.0327801 -0.991327 -107.775 -0.0233253 0.999276 0.0300486 -1.24904 0.991595 0.019299 0.127934 120.403
0.0757388 0.034088 -0.996545 -108.115 -0.021555 0.999238 0.0325419 -1.2382 0.996895 0.0190158 0.0764158 120.382
0.0236301 0.0365003 -0.999054 -108.481 -0.0176786 0.999192 0.0360872 -1.22841 0.999564 0.0168091 0.0242563 120.354
-0.0299456 0.038882 -0.998795 -108.845 -0.0130214 0.999143 0.039286 -1.223 0.999467 0.0141821 -0.0294136 120.3
-0.083967 0.0404732 -0.995646 -109.24 -0.00824691 0.999112 0.0413096 -1.2116 0.996434 0.0116796 -0.0835586 120.23
-0.136909 0.0423771 -0.989677 -109.638 -0.00415542 0.999051 0.0433534 -1.20379 0.990575 0.010048 -0.136603 120.131
-0.187439 0.0437876 -0.9813 -110.018 -0.001024 0.998997 0.0447728 -1.19012 0.982276 0.00939702 -0.187206 120.015
-0.237837 0.0452399 -0.970251 -110.456 0.00319744 0.998946 0.0457941 -1.17487 0.9713 0.00778921 -0.237731 119.869
-0.286333 0.0468454 -0.956984 -110.875 0.00882736 0.998891 0.0462556 -1.16143 0.958089 0.00479687 -0.286429 119.709
-0.332994 0.0483796 -0.941687 -111.297 0.0144735 0.998828 0.0461971 -1.14888 0.942818 0.00175385 -0.333304 119.527
-0.377898 0.0502415 -0.924483 -111.751 0.0200254 0.998737 0.0460911 -1.13449 0.925631 -0.00109538 -0.378427 119.305
-0.420205 0.0515241 -0.905965 -112.188 0.0240537 0.998668 0.0456397 -1.1171 0.90711 -0.00261383 -0.420885 119.074
-0.458815 0.0525968 -0.886974 -112.652 0.027213 0.99861 0.0451399 -1.09978 0.888115 -0.00342636 -0.459609 118.796
-0.49348 0.0529111 -0.868146 -113.11 0.0287548 0.998595 0.0445165 -1.08272 0.869282 -0.00299541 -0.494308 118.509
-0.522459 0.0525926 -0.851041 -113.586 0.0291468 0.998614 0.043819 -1.06448 0.852166 -0.00191149 -0.523268 118.185
-0.54518 0.0512182 -0.836753 -114.054 0.0280458 0.998688 0.0428573 -1.04681 0.83785 -0.000102487 -0.545901 117.849
