1 9.31323e-10 -3.27418e-11 0 -9.31323e-10 1 -4.65661e-10 7.45058e-09 1.09139e-11 -9.31323e-10 1 0
0.999991 -0.00316351 -0.00274942 -0.00135393 0.00316045 0.999994 -0.00111659 -0.0248245 0.00275294 0.00110789 0.999996 0.672716
0.999969 -0.00274641 -0.00740973 -0.00497909 0.00272564 0.999992 -0.00281192 -0.0381271 0.0074174 0.00279163 0.999969 1.37469
0.999925 -0.00226129 -0.0120078 -0.0149304 0.0022199 0.999992 -0.00345849 -0.0500735 0.0120155 0.00343158 0.999922 2.08592
0.999855 -0.00103747 -0.0170278 -0.0315576 0.000971246 0.999992 -0.00389727 -0.0597511 0.0170317 0.00388016 0.999847 2.81254
0.999759 -0.00222044 -0.0218404 -0.0495894 0.00213642 0.99999 -0.0038696 -0.0735588 0.0218488 0.003822 0.999754 3.55139
0.99969 -0.000911992 -0.0248676 -0.0810928 0.000785158 0.999987 -0.00510963 -0.0882149 0.024872 0.00508852 0.999678 4.31233
0.999573 0.00254257 -0.0291203 -0.110765 -0.00272044 0.999978 -0.00607018 -0.105792 0.0291042 0.00614681 0.999558 5.08088
0.999438 0.00434114 -0.0332473 -0.142767 -0.00450281 0.999978 -0.00478932 -0.11819 0.0332258 0.00493634 0.999436 5.87572
0.999253 0.00411408 -0.0384275 -0.178263 -0.00420248 0.999989 -0.00221999 -0.130267 0.0384179 0.00237982 0.999259 6.68287
0.99914 0.00316445 -0.0413488 -0.210747 -0.00314262 0.999995 0.000592886 -0.147616 0.0413505 -0.000462433 0.999145 7.4899
0.999058 0.00415894 -0.043206 -0.262974 -0.00415197 0.999991 0.000250934 -0.160833 0.0432067 -7.13076e-05 0.999066 8.3076
0.998902 0.00440742 -0.0466352 -0.299289 -0.00442604 0.99999 -0.000295968 -0.172621 0.0466335 0.000502053 0.998912 9.12611
0.998803 0.0019614 -0.0488846 -0.344714 -0.00199714 0.999998 -0.000682205 -0.188522 0.0488832 0.000779017 0.998804 9.97755
0.998667 0.00153675 -0.0515914 -0.38546 -0.00154299 0.999999 -8.11308e-05 -0.199615 0.0515912 0.000160627 0.998668 10.8113
0.998627 -0.000793846 -0.052385 -0.441211 0.000753575 0.999999 -0.000788476 -0.216378 0.0523856 0.000747916 0.998627 11.671
0.998523 0.00138179 -0.0543057 -0.492094 -0.00152752 0.999995 -0.00264212 -0.23077 0.0543018 0.00272117 0.998521 12.528
0.998391 0.00284429 -0.056632 -0.538914 -0.0031681 0.999979 -0.00562889 -0.251279 0.0566148 0.00579925 0.998379 13.3993
0.99828 0.00672065 -0.0582482 -0.604149 -0.00713485 0.999951 -0.00690587 -0.263994 0.0581989 0.00730958 0.998278 14.2792
0.99822 0.00787007 -0.0591167 -0.662702 -0.00829494 0.999942 -0.00694507 -0.281518 0.0590586 0.00742308 0.998227 15.1595
0.998132 0.00729432 -0.0606564 -0.721128 -0.00763461 0.999956 -0.00538031 -0.30285 0.0606145 0.00583335 0.998144 16.0523
0.998087 0.0068953 -0.0614387 -0.780393 -0.00715905 0.999966 -0.00407378 -0.320274 0.0614085 0.00450583 0.998103 16.9488
0.998 0.00721622 -0.0627985 -0.837816 -0.00746309 0.999965 -0.00369753 -0.344831 0.0627696 0.00415881 0.998019 17.8632
0.997975 0.00719289 -0.0631945 -0.910152 -0.00751719 0.99996 -0.00489542 -0.358844 0.0631567 0.00536056 0.997989 18.7718
0.997896 0.00594776 -0.0645668 -0.966439 -0.00627983 0.999968 -0.00494123 -0.382531 0.0645354 0.00533631 0.997901 19.6786
0.997795 0.00577941 -0.0661228 -1.02823 -0.00600119 0.999977 -0.00315596 -0.401862 0.066103 0.00354581 0.997807 20.6077
0.997893 0.00672229 -0.064535 -1.09595 -0.00671921 0.999977 0.000264697 -0.41501 0.0645353 0.000169486 0.997916 21.5416
0.997889 0.00736149 -0.0645191 -1.15654 -0.00712305 0.999967 0.00392487 -0.431853 0.0645459 -0.00345702 0.997909 22.486
0.997964 0.00639004 -0.063465 -1.21841 -0.00596684 0.999959 0.00685551 -0.442871 0.0635062 -0.00646287 0.997961 23.4278
0.998111 0.00562091 -0.0611728 -1.28023 -0.00514873 0.999956 0.00787369 -0.453581 0.0612143 -0.00754385 0.998096 24.3616
0.998231 0.00642274 -0.0591148 -1.34392 -0.00616383 0.999971 0.0045612 -0.466575 0.0591424 -0.00418876 0.998241 25.3199
0.998282 0.00779483 -0.0580795 -1.40071 -0.00778904 0.99997 0.000326085 -0.477315 0.0580802 0.000126858 0.998312 26.257
0.998335 0.00705148 -0.0572591 -1.45703 -0.00723358 0.999969 -0.00297362 -0.491856 0.0572364 0.00338285 0.998355 27.2271
0.998433 0.00459208 -0.055782 -1.51767 -0.00472915 0.999986 -0.00232548 -0.50883 0.0557705 0.00258563 0.99844 28.1904
0.998455 0.00192273 -0.0555364 -1.56726 -0.00176222 0.999994 0.00293892 -0.523495 0.0555417 -0.00283651 0.998452 29.1722
0.998388 -0.00243203 -0.0567028 -1.62289 0.00278553 0.999977 0.00615612 -0.536925 0.0566865 -0.00630415 0.998372 30.1338
0.99831 -0.010293 -0.0572001 -1.67026 0.0106345 0.999927 0.0056693 -0.554943 0.0571376 -0.00626801 0.998347 31.1272
0.998242 -0.0116989 -0.0581134 -1.72942 0.0118201 0.999929 0.001743 -0.568336 0.0580889 -0.00242685 0.998309 32.0948
0.998181 -0.0119291 -0.0591013 -1.78559 0.0118132 0.999928 -0.00230998 -0.58309 0.0591246 0.0016076 0.998249 33.0551
0.998083 -0.0113993 -0.0608387 -1.85256 0.0112278 0.999932 -0.00316009 -0.595987 0.0608706 0.00247095 0.998143 34.0553
0.998019 -0.0127525 -0.0616142 -1.91824 0.0126755 0.999918 -0.00164082 -0.620186 0.0616301 0.000856579 0.998099 35.0587
0.997949 -0.0103809 -0.063167 -1.98531 0.0104592 0.999945 0.000908988 -0.631125 0.0631541 -0.0015678 0.998003 36.0639
0.997906 -0.0088611 -0.0640781 -2.05741 0.00904412 0.999956 0.00256674 -0.65088 0.0640525 -0.0031409 0.997942 37.0672
0.997805 -0.00894434 -0.0656137 -2.12636 0.00927521 0.999946 0.00473984 -0.663418 0.0655677 -0.00533801 0.997834 38.0651
0.99784 -0.00876153 -0.0651102 -2.1952 0.00930696 0.999924 0.00807844 -0.685399 0.0650344 -0.00866697 0.997845 39.0527
0.997829 -0.00381802 -0.0657447 -2.27451 0.00448825 0.999939 0.0100498 -0.685963 0.0657024 -0.010323 0.997786 40.0773
0.99781 -0.00275662 -0.0660915 -2.34383 0.00340334 0.999947 0.00967459 -0.703293 0.0660613 -0.00987833 0.997767 41.05
0.997798 -0.00359999 -0.0662247 -2.41144 0.0041482 0.999958 0.00814243 -0.713981 0.0661926 -0.00839922 0.997772 42.037
0.99781 -0.000254127 -0.0661464 -2.48351 0.000620766 0.999985 0.00552236 -0.728916 0.0661439 -0.00555133 0.997795 43.0425
0.997754 -0.00130684 -0.0669684 -2.55487 0.00168814 0.999983 0.0056374 -0.740186 0.0669598 -0.00573779 0.997739 44.0188
0.997681 -0.00357543 -0.0679717 -2.62545 0.00403853 0.99997 0.00667684 -0.755806 0.0679458 -0.00693586 0.997665 45.0077
0.99764 -0.00335839 -0.0685725 -2.69544 0.00389373 0.999963 0.00767471 -0.768872 0.0685442 -0.00792361 0.997617 46.0096
0.997565 -0.00123463 -0.0697357 -2.77052 0.0016 0.999985 0.00518384 -0.792382 0.0697283 -0.00528279 0.997552 46.9759
0.997559 0.000696271 -0.0698316 -2.84798 -0.000698756 1 -1.1168e-05 -0.802833 0.0698315 5.99353e-05 0.997559 47.9605
0.997508 0.000865036 -0.070545 -2.92206 -0.000940669 0.999999 -0.00103893 -0.821567 0.070544 0.0011027 0.997508 48.9308
0.997435 -0.000194928 -0.0715816 -2.9899 0.00034285 0.999998 0.0020542 -0.836634 0.071581 -0.00207347 0.997433 49.8995
0.997431 -0.00356009 -0.071547 -3.06386 0.00399547 0.999974 0.00594307 -0.859361 0.071524 -0.00621367 0.99742 50.8856
0.997345 -0.00430948 -0.0726902 -3.13404 0.00479924 0.999967 0.00656438 -0.871029 0.0726595 -0.00689581 0.997333 51.8435
0.997316 -0.00780673 -0.072808 -3.21012 0.00821893 0.999952 0.00536358 -0.8879 0.0727626 -0.00594758 0.997332 52.795
0.997334 -0.0105258 -0.0722033 -3.27748 0.0108416 0.999933 0.00398328 -0.91042 0.0721565 -0.00475546 0.997382 53.7668
0.997244 -0.0114504 -0.0733027 -3.34488 0.0118325 0.999919 0.00477994 -0.922243 0.0732419 -0.00563412 0.997298 54.7008
0.997102 -0.0144808 -0.0746911 -3.412 0.0152 0.999843 0.00907045 -0.933155 0.0745481 -0.0101795 0.997166 55.6732
0.997015 -0.0167858 -0.0753622 -3.48014 0.0178756 0.999745 0.0138093 -0.952681 0.0751112 -0.0151152 0.997061 56.6156
0.996993 -0.0151962 -0.0759954 -3.55496 0.0164605 0.999736 0.0160382 -0.953263 0.0757316 -0.0172409 0.996979 57.5487
0.996903 -0.0142699 -0.0773315 -3.63804 0.0153079 0.9998 0.0128472 -0.963086 0.0771328 -0.0139912 0.996923 58.5079
0.996821 -0.0116009 -0.0788257 -3.7137 0.0120458 0.999914 0.00517135 -0.97557 0.0787589 -0.00610443 0.996875 59.4006
0.996771 -0.00989424 -0.0796918 -3.79413 0.00991433 0.999951 -0.000143457 -0.997934 0.0796893 -0.000647099 0.99682 60.3137
0.996708 -0.0050915 -0.0809163 -3.87702 0.00511132 0.999987 3.77698e-05 -1.00663 0.0809151 -0.000451236 0.996721 61.2263
0.996687 -0.00289034 -0.0812824 -3.95914 0.00311327 0.999992 0.00261602 -1.02783 0.0812741 -0.00286041 0.996688 62.103
0.996569 -0.00103744 -0.0827572 -4.04281 0.00139599 0.99999 0.00427474 -1.04945 0.082752 -0.0043756 0.996561 63.0118
0.996563 0.000796199 -0.0828337 -4.1186 -0.000452081 0.999991 0.00417302 -1.06532 0.0828363 -0.00412123 0.996555 63.8758
0.996407 0.0018854 -0.0846699 -4.19503 -0.00149724 0.999988 0.0046477 -1.08189 0.0846777 -0.00450423 0.996398 64.7211
0.996322 0.00266493 -0.0856453 -4.27192 -0.00224943 0.999985 0.00494754 -1.09964 0.0856572 -0.00473669 0.996314 65.5679
0.996179 0.00265023 -0.0872909 -4.35055 -0.0021461 0.999981 0.00586865 -1.11719 0.0873048 -0.00565889 0.996166 66.3845
0.996031 0.00294538 -0.0889572 -4.42133 -0.002348 0.999974 0.00681928 -1.13311 0.088975 -0.00658334 0.996012 67.1856
0.995852 0.00524193 -0.0908334 -4.50573 -0.00441681 0.999947 0.00928256 -1.14447 0.0908772 -0.00884287 0.995823 68.0131
0.995761 0.00644141 -0.0917575 -4.59581 -0.00526771 0.999901 0.0130279 -1.15296 0.0918323 -0.0124893 0.995696 68.794
0.995597 0.00812973 -0.0933844 -4.67173 -0.00675545 0.999864 0.0150231 -1.16186 0.0934938 -0.0143261 0.995517 69.5627
0.995499 0.0111989 -0.094111 -4.75593 -0.0101958 0.999886 0.0111322 -1.17652 0.094225 -0.0101226 0.9955 70.2997
0.995339 0.0122633 -0.0956595 -4.83011 -0.0119615 0.999922 0.00372727 -1.19068 0.0956977 -0.00256567 0.995407 71.0316
0.995267 0.0110879 -0.0965503 -4.90463 -0.0113669 0.999933 -0.00234034 -1.20736 0.0965179 0.00342674 0.995325 71.7362
0.995199 0.0133978 -0.096953 -4.97724 -0.0138503 0.999896 -0.00399557 -1.21767 0.0968894 0.00531921 0.995281 72.4157
0.995033 0.0141835 -0.0985349 -5.04996 -0.014327 0.999897 -0.000749166 -1.23307 0.0985141 0.00215716 0.995133 73.1025
0.994933 0.0137023 -0.0996043 -5.12063 -0.0136077 0.999906 0.00162862 -1.25582 0.0996173 -0.000264987 0.995026 73.7515
0.994884 0.0110465 -0.100416 -5.17991 -0.0112298 0.999936 -0.00126046 -1.2745 0.100395 0.00238166 0.994945 74.3678
0.994941 0.00422583 -0.100376 -5.23536 -0.00486885 0.999969 -0.00616197 -1.29702 0.100346 0.00661951 0.994931 74.9797
0.995071 0.000405082 -0.0991616 -5.29479 -0.00151032 0.999938 -0.011071 -1.31555 0.0991509 0.0111662 0.99501 75.586
0.995365 0.0017803 -0.0961506 -5.34772 -0.00290107 0.99993 -0.0115179 -1.33287 0.0961233 0.0117435 0.9953 76.1446
0.995734 0.00688619 -0.0920146 -5.40887 -0.00773604 0.999931 -0.0088825 -1.34296 0.0919471 0.00955644 0.995718 76.7048
0.996147 0.00569014 -0.0875185 -5.45762 -0.00623922 0.999963 -0.00600164 -1.36455 0.0874811 0.00652456 0.996145 77.2613
0.996665 0.00114291 -0.0815935 -5.49485 -0.00129064 0.999998 -0.00175775 -1.37875 0.0815913 0.00185719 0.996664 77.7992
0.997325 -0.00386429 -0.0729941 -5.52344 0.00399916 0.999991 0.00170159 -1.40077 0.0729869 -0.00198895 0.997331 78.3355
0.998077 -0.000445336 -0.0619907 -5.55308 0.000568088 0.999998 0.00196256 -1.41447 0.0619897 -0.00199401 0.998075 78.8396
0.998901 0.00444437 -0.0466692 -5.5816 -0.00438158 0.999989 0.00144764 -1.42356 0.0466751 -0.00124156 0.998909 79.3404
0.999577 0.00895033 -0.0276866 -5.59529 -0.0089039 0.999959 0.00179965 -1.42895 0.0277016 -0.00155238 0.999615 79.8293
0.99995 0.00788297 -0.00618169 -5.58263 -0.00786835 0.999966 0.00238465 -1.44063 0.00620028 -0.00233589 0.999978 80.3028
0.999785 0.00376047 0.0203868 -5.55273 -0.0038315 0.999987 0.00344594 -1.45401 -0.0203735 -0.00352332 0.999786 80.7749
0.998755 0.00240731 0.0498356 -5.51033 -0.00266122 0.999984 0.00502934 -1.46398 -0.0498227 -0.0051557 0.998745 81.212
0.996576 0.00157059 0.0826729 -5.4508 -0.0021131 0.999977 0.00647504 -1.47254 -0.0826608 -0.00662756 0.996556 81.661
0.992663 0.00120696 0.120911 -5.37217 -0.00207945 0.999973 0.0070901 -1.48098 -0.120899 -0.00728951 0.992638 82.1108
0.986802 0.000987981 0.161928 -5.275 -0.00229774 0.999966 0.00790146 -1.48738 -0.161915 -0.00816925 0.986771 82.5301
0.978304 0.000413615 0.207174 -5.15937 -0.00208134 0.999967 0.00783198 -1.49524 -0.207164 -0.00809325 0.978273 82.9455
0.966748 0.00206939 0.255724 -5.01722 -0.00377455 0.999974 0.00617737 -1.5041 -0.255705 -0.0069372 0.96673 83.3608
0.951658 0.002637 0.307149 -4.85612 -0.00420747 0.999981 0.00445101 -1.51503 -0.307131 -0.00552816 0.951651 83.7251
0.932071 0.00244387 0.362267 -4.66903 -0.00360633 0.99999 0.00253268 -1.52298 -0.362257 -0.00366709 0.932071 84.1105
0.908231 0.00271166 0.418462 -4.47062 -0.00352074 0.999993 0.00116139 -1.52935 -0.418455 -0.00252811 0.908234 84.4435
0.879838 0.00296094 0.475265 -4.2489 -0.00299039 0.999995 -0.000694063 -1.52821 -0.475265 -0.000810567 0.879843 84.7699
0.846507 0.000689941 0.532378 -3.99209 0.00032306 0.999998 -0.00180964 -1.54169 -0.532378 0.00170386 0.846505 85.0927
0.810369 -3.13837e-05 0.58592 -3.7339 0.00180213 0.999995 -0.0024389 -1.55033 -0.585917 0.00303231 0.810365 85.3601
0.770805 -0.00205163 0.637068 -3.44311 0.00333802 0.999994 -0.000818345 -1.56251 -0.637062 0.00275733 0.770808 85.6388
0.728432 -0.00305165 0.685111 -3.16833 0.00250846 0.999995 0.00178714 -1.56471 -0.685114 0.00041676 0.728436 85.8775
0.683215 -0.00417119 0.730205 -2.85957 0.00323665 0.999991 0.00268394 -1.56768 -0.73021 0.000529705 0.683223 86.1048
0.635584 -0.00602276 0.772008 -2.52424 0.00684656 0.999974 0.00216453 -1.57614 -0.772001 0.00390986 0.635609 86.3254
0.587737 -0.00891999 0.809003 -2.20574 0.0113191 0.999932 0.00280186 -1.58982 -0.808973 0.00751045 0.587798 86.4843
0.540968 -0.00719338 0.841013 -1.85414 0.00990887 0.999949 0.00217908 -1.596 -0.840985 0.00715467 0.541011 86.6558
0.493409 -0.00450913 0.869786 -1.52963 0.00642334 0.999978 0.00154026 -1.59918 -0.869774 0.00482696 0.493427 86.7974
0.448775 -0.00262995 0.893641 -1.18223 0.00470398 0.999989 0.000580647 -1.60666 -0.893632 0.00394309 0.448783 86.9177
0.407664 -0.00478534 0.913119 -0.813476 0.011831 0.99993 -4.17167e-05 -1.6082 -0.913055 0.0108202 0.407693 87.0373
0.369109 -0.0132915 0.929291 -0.457083 0.0256932 0.999662 0.00409285 -1.62121 -0.929031 0.0223657 0.369326 87.1144
0.334982 -0.017594 0.94206 -0.0920568 0.0314475 0.999477 0.00748403 -1.62009 -0.9417 0.0271184 0.33536 87.2024
0.302839 -0.0140993 0.952938 0.278572 0.0279611 0.999592 0.00590369 -1.62717 -0.952632 0.0248574 0.303109 87.3027
0.27312 -0.00573624 0.961963 0.636716 0.0176267 0.999844 0.000957548 -1.63214 -0.961818 0.0166947 0.273179 87.4028
0.245484 -0.000493267 0.969401 1.02248 0.0119422 0.999926 -0.00251536 -1.64504 -0.969327 0.0121943 0.245471 87.4883
0.220207 0.000698945 0.975453 1.42017 0.0134539 0.999902 -0.00375366 -1.65759 -0.97536 0.0139502 0.220176 87.5544
0.198146 0.00180739 0.980171 1.81264 0.0211066 0.999759 -0.00611029 -1.66456 -0.979945 0.0218988 0.19806 87.6119
0.17812 0.00710624 0.983983 2.21248 0.0276466 0.999543 -0.0122232 -1.66955 -0.98362 0.029381 0.177843 87.6606
0.157117 0.0143672 0.987476 2.6372 0.0275664 0.999441 -0.0189274 -1.66616 -0.987195 0.0301949 0.156633 87.7116
0.138798 0.0154856 0.9902 3.0837 0.0250692 0.999502 -0.0191451 -1.67527 -0.990003 0.0274808 0.138341 87.7698
0.123779 0.0111737 0.992247 3.52695 0.0258466 0.999561 -0.0144803 -1.68668 -0.991973 0.0274385 0.123435 87.8248
0.109491 0.00760446 0.993959 4.00236 0.0264658 0.999594 -0.0105629 -1.70516 -0.993635 0.0274624 0.109245 87.8642
0.0974816 0.00521331 0.995224 4.47877 0.0278162 0.999581 -0.00796072 -1.71977 -0.994849 0.0284593 0.0972958 87.9037
0.0871236 0.00396934 0.99619 4.96748 0.0322015 0.999458 -0.0067986 -1.73101 -0.995677 0.0326711 0.0869485 87.9355
0.0781231 0.00425174 0.996935 5.46213 0.0347221 0.999373 -0.00698308 -1.74096 -0.996339 0.0351612 0.0779265 87.9633
0.0703411 0.00473627 0.997512 6.00551 0.0369725 0.999289 -0.00735189 -1.75169 -0.996838 0.0373977 0.070116 87.9934
0.0639518 0.00506125 0.99794 6.54778 0.0387223 0.999222 -0.00754923 -1.75999 -0.997202 0.0391253 0.0637061 88.0239
0.0582039 0.00573328 0.998288 7.09629 0.0394014 0.999191 -0.00803571 -1.77081 -0.997527 0.0398017 0.0579309 88.0519
0.053631 0.00648449 0.99854 7.68337 0.0391445 0.999197 -0.00859118 -1.7784 -0.997793 0.0395481 0.0533341 88.0769
0.0487311 0.00658956 0.99879 8.2939 0.0420536 0.999078 -0.00864326 -1.79032 -0.997926 0.042424 0.048409 88.1033
0.0446779 0.00640852 0.998981 8.8945 0.043431 0.999022 -0.00835116 -1.80305 -0.998057 0.0437599 0.0443558 88.1372
0.0420335 0.00584603 0.999099 9.52289 0.0449123 0.998961 -0.00773474 -1.81539 -0.998106 0.045197 0.0417273 88.1597
0.0396185 0.00537494 0.9992 10.1743 0.0468353 0.998877 -0.00723022 -1.826 -0.998117 0.0470843 0.0393223 88.1799
0.0383608 0.00471689 0.999253 10.8463 0.0505112 0.998701 -0.00665339 -1.84076 -0.997987 0.0507287 0.0380728 88.2072
0.0389282 0.00408681 0.999234 11.5657 0.0543071 0.998505 -0.00619953 -1.85447 -0.997765 0.0545068 0.0386481 88.2256
0.0411324 0.0039769 0.999146 12.2575 0.0557041 0.998428 -0.00626724 -1.86936 -0.9976 0.0559144 0.0408462 88.2535
0.0452356 0.00394453 0.998969 12.9854 0.057982 0.998296 -0.00656743 -1.88053 -0.997292 0.0582193 0.0449298 88.2871
0.0478948 0.00325204 0.998847 13.7092 0.0586686 0.998259 -0.00606329 -1.89393 -0.997128 0.0588914 0.0476206 88.3288
0.0524574 0.00193208 0.998621 14.4785 0.0608582 0.998133 -0.00512801 -1.90804 -0.996767 0.0610433 0.0522419 88.3618
0.0557862 0.00020764 0.998443 15.23 0.0605928 0.998156 -0.0035931 -1.91918 -0.996602 0.0606989 0.0556707 88.4096
0.0589435 -0.00163266 0.99826 16.0212 0.0581678 0.998305 -0.00180186 -1.93072 -0.996565 0.0581728 0.0589386 88.462
0.0627355 -0.00292596 0.998026 16.818 0.0566106 0.998396 -0.000631472 -1.94273 -0.996423 0.0565385 0.0628005 88.5195
0.0679691 -0.002596 0.997684 17.6501 0.0546041 0.998507 -0.00112187 -1.95681 -0.996192 0.0545539 0.0680094 88.5774
0.0712266 0.00164676 0.997459 18.4527 0.0521052 0.998627 -0.00536942 -1.97757 -0.996098 0.0523552 0.0710431 88.6471
0.0719308 0.00682957 0.997386 19.2535 0.0478837 0.9988 -0.0102926 -1.99271 -0.99626 0.0484989 0.0715174 88.7195
0.0715774 0.0100623 0.997384 20.0677 0.0441576 0.998937 -0.013247 -2.01702 -0.996457 0.0449903 0.071057 88.7845
0.0718526 0.00968414 0.997368 20.8904 0.0416839 0.99905 -0.0127035 -2.03492 -0.996544 0.042487 0.0713807 88.8488
0.0718281 0.00789954 0.997386 21.7162 0.0400793 0.999138 -0.0107998 -2.06077 -0.996611 0.0407503 0.0714496 88.9141
0.0708805 0.00633719 0.997465 22.5164 0.0397937 0.999166 -0.00917576 -2.08694 -0.996691 0.0403432 0.0705691 88.976
0.0704988 0.00570872 0.997496 23.3437 0.0379503 0.999244 -0.0084009 -2.11141 -0.99679 0.0384475 0.0702289 89.0417
0.0705575 0.00554442 0.997492 24.1543 0.0361056 0.999315 -0.00810847 -2.13528 -0.996854 0.0365871 0.070309 89.1051
0.0713884 0.00657423 0.997427 24.9552 0.0337801 0.999389 -0.00900489 -2.15892 -0.996877 0.034336 0.0711227 89.1681
0.0706024 0.00783278 0.997474 25.7655 0.0301849 0.999494 -0.00998517 -2.18343 -0.997048 0.0308136 0.0703302 89.2352
0.0674726 0.00739489 0.997694 26.56 0.0273891 0.999582 -0.00926117 -2.2064 -0.997345 0.0279508 0.0672418 89.2973
0.0645724 0.00621094 0.997894 27.3686 0.0246685 0.999665 -0.00781822 -2.23091 -0.997608 0.0251214 0.0643976 89.3598
0.0587279 0.0038933 0.998267 28.1937 0.0225749 0.999732 -0.0052271 -2.25374 -0.998019 0.0228428 0.0586242 89.4101
0.0521571 0.00166329 0.998638 29.0293 0.0210691 0.999774 -0.00276558 -2.27271 -0.998417 0.0211847 0.0521102 89.4582
0.0447276 0.00155569 0.998998 29.8218 0.019936 0.999798 -0.00244952 -2.29569 -0.9988 0.0200255 0.0446876 89.5023
0.0364804 0.00235186 0.999332 30.6112 0.0193673 0.999808 -0.00305998 -2.31266 -0.999147 0.019466 0.0364279 89.5295
0.0256121 0.0028004 0.999668 31.4085 0.0194744 0.999805 -0.00329972 -2.33278 -0.999482 0.0195524 0.0255526 89.5515
0.0147189 0.00189985 0.99989 32.1849 0.0201923 0.999794 -0.00219691 -2.34955 -0.999688 0.0202224 0.0146775 89.5598
0.00498029 0.000922183 0.999987 32.9918 0.0197432 0.999805 -0.00102034 -2.36676 -0.999793 0.0197481 0.00496111 89.564
-0.00600058 0.000110141 0.999982 33.7871 0.0203445 0.999793 1.19605e-05 -2.38742 -0.999775 0.0203442 -0.00600158 89.5625
-0.017083 8.09878e-06 0.999854 34.5597 0.0205476 0.999789 0.000342966 -2.4042 -0.999643 0.0205504 -0.0170795 89.5467
-0.0295735 0.000872573 0.999562 35.3517 0.0204827 0.99979 -0.000266761 -2.4219 -0.999353 0.0204659 -0.0295852 89.5183
-0.0396984 0.00168246 0.99921 36.1281 0.0205187 0.999789 -0.000868231 -2.43751 -0.999001 0.020468 -0.0397245 89.4918
-0.0510583 0.00252274 0.998693 36.8976 0.0202294 0.999794 -0.0014913 -2.45599 -0.998491 0.0201268 -0.0510989 89.4456
-0.0609894 0.00322852 0.998133 37.6512 0.0208206 0.999781 -0.00196165 -2.47312 -0.997921 0.0206621 -0.0610432 89.4026
-0.0706936 0.00360973 0.997492 38.3778 0.0220543 0.999755 -0.0020549 -2.49034 -0.997254 0.0218537 -0.0707559 89.3468
-0.080894 0.00391849 0.996715 39.1293 0.0216232 0.999764 -0.00217552 -2.51267 -0.996488 0.0213762 -0.0809596 89.2882
-0.0887399 0.00339207 0.996049 39.856 0.0232331 0.999729 -0.00133473 -2.52975 -0.995784 0.0230228 -0.0887946 89.2228
-0.0965627 0.00233352 0.995324 40.5749 0.0254137 0.999677 0.000121815 -2.54478 -0.995002 0.0253066 -0.0965908 89.1509
-0.102483 0.000765431 0.994735 41.3166 0.0278533 0.99961 0.00210042 -2.56348 -0.994345 0.0279219 -0.102464 89.0718
-0.106432 -0.00111991 0.994319 42.0119 0.0313686 0.999498 0.00448344 -2.57955 -0.993825 0.0316676 -0.106343 88.9953
-0.108734 -0.00243746 0.994068 42.7061 0.032603 0.99945 0.00601688 -2.5933 -0.993536 0.0330638 -0.108595 88.9152
-0.110585 -0.00307483 0.993862 43.4027 0.0337159 0.999408 0.00684349 -2.60542 -0.993295 0.0342657 -0.110416 88.8377
-0.111428 -0.00295876 0.993768 44.0728 0.0334686 0.999417 0.00672832 -2.61686 -0.993209 0.0340098 -0.111264 88.761
-0.110092 -0.00184337 0.99392 44.7152 0.0349574 0.999372 0.00572555 -2.63017 -0.993307 0.0353752 -0.109958 88.6886
-0.108217 -0.000687943 0.994127 45.3652 0.0353929 0.999363 0.00454432 -2.64307 -0.993497 0.0356768 -0.108124 88.6269
-0.1022 9.89591e-05 0.994764 45.9694 0.0363411 0.999333 0.00363421 -2.65467 -0.9941 0.0365223 -0.102136 88.5686
-0.0952716 0.000747145 0.995451 46.5857 0.0350917 0.999381 0.00260842 -2.66728 -0.994833 0.0351806 -0.0952388 88.5166
-0.0825116 0.000837011 0.99659 47.1624 0.0343572 0.999408 0.00200519 -2.67948 -0.995998 0.0344055 -0.0824915 88.479
-0.0691089 0.000853206 0.997609 47.7222 0.0339861 0.999421 0.00149961 -2.69508 -0.99703 0.0340084 -0.0690978 88.452
-0.0530012 0.00246894 0.998592 48.2694 0.0332879 0.999446 -0.000704264 -2.7078 -0.998039 0.0332037 -0.053054 88.44
-0.0317047 0.00481187 0.999486 48.7932 0.032364 0.999469 -0.00378517 -2.72431 -0.998973 0.0322273 -0.0318436 88.4464
-0.0070652 0.00800677 0.999943 49.3195 0.0302799 0.999511 -0.00778937 -2.74108 -0.999516 0.0302232 -0.00730419 88.4513
0.0215986 0.00991998 0.999718 49.8348 0.0285713 0.999536 -0.0105355 -2.75533 -0.999358 0.0287908 0.0213051 88.4876
0.0556717 0.0093859 0.998405 50.3495 0.0274485 0.999564 -0.0109273 -2.7714 -0.998072 0.0280131 0.0553898 88.5353
0.0934355 0.00693446 0.995601 50.8674 0.0265064 0.999604 -0.00944992 -2.78695 -0.995272 0.0272727 0.0932147 88.6173
0.133369 0.00329112 0.991061 51.3522 0.025201 0.99966 -0.00671101 -2.80352 -0.990746 0.0258708 0.13324 88.7136
0.177982 -0.000920925 0.984034 51.8744 0.0228288 0.999734 -0.00319343 -2.82061 -0.983769 0.0230327 0.177955 88.8411
0.22708 -0.00449552 0.973866 52.3436 0.0192243 0.999815 0.000132705 -2.83347 -0.973686 0.0186918 0.227124 89.0005
0.279567 -0.00609348 0.960107 52.8294 0.0163321 0.999865 0.00159017 -2.84513 -0.959987 0.015236 0.279629 89.172
0.333991 -0.00609446 0.942557 53.2894 0.0158808 0.999874 0.00083774 -2.85217 -0.942442 0.0146888 0.334046 89.3822
0.392477 -0.00560549 0.919745 53.7261 0.0174879 0.999846 -0.00136884 -2.87093 -0.919596 0.0166217 0.392514 89.6089
0.45211 -0.00235861 0.891959 54.1249 0.0194929 0.999784 -0.00723669 -2.88371 -0.891749 0.0206586 0.452059 89.8486
0.512043 0.00103381 0.858959 54.516 0.0208116 0.999691 -0.0136094 -2.90174 -0.858707 0.024845 0.511864 90.1399
0.570067 0.00553579 0.82158 54.8769 0.0170801 0.999681 -0.0185872 -2.91425 -0.82142 0.0246286 0.569791 90.4357
0.62514 0.00877583 0.780463 55.2197 0.0135358 0.999665 -0.0220825 -2.9252 -0.780395 0.0243688 0.624811 90.7802
0.67622 0.0101364 0.73663 55.5309 0.0118073 0.999628 -0.0245944 -2.94305 -0.736605 0.0253288 0.675849 91.1276
0.723966 0.00862093 0.689782 55.8137 0.0117452 0.999623 -0.0248206 -2.95957 -0.689736 0.0260709 0.723592 91.4744
0.768454 0.00486635 0.639887 56.0877 0.010274 0.999748 -0.0199413 -2.98035 -0.639823 0.0218981 0.76821 91.8872
0.809723 0.000409346 0.586813 56.3212 0.00979383 0.999851 -0.0142116 -2.99338 -0.586731 0.0172546 0.809598 92.2958
0.84637 -0.00244896 0.53259 56.5253 0.00812767 0.999932 -0.00831825 -3.00826 -0.532533 0.011369 0.846333 92.6981
0.877669 -0.00466212 0.479245 56.719 0.00673438 0.999974 -0.00260525 -3.01717 -0.47922 0.00551396 0.877678 93.1483
0.903572 -0.00488915 0.42841 56.8822 0.00416967 0.999988 0.00261781 -3.03307 -0.428417 -0.000579052 0.903581 93.5956
0.923764 -0.00254994 0.382954 57.0159 0.000387222 0.999984 0.00572444 -3.04797 -0.382962 -0.00513975 0.92375 94.0388
0.939481 0.00276655 0.342589 57.1452 -0.00549968 0.99996 0.00700668 -3.05095 -0.342556 -0.00846678 0.93946 94.5187
0.951458 0.00827207 0.307669 57.2568 -0.0107513 0.999922 0.00636407 -3.05744 -0.307592 -0.009363 0.951472 94.9753
0.961002 0.0102147 0.276352 57.369 -0.0120603 0.999915 0.00497984 -3.05068 -0.276278 -0.00811853 0.961044 95.4546
0.967232 0.00570458 0.253831 57.4874 -0.00738214 0.999957 0.00565692 -3.06425 -0.253788 -0.00734537 0.967232 95.9339
0.971161 0.00270227 0.238409 57.5969 -0.00425147 0.999973 0.0059841 -3.07294 -0.238386 -0.00682512 0.971147 96.4185
0.974373 0.0062905 0.224851 57.7026 -0.00777052 0.999954 0.00569791 -3.07785 -0.224805 -0.00729909 0.974377 96.9324
0.976275 0.011927 0.216208 57.7885 -0.0134876 0.999893 0.00574423 -3.0765 -0.216116 -0.00852409 0.97633 97.4183
0.977602 0.0185452 0.209644 57.8811 -0.0199024 0.999792 0.00436563 -3.07931 -0.20952 -0.00844027 0.977768 97.9447
0.978028 0.0255143 0.206909 57.9737 -0.026244 0.999655 0.000782297 -3.08527 -0.206818 -0.00619522 0.97836 98.4614
0.978214 0.0269447 0.205844 58.0818 -0.027195 0.999629 -0.00161403 -3.09743 -0.205811 -0.00401904 0.978584 98.9888
0.97777 0.0254752 0.208127 58.2046 -0.0249257 0.999676 -0.00526283 -3.10706 -0.208194 -4.18811e-05 0.978088 99.5342
0.976884 0.02454 0.212358 58.3287 -0.0226498 0.999679 -0.0113297 -3.12025 -0.212568 0.00625796 0.977126 100.077
0.975891 0.026242 0.216675 58.4537 -0.0233469 0.999601 -0.015911 -3.13331 -0.217006 0.0104687 0.976114 100.638
0.974873 0.029587 0.220789 58.5837 -0.0267921 0.999519 -0.015643 -3.14183 -0.221145 0.00933456 0.975196 101.224
0.973415 0.0320052 0.226802 58.7071 -0.0300891 0.999476 -0.0119013 -3.1531 -0.227064 0.00476062 0.973868 101.813
0.972443 0.0299977 0.231202 58.8593 -0.0290696 0.99955 -0.007421 -3.17141 -0.231321 0.000495567 0.972878 102.425
0.971584 0.0256081 0.235308 59.011 -0.0259254 0.999662 -0.00174543 -3.18374 -0.235273 -0.00440463 0.971919 103.03
0.970787 0.0224927 0.238888 59.1661 -0.0239537 0.999708 0.0032142 -3.19386 -0.238746 -0.00884257 0.971042 103.654
0.970112 0.0181967 0.241975 59.3336 -0.0197789 0.999796 0.00411082 -3.20333 -0.241851 -0.00877395 0.970274 104.299
0.969938 0.015275 0.242871 59.4982 -0.0160448 0.999871 0.00119169 -3.21419 -0.242821 -0.00505268 0.970058 104.935
0.970124 0.0135891 0.242231 59.6607 -0.0125813 0.999905 -0.00570679 -3.22641 -0.242285 0.00248871 0.970202 105.569
0.97025 0.0180008 0.241437 59.8188 -0.0155566 0.999807 -0.0120263 -3.24105 -0.241607 0.00791262 0.970342 106.23
0.970812 0.0212366 0.238899 59.9803 -0.0181406 0.999721 -0.0151509 -3.25249 -0.239154 0.0103749 0.970926 106.891
0.971471 0.0198477 0.236328 60.1464 -0.0175945 0.999777 -0.0116397 -3.26441 -0.236506 0.00714956 0.971604 107.589
0.971828 0.0154781 0.235182 60.3196 -0.0148401 0.99988 -0.00448259 -3.28136 -0.235224 0.000866176 0.971941 108.301
0.972472 0.0141989 0.232586 60.4826 -0.0148944 0.999888 0.00123451 -3.29808 -0.232542 -0.00466476 0.972575 109.009
0.972803 0.0179914 0.230937 60.6468 -0.0187334 0.999824 0.00102043 -3.3128 -0.230878 -0.00531891 0.972968 109.74
0.973176 0.0235782 0.228852 60.8049 -0.0233983 0.99972 -0.00349981 -3.32209 -0.228871 -0.00194882 0.973455 110.47
0.973957 0.0254349 0.225303 60.9736 -0.0241253 0.999672 -0.0085643 -3.33648 -0.225447 0.00290576 0.974251 111.235
0.97488 0.0258054 0.221231 61.137 -0.0239142 0.999651 -0.011223 -3.34461 -0.221443 0.00565055 0.975157 111.975
0.975771 0.0224261 0.217644 61.3075 -0.0206941 0.999734 -0.0102343 -3.36348 -0.217815 0.00548236 0.975975 112.737
0.976655 0.0193162 0.213946 61.4819 -0.018012 0.999805 -0.00804373 -3.38581 -0.21406 0.00400234 0.976812 113.53
0.977155 0.0166069 0.211877 61.6531 -0.0157939 0.99986 -0.00552946 -3.40356 -0.211939 0.00205678 0.977281 114.333
0.977378 0.013483 0.211072 61.8249 -0.0130945 0.999909 -0.00323796 -3.41556 -0.211097 0.000400816 0.977465 115.12
0.977613 0.00991889 0.210178 62.0021 -0.00979898 0.999951 -0.00161193 -3.43523 -0.210183 -0.000483688 0.977662 115.923
0.977652 0.00936457 0.210021 62.1687 -0.00953031 0.999955 -0.000222917 -3.44555 -0.210013 -0.00178363 0.977697 116.729
0.977646 0.0145889 0.20975 62.3403 -0.0145275 0.999893 -0.00183338 -3.46375 -0.209754 -0.00125474 0.977753 117.553
0.977333 0.0201739 0.210744 62.5006 -0.0195743 0.999796 -0.00493116 -3.47868 -0.210801 0.000694218 0.977529 118.368
0.976882 0.0287059 0.211842 62.6649 -0.0279845 0.999588 -0.00640352 -3.49596 -0.211939 0.000327199 0.977283 119.178
0.976102 0.0348097 0.214506 62.8351 -0.0344875 0.999391 -0.00524539 -3.5116 -0.214558 -0.00227773 0.976709 120.018
0.975311 0.0366758 0.217769 63.0052 -0.0366816 0.999319 -0.00401717 -3.52777 -0.217768 -0.00407013 0.975992 120.848
0.974769 0.0368062 0.220163 63.1889 -0.0366687 0.999316 -0.00471269 -3.54709 -0.220186 -0.00347928 0.975452 121.691
0.974206 0.0384654 0.222359 63.3742 -0.0379536 0.999258 -0.00657572 -3.56632 -0.222447 -0.00203324 0.974943 122.512
0.974192 0.0296448 0.223766 63.573 -0.0289313 0.999561 -0.0064671 -3.58609 -0.223859 -0.00017366 0.974621 123.351
0.974417 0.0242072 0.223441 63.773 -0.0233831 0.999707 -0.00633372 -3.60898 -0.223529 0.000946935 0.974697 124.175
0.974182 0.0227925 0.22461 63.966 -0.0219002 0.999739 -0.00646336 -3.63894 -0.224699 0.00137748 0.974427 125.026
0.973605 0.0256293 0.226795 64.1538 -0.0253732 0.99967 -0.00404488 -3.65352 -0.226824 -0.0018164 0.973934 125.854
0.973359 0.027637 0.227615 64.34 -0.0287612 0.999585 0.0016231 -3.66968 -0.227476 -0.00812636 0.97375 126.692
0.972985 0.029711 0.22895 64.5254 -0.0317158 0.999484 0.00508082 -3.68414 -0.228681 -0.0122049 0.973425 127.535
0.97282 0.0295827 0.229664 64.7242 -0.0302455 0.999542 -0.000634456 -3.70507 -0.229578 -0.0063291 0.97327 128.378
0.972891 0.0256233 0.229842 64.9176 -0.0228354 0.99963 -0.0147821 -3.72737 -0.230135 0.00913285 0.973116 129.179
0.973089 0.0244501 0.229128 65.1111 -0.0196901 0.999541 -0.0230382 -3.76255 -0.229586 0.0179066 0.973124 129.989
0.973233 0.0227937 0.22869 65.3107 -0.0198785 0.999689 -0.015043 -3.77871 -0.228961 0.0100944 0.973383 130.836
0.973687 0.0149299 0.2274 65.5065 -0.0165234 0.99985 0.00510531 -3.79503 -0.22729 -0.00872841 0.973788 131.675
0.973973 0.00725273 0.226548 65.7052 -0.0125266 0.999683 0.0218501 -3.81379 -0.226318 -0.0241193 0.973755 132.531
0.974158 0.0128014 0.225505 65.8829 -0.0168004 0.999734 0.015823 -3.82381 -0.225242 -0.0192027 0.974114 133.336
0.974211 0.0241613 0.224343 66.0546 -0.0249963 0.999687 0.000882075 -3.83992 -0.224252 -0.00646708 0.97451 134.135
0.974324 0.0255546 0.223697 66.2299 -0.0243752 0.999671 -0.00803257 -3.84219 -0.223828 0.00237367 0.974626 134.94
0.974912 0.0216626 0.221535 66.4151 -0.0201769 0.999756 -0.00896741 -3.86791 -0.221675 0.00427254 0.975111 135.745
0.975595 0.019184 0.21874 66.5943 -0.018 0.999811 -0.00740435 -3.89478 -0.218841 0.00328631 0.975755 136.545
0.976295 0.0202201 0.215497 66.7658 -0.0189551 0.999789 -0.0079356 -3.91862 -0.215612 0.00366273 0.976472 137.372
0.977363 0.0229871 0.210318 66.9352 -0.0214632 0.999724 -0.00952591 -3.9412 -0.210479 0.00479617 0.977587 138.167
0.977806 0.0262449 0.207861 67.0919 -0.0247757 0.999646 -0.00966911 -3.96619 -0.208041 0.00430463 0.978111 138.968
0.978132 0.0341943 0.205154 67.2425 -0.0328526 0.999411 -0.00994349 -3.98399 -0.205373 0.00298621 0.978679 139.771
0.978321 0.0358552 0.203966 67.3913 -0.0350003 0.999357 -0.00779853 -4.00802 -0.204114 0.000490607 0.978947 140.559
0.978735 0.0325009 0.202538 67.5561 -0.0324426 0.999467 -0.00360871 -4.03042 -0.202547 -0.00303888 0.979268 141.361
0.979099 0.0313835 0.20095 67.716 -0.0314102 0.999502 -0.00305646 -4.05226 -0.200946 -0.00331931 0.979597 142.156
0.97959 0.030495 0.198681 67.8731 -0.0299741 0.999535 -0.00562963 -4.07258 -0.19876 -0.000440551 0.980048 142.956
0.980591 0.0261989 0.194308 68.03 -0.024923 0.999649 -0.00900881 -4.09494 -0.194476 0.00399121 0.980899 143.739
0.98188 0.0247524 0.187881 68.182 -0.0232597 0.999678 -0.0101458 -4.11434 -0.188072 0.00559185 0.982139 144.532
0.983193 0.0228782 0.181128 68.3253 -0.0223 0.999738 -0.00522814 -4.12572 -0.1812 0.00110113 0.983446 145.33
0.984307 0.0180821 0.175538 68.4618 -0.0189661 0.999815 0.00335991 -4.14929 -0.175445 -0.00663646 0.984467 146.12
0.985051 0.0177237 0.171352 68.5957 -0.020261 0.999709 0.0130697 -4.16911 -0.17107 -0.0163461 0.985123 146.922
0.98569 0.0200434 0.167374 68.7158 -0.0230129 0.99961 0.0158209 -4.16939 -0.166992 -0.0194462 0.985767 147.699
0.986407 0.0243381 0.162509 68.8412 -0.0264746 0.999589 0.0109941 -4.17559 -0.162175 -0.0151471 0.986646 148.511
0.9875 0.0256006 0.155527 68.9541 -0.026131 0.999658 0.0013664 -4.19319 -0.155439 -0.0054134 0.987831 149.28
0.988496 0.0259097 0.149011 69.0721 -0.0255142 0.999664 -0.00456517 -4.19712 -0.149079 0.000710746 0.988825 150.06
0.989613 0.0216022 0.142124 69.1788 -0.021335 0.999767 -0.00340369 -4.21749 -0.142164 0.000336131 0.989843 150.883
0.990559 0.0272726 0.134347 69.2764 -0.0274783 0.999622 -0.00032352 -4.23287 -0.134305 -0.00337116 0.990934 151.686
0.991385 0.0326189 0.126852 69.3593 -0.0326911 0.999464 -0.00151374 -4.24969 -0.126833 -0.00264622 0.991921 152.483
0.992475 0.036566 0.116865 69.4402 -0.0359656 0.999327 -0.00724321 -4.2621 -0.117051 0.0029856 0.993122 153.302
0.993495 0.036097 0.108002 69.5269 -0.035249 0.999331 -0.00975058 -4.28495 -0.108282 0.00588019 0.994103 154.112
0.994271 0.0360984 0.100613 69.5988 -0.0355701 0.999343 -0.00703994 -4.30192 -0.100801 0.0034208 0.994901 154.924
0.994963 0.0381538 0.0926995 69.6624 -0.0382689 0.999267 -0.000536178 -4.31871 -0.092652 -0.00301403 0.995694 155.761
0.995567 0.0406085 0.0848363 69.7164 -0.0412626 0.999131 0.00597046 -4.33259 -0.0845201 -0.00944457 0.996377 156.596
0.996255 0.04024 0.0765262 69.7736 -0.0410818 0.999111 0.00945741 -4.3459 -0.0760776 -0.0125658 0.997023 157.417
0.996674 0.040538 0.0706922 69.8255 -0.0414501 0.999075 0.0114834 -4.35412 -0.0701613 -0.0143754 0.997432 158.246
0.996952 0.0402871 0.0668108 69.8715 -0.0410197 0.999112 0.00962961 -4.36332 -0.0663636 -0.0123408 0.997719 159.074
0.997071 0.0449418 0.0618922 69.9082 -0.0453101 0.998963 0.00455991 -4.37667 -0.061623 -0.0073509 0.998073 159.893
0.997011 0.0508178 0.0582031 69.9422 -0.0508078 0.998707 -0.00165152 -4.38461 -0.0582118 -0.00131058 0.998303 160.71
0.997016 0.0539982 0.0551603 69.9724 -0.053815 0.998539 -0.00480159 -4.39904 -0.055339 0.00181881 0.998466 161.535
0.997129 0.0545872 0.0524745 70.004 -0.054735 0.9985 0.0013827 -4.41242 -0.0523203 -0.00425093 0.998621 162.375
0.997137 0.0564642 0.0503065 70.0351 -0.0570757 0.998311 0.0108034 -4.41573 -0.0496115 -0.0136437 0.998676 163.213
0.997299 0.0563765 0.047072 70.063 -0.0573318 0.998171 0.019197 -4.42433 -0.0459037 -0.0218439 0.998707 164.039
0.997778 0.0518608 0.0418249 70.0945 -0.0525612 0.998492 0.0158232 -4.42655 -0.0409413 -0.0179864 0.999 164.855
0.998363 0.0437647 0.0368259 70.1304 -0.0440678 0.999001 0.00745898 -4.4499 -0.0364627 -0.00906961 0.999294 165.681
0.998679 0.0421451 0.0293962 70.1518 -0.0422241 0.999106 0.0020734 -4.45447 -0.0292825 -0.00331189 0.999566 166.482
0.998608 0.0477189 0.0224671 70.1578 -0.0478041 0.998851 0.00327225 -4.45754 -0.0222852 -0.00434172 0.999742 167.298
0.998969 0.0427366 0.0153416 70.1665 -0.0428752 0.999042 0.00882144 -4.46422 -0.0149499 -0.00947011 0.999843 168.129
0.999322 0.036006 0.00770522 70.1745 -0.0361077 0.999257 0.0134975 -4.47334 -0.0072135 -0.0137665 0.999879 168.965
0.999577 0.0290359 0.00198095 70.1808 -0.0290655 0.999432 0.0170595 -4.46974 -0.00148448 -0.0171099 0.999853 169.792
0.999715 0.0235447 -0.00392228 70.1769 -0.023472 0.999569 0.0176325 -4.48131 0.00433574 -0.0175354 0.999837 170.638
0.999738 0.0201416 -0.010854 70.1696 -0.0200141 0.999731 0.0117276 -4.493 0.0110873 -0.0115073 0.999872 171.461
0.999743 0.0140008 -0.0178438 70.159 -0.0139799 0.999901 0.00129175 -4.49463 0.0178601 -0.00104196 0.99984 172.267
0.999671 0.00610158 -0.0249085 70.1554 -0.00617259 0.999977 -0.0027748 -4.50534 0.024891 0.00292764 0.999686 173.095
0.999477 0.00768445 -0.0314099 70.1183 -0.00754396 0.999961 0.00458875 -4.51208 0.031444 -0.0043494 0.999496 173.95
0.999204 0.0167955 -0.036197 70.0715 -0.0161764 0.999719 0.0173299 -4.51742 0.0364779 -0.0167306 0.999194 174.809
0.998935 0.0215435 -0.0407932 70.0197 -0.0205141 0.999465 0.0254867 -4.52609 0.0413204 -0.0246227 0.998843 175.647
0.998794 0.0209382 -0.0444122 69.9723 -0.0199268 0.999535 0.0230955 -4.52293 0.0448751 -0.0221826 0.998746 176.49
0.998627 0.0236263 -0.0467619 69.9278 -0.0230546 0.999653 0.0127284 -4.5353 0.0470464 -0.0116328 0.998825 177.326
0.998201 0.0335749 -0.0496728 69.8627 -0.0334631 0.999435 0.00308116 -4.52877 0.0497482 -0.00141341 0.998761 178.161
0.998101 0.0332635 -0.0518518 69.8118 -0.0333358 0.999444 -0.000528162 -4.53856 0.0518054 0.00225568 0.998655 179.016
0.998162 0.0281939 -0.0536414 69.7675 -0.0279833 0.999597 0.00467347 -4.55548 0.0537516 -0.00316382 0.998549 179.857
0.998196 0.0263904 -0.0539389 69.7222 -0.0257374 0.999587 0.0127648 -4.5602 0.0542535 -0.0113535 0.998463 180.715
0.998168 0.0278145 -0.053724 69.671 -0.0268641 0.999471 0.0183318 -4.56097 0.0542055 -0.016855 0.998388 181.599
0.998097 0.0278657 -0.0550091 69.6138 -0.0269269 0.99948 0.0177352 -4.56982 0.0554747 -0.0162202 0.998328 182.433
0.99809 0.0233012 -0.0572073 69.563 -0.022842 0.999702 0.00866663 -4.57296 0.0573922 -0.00734335 0.998325 183.271
0.998085 0.0160432 -0.0597373 69.5259 -0.0161879 0.999867 -0.00193833 -4.58935 0.0596982 0.00290164 0.998212 184.102
0.998073 0.00631242 -0.0617362 69.4893 -0.00670312 0.999959 -0.00612357 -4.60632 0.061695 0.00652559 0.998074 184.953
0.998024 0.00779047 -0.0623536 69.4286 -0.0079185 0.999967 -0.00180639 -4.62044 0.0623374 0.00229657 0.998053 185.808
0.997885 0.011938 -0.063903 69.3654 -0.0114753 0.999905 0.00760252 -4.62761 0.0639877 -0.00685313 0.997927 186.673
0.997827 0.0130868 -0.0645815 69.2983 -0.0123646 0.999857 0.0115694 -4.64108 0.0647236 -0.0107458 0.997845 187.513
0.997749 0.0123684 -0.0659155 69.2443 -0.0118216 0.999892 0.0086796 -4.65931 0.0660158 -0.00788084 0.997788 188.351
0.99776 0.0139222 -0.0654296 69.1868 -0.0137538 0.999901 0.00302314 -4.67212 0.0654652 -0.00211647 0.997853 189.18
0.997636 0.019845 -0.0657884 69.1138 -0.0197432 0.999803 0.00219746 -4.67458 0.0658191 -0.0008934 0.997831 190.02
0.997554 0.0223577 -0.0662269 69.0486 -0.0220815 0.999744 0.00489934 -4.6897 0.0663195 -0.00342497 0.997793 190.854
0.997413 0.0265059 -0.0668178 68.9859 -0.0260029 0.999627 0.00838628 -4.70413 0.0670151 -0.00662713 0.99773 191.695
0.997271 0.0301681 -0.0673837 68.9212 -0.0294841 0.999503 0.0111225 -4.71415 0.0676857 -0.0091054 0.997665 192.521
0.997224 0.0325576 -0.0669711 68.8544 -0.0319046 0.999433 0.0107976 -4.71764 0.0672847 -0.00863098 0.997697 193.357
