1 9.31323e-10 2.54659e-11 0 -9.31323e-10 1 -4.65661e-10 7.45058e-09 -4.72937e-11 -9.31323e-10 1 0
0.999999 0.00117816 5.80087e-06 -0.0126011 -0.00117817 0.999999 0.000797496 -0.0128716 -4.86115e-06 -0.000797503 1 0.632881
0.999999 0.00155794 3.12909e-06 -0.0231972 -0.00155794 0.999998 0.00132734 -0.0204351 -1.06119e-06 -0.00132734 0.999999 1.27998
0.999997 0.00247599 4.30006e-05 -0.0232884 -0.0024761 0.999993 0.00273662 -0.0290036 -3.62244e-05 -0.00273672 0.999996 1.92805
0.999994 0.00357294 0.000138259 -0.0268163 -0.00357351 0.999984 0.00439108 -0.0364212 -0.000122568 -0.00439155 0.99999 2.61655
0.999995 0.00331704 0.000215626 -0.034812 -0.00331823 0.999978 0.00579785 -0.0426968 -0.00019639 -0.00579854 0.999983 3.29801
0.999998 0.00210442 0.000158421 -0.0287276 -0.00210554 0.99997 0.00742687 -0.0497432 -0.000142787 -0.00742718 0.999972 4.01064
0.999999 0.00125311 0.000141889 -0.0296247 -0.00125419 0.999968 0.00787931 -0.0514875 -0.000132011 -0.00787949 0.999969 4.73592
1 -2.85981e-05 0.00104737 -0.030741 1.93939e-05 0.999961 0.00878431 -0.0513997 -0.00104758 -0.00878428 0.999961 5.47049
1 -0.000580958 0.000565047 -0.0274226 0.000575096 0.999947 0.0103224 -0.0558311 -0.000571014 -0.0103221 0.999947 6.24112
0.999999 -0.00128297 0.00102425 -0.0313563 0.00127324 0.999955 0.00943577 -0.0569251 -0.00103631 -0.00943445 0.999955 7.023
1 0.000487338 0.000541556 -0.0402905 -0.000490473 0.999983 0.00580389 -0.0591886 -0.000538719 -0.00580415 0.999983 7.78093
0.999998 0.0018694 0.000602141 -0.0396664 -0.00187086 0.999995 0.00242262 -0.0715998 -0.000597609 -0.00242375 0.999997 8.59489
0.999982 0.0059714 0.000782014 -0.0492583 -0.00597146 0.999982 7.05947e-05 -0.066294 -0.000781578 -7.52634e-05 1 9.39949
0.999957 0.00922255 0.0008557 -0.067944 -0.00922474 0.999954 0.00258826 -0.0806729 -0.000831791 -0.00259604 0.999996 10.2456
0.999913 0.0131474 0.00129926 -0.0773285 -0.013155 0.999895 0.00604114 -0.0851127 -0.0012197 -0.00605771 0.999981 11.0815
0.999855 0.0168961 0.00223136 -0.0965311 -0.016912 0.99983 0.00729565 -0.0901019 -0.00210772 -0.00733233 0.999971 11.9377
0.999837 0.0179535 0.00187005 -0.0928432 -0.0179676 0.999808 0.00782479 -0.100011 -0.00172921 -0.00785712 0.999968 12.7865
0.999797 0.0200153 0.002231 -0.106979 -0.0200305 0.999775 0.00702174 -0.10637 -0.00208996 -0.007065 0.999973 13.6564
0.999777 0.0210012 0.00224445 -0.106176 -0.0210143 0.999762 0.0059403 -0.108879 -0.00211916 -0.00598614 0.99998 14.5208
0.999804 0.0197467 0.00163406 -0.109365 -0.0197565 0.999785 0.00623528 -0.121628 -0.00151059 -0.00626634 0.999979 15.4115
0.99977 0.0213282 0.00211927 -0.109903 -0.0213428 0.999747 0.00709842 -0.126061 -0.00196734 -0.00714202 0.999973 16.3
0.999743 0.0225538 0.00226326 -0.125272 -0.0225688 0.999722 0.00685823 -0.131539 -0.00210795 -0.00690755 0.999974 17.1969
0.999765 0.0215402 0.00244526 -0.134623 -0.0215519 0.999756 0.00487817 -0.142108 -0.00233959 -0.00492972 0.999985 18.1198
0.99975 0.0221865 0.0027035 -0.147569 -0.022195 0.999749 0.00313442 -0.155157 -0.00263328 -0.00319364 0.999992 19.0161
0.999694 0.0246103 0.00256213 -0.151241 -0.0246184 0.999692 0.00319129 -0.156519 -0.0024828 -0.00325339 0.999992 19.9426
0.999684 0.0250074 0.00238993 -0.150249 -0.0250196 0.999673 0.00522504 -0.172078 -0.00225848 -0.00528318 0.999984 20.8637
0.999672 0.0254829 0.00273907 -0.158608 -0.0255021 0.999649 0.00722315 -0.182512 -0.00255404 -0.00729063 0.99997 21.7727
0.999648 0.0263932 0.00287189 -0.161876 -0.0264164 0.999616 0.00838793 -0.190995 -0.0026494 -0.00846084 0.999961 22.71
0.99964 0.0266212 0.00329827 -0.169547 -0.0266531 0.999595 0.010028 -0.197638 -0.00302998 -0.0101123 0.999944 23.6286
0.999691 0.0246971 0.00302624 -0.166899 -0.0247303 0.999628 0.0114874 -0.207391 -0.00274141 -0.0115587 0.99993 24.5579
0.999714 0.0237054 0.00307317 -0.170155 -0.0237415 0.999642 0.0123047 -0.213387 -0.00278038 -0.0123741 0.99992 25.4886
0.999743 0.0224432 0.00323157 -0.172965 -0.0224766 0.99969 0.0107056 -0.221109 -0.0029903 -0.0107754 0.999938 26.4134
0.999748 0.0222679 0.00273783 -0.167623 -0.0222868 0.999727 0.00707786 -0.229308 -0.00257947 -0.0071371 0.999971 27.3471
0.999797 0.0199735 0.00254759 -0.168405 -0.0199849 0.99979 0.00454876 -0.238507 -0.0024562 -0.00459875 0.999987 28.2725
0.999837 0.0179048 0.00238321 -0.161414 -0.0179201 0.999818 0.00656665 -0.251189 -0.0022652 -0.00660828 0.999976 29.2016
0.999912 0.0130915 0.00212728 -0.155748 -0.0131172 0.999835 0.0125465 -0.254772 -0.00196268 -0.0125733 0.999919 30.1566
0.999972 0.00740539 0.00109669 -0.155509 -0.00742401 0.999809 0.0180853 -0.260244 -0.000962554 -0.0180929 0.999836 31.0864
0.999998 0.00113358 -0.00145182 -0.161228 -0.0011052 0.999811 0.0194032 -0.266605 0.00147354 -0.0194015 0.999811 32.0209
0.999986 -0.00194009 -0.00498529 -0.161361 0.00203049 0.999833 0.0181921 -0.268108 0.00494917 -0.018202 0.999822 32.9417
0.999944 -0.00504657 -0.0093546 -0.172067 0.00520685 0.999839 0.0171892 -0.268269 0.00926634 -0.0172369 0.999808 33.8751
0.999852 -0.00579279 -0.0161932 -0.187356 0.0060872 0.999816 0.0181915 -0.26971 0.0160848 -0.0182873 0.999703 34.8231
0.999712 -0.00497173 -0.0234988 -0.223215 0.00546803 0.999762 0.0211034 -0.265242 0.0233883 -0.0212258 0.999501 35.7619
0.999456 -0.0048523 -0.0326075 -0.255773 0.00565758 0.99968 0.0246497 -0.261887 0.0324774 -0.0248208 0.999164 36.6833
0.999048 -0.00448565 -0.0433886 -0.300374 0.00566916 0.999614 0.0271926 -0.257881 0.0432499 -0.0274127 0.998688 37.6196
0.998428 -0.00419694 -0.0558975 -0.355577 0.00583806 0.999556 0.0292285 -0.248093 0.05575 -0.0295089 0.998009 38.562
0.997545 -0.00349276 -0.0699449 -0.424093 0.00567404 0.999503 0.0310114 -0.241683 0.0698018 -0.0313321 0.997069 39.4782
0.996354 -0.00341713 -0.085248 -0.508475 0.00619982 0.999456 0.0323989 -0.232861 0.0850909 -0.0328093 0.995833 40.429
0.994936 -0.00283374 -0.100467 -0.626083 0.00605557 0.999477 0.0317782 -0.219854 0.100324 -0.0322256 0.994433 41.3517
0.993087 -0.00193266 -0.117366 -0.734777 0.00559197 0.999508 0.0308573 -0.207825 0.117249 -0.0313003 0.992609 42.2891
0.990972 -0.00148214 -0.13406 -0.873722 0.00574824 0.999489 0.031441 -0.197649 0.133944 -0.0319278 0.990474 43.2282
0.988563 -0.00146608 -0.150805 -1.01926 0.00655465 0.999426 0.0332512 -0.179765 0.15067 -0.0338594 0.988004 44.1322
0.985827 -0.00326086 -0.167733 -1.18395 0.00925837 0.999345 0.0349868 -0.172405 0.167509 -0.0360439 0.985211 45.084
0.98271 -0.00473066 -0.18509 -1.34658 0.0114821 0.999307 0.0354215 -0.157669 0.184794 -0.0369342 0.982083 46.0016
0.979602 -0.00536023 -0.200875 -1.55319 0.0129284 0.999254 0.0363832 -0.141906 0.20053 -0.0382381 0.978941 46.9215
0.975941 -0.00556542 -0.217964 -1.76089 0.0141914 0.999176 0.0380299 -0.126354 0.217572 -0.0402082 0.975216 47.854
0.972071 -0.00460509 -0.234643 -1.98743 0.0140879 0.99915 0.0387537 -0.110889 0.234265 -0.0409769 0.971309 48.7571
0.967697 -0.00498733 -0.252068 -2.22894 0.0152519 0.999131 0.0387841 -0.0922821 0.251656 -0.0413758 0.966932 49.6787
0.963109 -0.00531629 -0.269058 -2.4929 0.0165693 0.99908 0.0395702 -0.0775416 0.2686 -0.0425686 0.962311 50.5881
0.958221 -0.00436264 -0.285996 -2.76809 0.0168158 0.999014 0.0411019 -0.0558995 0.285534 -0.0441939 0.957349 51.4787
0.952895 -0.00346193 -0.30328 -3.06472 0.0166755 0.99902 0.04099 -0.0404808 0.302841 -0.0441165 0.95202 52.3792
0.947316 -0.00285473 -0.320288 -3.37047 0.0158886 0.999148 0.0380882 -0.0201698 0.319906 -0.0411704 0.946554 53.2599
0.94167 -0.00190181 -0.336534 -3.69955 0.0149411 0.999234 0.0361605 -0.00850563 0.336207 -0.0390794 0.940977 54.1304
0.935735 0.00117268 -0.352703 -4.03564 0.0126191 0.999243 0.0368014 0.0113227 0.352479 -0.0388871 0.935012 55.0147
0.930056 0.00459767 -0.367389 -4.39781 0.0105339 0.999177 0.039171 0.0272237 0.367267 -0.0403012 0.929242 55.8634
0.923751 0.0072648 -0.382925 -4.75397 0.00912556 0.999119 0.0409692 0.0463164 0.382886 -0.0413397 0.92287 56.7234
0.917635 0.00771167 -0.397349 -5.12988 0.00936678 0.999114 0.0410222 0.057426 0.397313 -0.0413653 0.91675 57.5734
0.911656 0.0109547 -0.410809 -5.52911 0.00625412 0.999159 0.0405227 0.0791871 0.410907 -0.039512 0.910821 58.4044
0.905444 0.0128229 -0.424273 -5.92866 0.00525632 0.999128 0.0414144 0.100983 0.424434 -0.0397285 0.904587 59.2475
0.899759 0.0165028 -0.436076 -6.34213 0.00314446 0.999014 0.0442945 0.118318 0.436377 -0.0412255 0.898819 60.0702
0.894864 0.0203975 -0.445873 -6.75916 0.000575278 0.998902 0.0468515 0.141223 0.446339 -0.0421822 0.893869 60.8709
0.890017 0.0258447 -0.455194 -7.18302 -0.00545178 0.998924 0.0460566 0.166634 0.455894 -0.0385096 0.889201 61.6781
0.886324 0.0276607 -0.462239 -7.61245 -0.00795937 0.998977 0.0445176 0.184831 0.462998 -0.0357779 0.885637 62.4635
0.882712 0.0307259 -0.468909 -8.04797 -0.0118497 0.998998 0.0431539 0.206991 0.469765 -0.032536 0.882192 63.2621
0.879494 0.034524 -0.474656 -8.47274 -0.0152232 0.998896 0.0444474 0.227954 0.475666 -0.0318655 0.879048 64.0311
0.876962 0.037841 -0.479068 -8.89128 -0.0171059 0.998721 0.0475745 0.250219 0.480255 -0.0335261 0.876488 64.7784
0.874256 0.0399549 -0.483818 -9.3196 -0.0181801 0.998603 0.0496159 0.269422 0.485124 -0.0345812 0.873761 65.5318
0.87192 0.041003 -0.487928 -9.73865 -0.0195964 0.998612 0.0488997 0.288845 0.489256 -0.033075 0.871513 66.2577
0.869401 0.0407388 -0.492425 -10.1536 -0.0204615 0.998709 0.0464984 0.305852 0.493683 -0.03035 0.869112 66.9764
0.866914 0.0407742 -0.496788 -10.5677 -0.021802 0.998797 0.0439314 0.32557 0.497982 -0.0272537 0.866759 67.6793
0.864683 0.0414402 -0.500606 -10.9786 -0.023194 0.998822 0.04262 0.344883 0.501782 -0.0252417 0.864626 68.3647
0.86252 0.0419034 -0.504286 -11.3988 -0.0234479 0.998805 0.0428904 0.362193 0.50548 -0.0251694 0.862471 69.0593
0.860421 0.0408371 -0.507946 -11.8091 -0.0215389 0.998807 0.0438155 0.37811 0.509129 -0.0267592 0.860274 69.7431
0.858296 0.0415548 -0.511471 -12.2139 -0.0224557 0.998803 0.0434657 0.39577 0.512664 -0.025821 0.858201 70.4185
0.856175 0.0420475 -0.514972 -12.6301 -0.0233043 0.998812 0.0428081 0.410293 0.51616 -0.0246502 0.856138 71.0944
0.854389 0.0408714 -0.518025 -13.048 -0.0217194 0.99884 0.0429847 0.43209 0.51918 -0.0254744 0.854285 71.7671
0.85258 0.0412909 -0.520963 -13.4571 -0.0218754 0.99882 0.0433652 0.443826 0.522139 -0.025576 0.852477 72.4239
0.851066 0.0461445 -0.523026 -13.8738 -0.0262102 0.998623 0.0454552 0.460126 0.524403 -0.0249768 0.851104 73.0902
0.850279 0.0474703 -0.524188 -14.2879 -0.0239853 0.998385 0.0515071 0.49223 0.525786 -0.0312226 0.850044 73.7457
0.849358 0.0461516 -0.525796 -14.7001 -0.0180398 0.998126 0.0584693 0.514041 0.527509 -0.0401761 0.848599 74.408
0.848782 0.0461203 -0.526727 -15.0964 -0.0171736 0.998068 0.0597169 0.537716 0.528464 -0.0416408 0.847934 75.0413
0.847536 0.0443446 -0.528882 -15.5034 -0.019522 0.998434 0.0524305 0.558937 0.530379 -0.034112 0.847074 75.6782
0.846665 0.0402332 -0.530603 -15.9127 -0.0215415 0.998912 0.0413699 0.574933 0.531689 -0.0235965 0.846611 76.3132
0.846357 0.0365506 -0.531361 -16.2995 -0.0205319 0.99914 0.0360241 0.599165 0.53222 -0.0195794 0.84638 76.9259
0.846667 0.0340125 -0.531036 -16.7136 -0.0181233 0.999219 0.0351042 0.613053 0.531815 -0.0200974 0.846622 77.5763
0.846518 0.0362758 -0.531123 -17.1174 -0.020701 0.999164 0.0352494 0.624937 0.531958 -0.0188445 0.846561 78.2101
0.847082 0.0365816 -0.530202 -17.5235 -0.0214753 0.99917 0.0346281 0.632422 0.531029 -0.0179466 0.847164 78.8365
0.847568 0.0382964 -0.529303 -17.9043 -0.022355 0.999084 0.0364894 0.646718 0.530215 -0.0190947 0.847648 79.4445
0.848334 0.0388782 -0.528032 -18.2977 -0.0196836 0.998927 0.0419259 0.66073 0.529096 -0.0251736 0.848189 80.0702
0.84871 0.041769 -0.527206 -18.6926 -0.0200504 0.998701 0.0468466 0.678529 0.528478 -0.0291885 0.848445 80.6978
0.848752 0.0422622 -0.5271 -19.0998 -0.0200399 0.998656 0.0478021 0.693296 0.528411 -0.0300091 0.848458 81.3367
0.848371 0.0423398 -0.527707 -19.4809 -0.0223234 0.998771 0.0442465 0.712046 0.528932 -0.0257572 0.848273 81.9393
0.847589 0.04051 -0.529105 -19.8843 -0.023345 0.998963 0.0390869 0.731181 0.530139 -0.0207776 0.847656 82.581
0.84679 0.0375252 -0.530602 -20.305 -0.0232217 0.999166 0.0336032 0.749557 0.53142 -0.0161333 0.846955 83.242
0.845946 0.0386508 -0.531866 -20.7173 -0.0262517 0.999179 0.0308566 0.765548 0.532622 -0.0121407 0.846266 83.874
0.84462 0.0438963 -0.533564 -21.1454 -0.0308196 0.998967 0.0333982 0.786862 0.534479 -0.0117645 0.8451 84.5335
0.843119 0.049444 -0.535449 -21.6017 -0.0340324 0.998674 0.0386313 0.808878 0.536649 -0.0143482 0.843684 85.2316
0.841706 0.0517498 -0.53745 -22.0271 -0.0334539 0.998482 0.0437491 0.824085 0.538898 -0.0188441 0.84216 85.8874
0.840577 0.0527041 -0.539123 -22.4786 -0.0344527 0.998442 0.0438895 0.84427 0.540596 -0.0183182 0.841083 86.5769
0.839358 0.0532447 -0.540965 -22.9493 -0.0367519 0.998473 0.041251 0.870252 0.542335 -0.0147429 0.840033 87.2849
0.837967 0.0521766 -0.543221 -23.4153 -0.0376095 0.998574 0.0378974 0.891203 0.544424 -0.0113265 0.838734 87.98
0.836186 0.0529643 -0.545882 -23.8964 -0.0396351 0.998559 0.036172 0.917238 0.547011 -0.00861043 0.837081 88.704
0.834847 0.0497724 -0.548227 -24.367 -0.0360403 0.998709 0.0357882 0.933277 0.549301 -0.0101195 0.835564 89.4214
0.83318 0.0466333 -0.551032 -24.8368 -0.0328324 0.998852 0.034888 0.952788 0.552026 -0.0109763 0.833755 90.1282
0.831607 0.0432163 -0.553681 -25.3268 -0.0300518 0.999009 0.0328387 0.968563 0.554551 -0.0106697 0.832081 90.8637
0.829723 0.0400252 -0.556738 -25.8282 -0.0279649 0.999154 0.0301547 0.982435 0.557474 -0.00945092 0.830141 91.6094
0.82755 0.0393502 -0.560011 -26.3396 -0.0283027 0.999196 0.0283864 0.996536 0.560678 -0.00764139 0.827999 92.353
0.825259 0.0388595 -0.563416 -26.8631 -0.028036 0.999219 0.0278519 1.01326 0.564058 -0.00718911 0.825704 93.1077
0.823016 0.0386601 -0.566701 -27.3945 -0.0276684 0.999225 0.0279842 1.02474 0.567344 -0.00735173 0.823448 93.8717
0.821061 0.0404297 -0.569407 -27.9345 -0.0295236 0.999161 0.0283718 1.03565 0.570076 -0.00648401 0.821566 94.6316
0.819642 0.0418995 -0.571342 -28.4863 -0.031035 0.999105 0.028747 1.05231 0.572035 -0.00583064 0.820208 95.4006
0.819071 0.0424989 -0.572115 -29.0388 -0.0328266 0.99909 0.0272199 1.06337 0.572752 -0.00351441 0.819721 96.1781
0.819141 0.04269 -0.572002 -29.6013 -0.03506 0.999088 0.0243567 1.0714 0.57252 0.000102786 0.819891 96.9692
0.81938 0.0444838 -0.571522 -30.1675 -0.0381624 0.999006 0.0230439 1.08517 0.571979 0.00292894 0.820263 97.7655
0.819977 0.0453651 -0.570597 -30.7288 -0.037799 0.99897 0.0251036 1.09611 0.571148 0.00098359 0.820847 98.5691
0.820975 0.0444763 -0.569229 -31.29 -0.0354619 0.999009 0.0269116 1.11123 0.569861 -0.00190781 0.821739 99.3748
0.822063 0.0429848 -0.567772 -31.863 -0.0350336 0.999076 0.0249136 1.11792 0.568318 -0.000589427 0.822809 100.198
0.822594 0.0410798 -0.567144 -32.4276 -0.0349182 0.999154 0.0217257 1.12412 0.567557 0.00193225 0.823332 101.023
0.823289 0.0379478 -0.566353 -32.9918 -0.0324326 0.999278 0.0198091 1.13164 0.566695 0.00205971 0.823925 101.842
0.82397 0.0341191 -0.565606 -33.5562 -0.0297742 0.999414 0.016913 1.13142 0.565851 0.00290464 0.824503 102.672
0.824631 0.0290363 -0.564926 -34.1199 -0.0261295 0.999571 0.0132348 1.12728 0.565068 0.00384738 0.825036 103.5
0.825059 0.0322782 -0.564124 -34.6788 -0.03108 0.999448 0.0117307 1.12125 0.564191 0.00785452 0.825607 104.308
0.825799 0.0368689 -0.562758 -35.2769 -0.032955 0.99931 0.0171109 1.12365 0.563 0.00441549 0.826445 105.165
0.826518 0.043039 -0.561263 -35.8583 -0.0317111 0.999049 0.0299117 1.14112 0.562017 -0.00692426 0.827097 106.003
0.827054 0.0524886 -0.559667 -36.4367 -0.0364253 0.998543 0.0398208 1.15124 0.560942 -0.0125478 0.82776 106.834
0.82799 0.0574471 -0.557793 -37.025 -0.0400061 0.998255 0.0434251 1.17425 0.559314 -0.0136404 0.828844 107.684
0.828656 0.058507 -0.556692 -37.6015 -0.0420861 0.99822 0.0422637 1.2008 0.558173 -0.0115931 0.829643 108.522
0.829693 0.0501712 -0.555961 -38.1718 -0.0334502 0.998632 0.0401991 1.22662 0.557217 -0.0147559 0.830236 109.383
0.829863 0.0473835 -0.555951 -38.7446 -0.0332495 0.998816 0.0354974 1.24612 0.556975 -0.0109729 0.830457 110.241
0.830588 0.0433095 -0.555201 -39.3038 -0.0327702 0.999045 0.0289077 1.26257 0.555923 -0.00581627 0.831214 111.068
0.831297 0.0416577 -0.554266 -39.8975 -0.0346567 0.999132 0.0231144 1.26556 0.554747 -5.84777e-06 0.832019 111.939
0.832099 0.0462913 -0.552693 -40.4724 -0.0403555 0.998923 0.0229091 1.27733 0.553158 0.00324157 0.833071 112.783
0.832556 0.0519885 -0.551496 -41.0617 -0.0436346 0.998648 0.0282684 1.28724 0.55222 0.000529241 0.833699 113.648
0.83343 0.0536269 -0.550016 -41.6412 -0.0397122 0.998519 0.037181 1.30341 0.551196 -0.00914545 0.834326 114.526
0.834256 0.0541545 -0.548712 -42.2217 -0.0334702 0.998304 0.0476387 1.32289 0.550361 -0.0213774 0.834653 115.398
0.834484 0.0552437 -0.548256 -42.786 -0.0325209 0.998165 0.0510785 1.35334 0.550072 -0.0247944 0.834749 116.258
0.83456 0.049613 -0.548679 -43.3506 -0.0285887 0.998495 0.0468022 1.37755 0.550175 -0.0233732 0.834722 117.124
0.834683 0.0437639 -0.54899 -43.9269 -0.0263038 0.998868 0.0396347 1.4036 0.550103 -0.0186419 0.834889 118.002
0.834401 0.0431602 -0.549465 -44.4963 -0.0292146 0.998991 0.0341058 1.42174 0.550383 -0.0124056 0.83482 118.844
0.834618 0.0419024 -0.549234 -45.074 -0.0308548 0.999093 0.0293362 1.44141 0.549965 -0.007538 0.835154 119.699
0.834295 0.0428978 -0.549647 -45.6573 -0.0334681 0.99907 0.0271732 1.45301 0.550301 -0.00427486 0.834955 120.563
0.834342 0.045291 -0.549383 -46.2365 -0.0353866 0.998964 0.0286131 1.47159 0.55011 -0.00443226 0.835081 121.423
0.8343 0.0469227 -0.54931 -46.8178 -0.0318753 0.99881 0.0369068 1.4829 0.550388 -0.013282 0.834803 122.304
0.834159 0.0500342 -0.54925 -47.3972 -0.0316208 0.998577 0.0429426 1.5034 0.550617 -0.0184533 0.834554 123.163
0.834257 0.0489513 -0.549199 -47.9834 -0.0287487 0.998558 0.0453331 1.52974 0.550626 -0.0220307 0.834461 124.049
0.834048 0.047112 -0.549676 -48.5435 -0.0280355 0.998679 0.0430561 1.55212 0.550979 -0.0205004 0.834268 124.898
0.833868 0.0426949 -0.55031 -49.1277 -0.0245422 0.998886 0.0403088 1.57834 0.551418 -0.0201063 0.833987 125.782
0.833412 0.041402 -0.5511 -49.6937 -0.0237423 0.998952 0.0391427 1.59346 0.552143 -0.0195376 0.833521 126.633
0.832933 0.0433906 -0.551669 -50.2798 -0.0239117 0.998812 0.0424569 1.62496 0.552856 -0.0221725 0.832982 127.506
0.832583 0.0447412 -0.552091 -50.8731 -0.022737 0.998653 0.0466417 1.64762 0.553434 -0.0262801 0.832478 128.393
0.832104 0.0470521 -0.552621 -51.437 -0.0253206 0.998579 0.0468964 1.6728 0.554042 -0.02503 0.832113 129.228
0.831476 0.0490223 -0.553394 -52.0324 -0.0309427 0.99864 0.0419728 1.70333 0.554699 -0.0177759 0.831861 130.097
0.831136 0.049923 -0.553824 -52.6093 -0.0341787 0.998665 0.0387293 1.7235 0.555018 -0.0132604 0.831733 130.946
0.830978 0.0510161 -0.553962 -53.1959 -0.0345797 0.998598 0.0400922 1.74585 0.55523 -0.0141598 0.831576 131.822
0.830845 0.051313 -0.554134 -53.7692 -0.0324928 0.998514 0.0437444 1.77174 0.555555 -0.0183395 0.831277 132.673
0.830365 0.0503234 -0.554942 -54.3459 -0.0313891 0.998557 0.0435835 1.79192 0.556334 -0.0187711 0.830746 133.529
0.830302 0.0486264 -0.555188 -54.9217 -0.0299944 0.998642 0.0426088 1.81646 0.556506 -0.0187256 0.830633 134.389
0.83001 0.0481751 -0.555664 -55.491 -0.0287581 0.998634 0.0436232 1.84032 0.557007 -0.0202279 0.830262 135.223
0.830086 0.0483963 -0.555531 -56.0644 -0.028254 0.998597 0.0447771 1.86779 0.556919 -0.0214729 0.830289 136.086
0.829289 0.0495533 -0.556618 -56.6363 -0.0304924 0.998589 0.0434704 1.88754 0.557987 -0.019077 0.82963 136.906
0.828757 0.0508748 -0.557291 -57.2034 -0.0318014 0.998531 0.043863 1.91136 0.558704 -0.0186292 0.829158 137.739
0.828511 0.0529755 -0.557461 -57.7702 -0.0318266 0.998361 0.0475728 1.93787 0.559068 -0.0216725 0.828839 138.567
0.828434 0.0546883 -0.557411 -58.3483 -0.0326918 0.998246 0.049352 1.96568 0.559132 -0.0226621 0.828769 139.404
0.828333 0.053745 -0.557652 -58.9124 -0.0333307 0.998352 0.0467091 1.98906 0.559244 -0.0201037 0.828759 140.229
0.82783 0.053293 -0.558443 -59.4637 -0.0350882 0.998447 0.0432688 2.01331 0.559882 -0.0162244 0.828414 141.037
0.827525 0.0548473 -0.558744 -60.0261 -0.0365428 0.998368 0.0438801 2.0363 0.560239 -0.0158938 0.828179 141.853
0.827286 0.057668 -0.558813 -60.5929 -0.0382265 0.99819 0.0464187 2.06349 0.560478 -0.0170401 0.827994 142.668
0.8276 0.059357 -0.558172 -61.1497 -0.0396448 0.998091 0.0473575 2.08954 0.559917 -0.0170644 0.828373 143.483
0.827207 0.0570632 -0.558992 -61.6911 -0.0385407 0.998249 0.0448703 2.11099 0.560574 -0.0155731 0.827958 144.283
0.827113 0.054593 -0.559378 -62.2452 -0.037859 0.998423 0.0414625 2.13209 0.560759 -0.0131167 0.827875 145.092
0.827127 0.0520997 -0.559596 -62.7838 -0.0357046 0.998554 0.0401936 2.15179 0.56088 -0.013265 0.827791 145.873
0.827279 0.0490905 -0.559642 -63.3207 -0.0311534 0.998651 0.0415475 2.17031 0.560927 -0.0169367 0.827692 146.666
0.82742 0.0475498 -0.559568 -63.8368 -0.0280974 0.998666 0.0433157 2.18703 0.560881 -0.0201178 0.827652 147.438
0.827438 0.0474137 -0.559552 -64.3672 -0.0273102 0.998648 0.0442356 2.21138 0.560893 -0.0213207 0.827614 148.209
0.828218 0.045305 -0.558572 -64.894 -0.0229241 0.998632 0.0470071 2.22627 0.559937 -0.0261274 0.828123 148.982
0.82866 0.0463466 -0.557831 -65.3948 -0.0232014 0.998554 0.0484977 2.24984 0.559271 -0.0272457 0.828537 149.738
0.829085 0.0443686 -0.55736 -65.903 -0.0224988 0.998687 0.046033 2.26837 0.55867 -0.0256253 0.828994 150.479
0.8297 0.0415056 -0.556664 -66.4017 -0.0220343 0.99889 0.0416368 2.28707 0.557774 -0.0222804 0.829694 151.214
0.830623 0.0441122 -0.555086 -66.8995 -0.0252085 0.998814 0.0416531 2.31351 0.556265 -0.0206051 0.83075 151.951
0.832329 0.04857 -0.552149 -67.4045 -0.0282313 0.998575 0.0452832 2.33757 0.553562 -0.0221026 0.832515 152.686
0.834348 0.0489111 -0.549065 -67.8854 -0.0275897 0.998513 0.0470235 2.35376 0.550548 -0.0240854 0.834456 153.405
0.836915 0.04983 -0.54506 -68.3647 -0.0296616 0.998513 0.0457411 2.37147 0.546529 -0.0221141 0.837148 154.124
0.84021 0.0501316 -0.539939 -68.812 -0.030286 0.998502 0.045579 2.3915 0.541415 -0.0219434 0.840469 154.822
0.843731 0.0512381 -0.534316 -69.2634 -0.0292596 0.998344 0.0495326 2.41723 0.535969 -0.0261584 0.843832 155.526
0.847876 0.0496683 -0.527863 -69.6785 -0.0258875 0.998293 0.052351 2.43233 0.529563 -0.0307221 0.847715 156.201
0.851937 0.0460406 -0.521617 -70.0876 -0.0234329 0.998481 0.0498591 2.45184 0.523121 -0.0302538 0.851722 156.877
0.856293 0.0425893 -0.514732 -70.4811 -0.0220701 0.998701 0.045918 2.46516 0.51602 -0.0279591 0.856121 157.539
0.861429 0.0383939 -0.506425 -70.8356 -0.0188923 0.998871 0.0435921 2.48199 0.507527 -0.0279839 0.861181 158.156
0.86634 0.0349682 -0.498228 -71.1963 -0.0150582 0.998921 0.0439256 2.50032 0.499227 -0.0305521 0.865933 158.802
0.871533 0.0315834 -0.489319 -71.5331 -0.0110815 0.998937 0.0447395 2.51008 0.490212 -0.0335695 0.870957 159.421
0.876891 0.0283249 -0.479855 -71.8492 -0.00732724 0.998934 0.0455752 2.52142 0.480635 -0.0364484 0.876163 160.022
0.881948 0.024344 -0.470717 -72.1627 -0.00360263 0.998984 0.0449143 2.53558 0.471332 -0.0379162 0.88114 160.616
0.886685 0.0219286 -0.461854 -72.4466 -0.00275669 0.999108 0.0421447 2.54211 0.462366 -0.0360959 0.885954 161.191
0.89184 0.0199106 -0.451912 -72.7299 -0.00254492 0.999236 0.0390026 2.56009 0.452344 -0.033634 0.891209 161.761
0.896337 0.0165831 -0.443063 -72.9923 -0.000807297 0.99936 0.0357711 2.56343 0.443373 -0.0317053 0.895777 162.316
0.900354 0.0141765 -0.434929 -73.2468 0.000219112 0.999454 0.0330309 2.56997 0.435159 -0.0298348 0.899859 162.862
0.904289 0.0145154 -0.426675 -73.4914 -0.00103254 0.999493 0.0318143 2.57313 0.42692 -0.0283287 0.903845 163.398
0.907799 0.0209858 -0.418881 -73.7567 -0.00943434 0.999516 0.0296294 2.58302 0.4193 -0.0229457 0.907558 163.928
0.910734 0.0219256 -0.412412 -73.9852 -0.0115586 0.999552 0.0276155 2.58026 0.412833 -0.0203834 0.910579 164.451
0.912268 0.0220789 -0.408997 -74.2146 -0.0114513 0.999531 0.0284156 2.58941 0.409433 -0.0212391 0.912093 164.981
0.91302 0.020083 -0.407421 -74.4498 -0.00769757 0.999458 0.0320163 2.59382 0.407843 -0.0260954 0.912679 165.512
0.912063 0.0234665 -0.409379 -74.6863 -0.010123 0.999345 0.0347314 2.60257 0.409926 -0.027533 0.911703 166.036
0.910221 0.0267367 -0.413258 -74.9398 -0.0132879 0.999286 0.0353838 2.6077 0.413909 -0.0267157 0.909926 166.551
0.906375 0.0262008 -0.421661 -75.1815 -0.0130849 0.999337 0.0339694 2.61307 0.422272 -0.0252716 0.906117 167.057
0.899887 0.0202293 -0.435654 -75.432 -0.00806113 0.999525 0.0297611 2.61804 0.436049 -0.0232698 0.899622 167.553
0.890573 0.0115875 -0.454693 -75.6709 0.000755063 0.999636 0.0269538 2.62264 0.45484 -0.0243477 0.89024 168.04
0.878369 0.00882841 -0.477902 -75.9443 0.00430334 0.999643 0.0263761 2.62534 0.477964 -0.0252245 0.878017 168.517
0.863187 0.012384 -0.504733 -76.2522 0.00189816 0.999613 0.0277724 2.63516 0.504882 -0.0249308 0.862828 168.987
0.845478 0.0184283 -0.533692 -76.572 -0.00216758 0.999515 0.0310792 2.6432 0.534005 -0.02512 0.845108 169.446
0.826446 0.0243342 -0.56249 -76.9106 -0.00548354 0.999366 0.0351774 2.65806 0.562989 -0.0259878 0.826056 169.891
0.80549 0.029392 -0.591881 -77.2872 -0.00541986 0.999093 0.0422378 2.67413 0.592585 -0.0308142 0.804918 170.352
0.782317 0.0360202 -0.621839 -77.649 -0.00445542 0.998625 0.0522404 2.68396 0.622865 -0.038098 0.781401 170.79
0.75739 0.0415449 -0.65164 -78.0696 -0.00727892 0.998449 0.0551953 2.70433 0.652922 -0.0370612 0.756518 171.216
0.730992 0.04292 -0.681035 -78.5004 -0.00961438 0.998569 0.0526119 2.71674 0.682318 -0.0319111 0.730358 171.625
0.701996 0.039377 -0.711092 -78.9279 -0.00988429 0.998913 0.0455574 2.73999 0.712112 -0.0249525 0.701622 172.012
0.671423 0.0348849 -0.740253 -79.4019 -0.00870111 0.999194 0.0391956 2.75855 0.741024 -0.0198758 0.671185 172.404
0.639859 0.0394476 -0.767479 -79.8961 -0.012788 0.99909 0.0406907 2.78847 0.768386 -0.0162218 0.639781 172.773
0.607479 0.0476598 -0.792905 -80.4101 -0.0154908 0.998719 0.0481627 2.8205 0.794185 -0.0169751 0.607439 173.119
0.574076 0.0530764 -0.81708 -80.9662 -0.0154856 0.998422 0.0539761 2.83299 0.818656 -0.0183334 0.573992 173.479
0.53976 0.0528371 -0.840159 -81.5293 -0.0151102 0.998476 0.053086 2.85475 0.841683 -0.0159588 0.539735 173.804
0.503208 0.0490683 -0.862771 -82.0854 -0.0131147 0.998705 0.0491501 2.87689 0.864066 -0.0134177 0.5032 174.095
0.464758 0.0468125 -0.8842 -82.6958 -0.0110246 0.99883 0.0470867 2.90617 0.885369 -0.012136 0.46473 174.388
0.426174 0.0472333 -0.903408 -83.3032 -0.00958126 0.998816 0.0477017 2.93214 0.904591 -0.0116735 0.426122 174.639
0.385584 0.0502792 -0.921302 -83.9602 -0.00818191 0.998661 0.0510767 2.95661 0.922637 -0.0121563 0.385479 174.897
0.344009 0.0524266 -0.937502 -84.6153 -0.00674882 0.998552 0.0533642 2.98301 0.938942 -0.0120307 0.343864 175.105
0.303234 0.0545853 -0.951351 -85.2772 -0.00803545 0.998469 0.0547276 3.00766 0.952882 -0.00895073 0.303209 175.284
0.26232 0.0573353 -0.963276 -85.9814 -0.00908648 0.998336 0.0569477 3.04656 0.964938 -0.00618574 0.262405 175.449
0.223908 0.0574359 -0.972917 -86.69 -0.0103019 0.998346 0.0565662 3.07215 0.974556 -0.00264268 0.224129 175.584
0.187116 0.0557358 -0.980756 -87.3938 -0.00873463 0.998444 0.0550746 3.1023 0.982299 -0.00173877 0.187311 175.694
0.150959 0.0544717 -0.987038 -88.1409 -0.00621781 0.998513 0.0541541 3.13032 0.98852 -0.00203782 0.151073 175.79
0.118905 0.0523041 -0.991527 -88.8697 -0.0017634 0.998621 0.0524668 3.16647 0.992904 -0.00449009 0.118833 175.862
0.0877064 0.0503426 -0.994874 -89.6298 0.00172345 0.998713 0.0506888 3.19046 0.996145 -0.00616034 0.0875067 175.918
0.0586314 0.0453629 -0.997249 -90.389 0.00926601 0.998899 0.0459828 3.21699 0.998237 -0.0119366 0.0581465 175.957
0.029629 0.0404754 -0.998741 -91.1489 0.0153402 0.999044 0.0409427 3.23915 0.999443 -0.016534 0.0289797 175.978
0.00142307 0.0390994 -0.999234 -91.9419 0.0239784 0.998947 0.0391223 3.25676 0.999712 -0.0240158 0.000484024 175.985
-0.0237284 0.0400474 -0.998916 -92.7168 0.0278467 0.998836 0.0393827 3.28185 0.99933 -0.0268821 -0.024816 175.958
-0.0465347 0.0417788 -0.998043 -93.5247 0.0328052 0.99865 0.0402746 3.29894 0.998378 -0.0308668 -0.0478425 175.912
-0.0661403 0.0431717 -0.996876 -94.3334 0.0353828 0.998537 0.0408961 3.32401 0.997183 -0.0325674 -0.067571 175.856
-0.0828631 0.0474427 -0.995431 -95.1351 0.0384115 0.998276 0.0443808 3.34423 0.99582 -0.0345585 -0.0845426 175.784
-0.0967798 0.0512964 -0.993983 -95.9808 0.0388599 0.998104 0.0477254 3.37393 0.994547 -0.0340072 -0.0985897 175.699
-0.108798 0.0516256 -0.992723 -96.7935 0.0429937 0.997961 0.0471861 3.39839 0.993134 -0.037547 -0.110796 175.606
-0.120003 0.0470835 -0.991657 -97.6464 0.0435672 0.998162 0.0421202 3.41447 0.991817 -0.0381491 -0.121833 175.503
-0.129736 0.0428332 -0.990623 -98.4777 0.0409669 0.998445 0.0378062 3.4401 0.990702 -0.035678 -0.131289 175.386
-0.13751 0.0419615 -0.989611 -99.3244 0.0356961 0.998663 0.0373852 3.47081 0.989857 -0.0301845 -0.138824 175.248
-0.144079 0.0452518 -0.988531 -100.214 0.0351772 0.998557 0.0405836 3.49255 0.988941 -0.0289266 -0.145463 175.113
-0.148671 0.0457205 -0.987829 -101.081 0.0335821 0.998588 0.0411642 3.51302 0.988316 -0.0270534 -0.149997 174.972
-0.151847 0.0453777 -0.987362 -101.964 0.0331057 0.998619 0.0408037 3.53932 0.98785 -0.0264914 -0.153139 174.83
-0.156368 0.0415521 -0.986825 -102.848 0.029834 0.998858 0.0373314 3.56573 0.987248 -0.0236035 -0.157429 174.683
-0.159039 0.0387683 -0.986511 -103.746 0.0304808 0.998945 0.034343 3.58095 0.986802 -0.0246078 -0.160053 174.534
-0.160924 0.0376925 -0.986247 -104.64 0.0294983 0.999008 0.033367 3.60424 0.986526 -0.0237231 -0.161876 174.382
-0.161999 0.0360793 -0.986131 -105.554 0.0318178 0.999003 0.0313233 3.61667 0.986278 -0.0263022 -0.162985 174.228
-0.161812 0.0329574 -0.986271 -106.457 0.0290524 0.999168 0.0286218 3.62992 0.986394 -0.0240222 -0.162635 174.067
-0.162656 0.0311715 -0.98619 -107.394 0.0276109 0.999253 0.0270304 3.64929 0.986296 -0.022833 -0.163395 173.904
-0.162534 0.036137 -0.986041 -108.313 0.0307005 0.999031 0.0315525 3.6685 0.986225 -0.0251436 -0.163486 173.754
-0.161643 0.0415943 -0.985972 -109.269 0.0336306 0.998763 0.0366204 3.68014 0.986276 -0.0272394 -0.162842 173.595
-0.160948 0.0434199 -0.986008 -110.204 0.033873 0.998686 0.0384491 3.70367 0.986382 -0.0272107 -0.162207 173.441
-0.160266 0.0435907 -0.986111 -111.159 0.0308343 0.998758 0.0391385 3.72029 0.986592 -0.0241334 -0.161411 173.276
-0.159491 0.0441274 -0.986213 -112.108 0.0300796 0.998754 0.039824 3.74544 0.986741 -0.0233133 -0.160619 173.114
-0.157717 0.0410663 -0.98663 -113.067 0.0292929 0.99889 0.036894 3.76603 0.98705 -0.0230824 -0.158745 172.956
-0.157972 0.0353104 -0.986812 -114.019 0.0311229 0.999042 0.0307657 3.78467 0.986953 -0.0258523 -0.158919 172.804
-0.157127 0.0309838 -0.987092 -114.98 0.0319719 0.999143 0.0262727 3.79308 0.987061 -0.0274311 -0.157983 172.651
-0.157161 0.035984 -0.986917 -115.953 0.0350981 0.998908 0.030832 3.81226 0.986949 -0.0297934 -0.158252 172.502
-0.156443 0.0499872 -0.986421 -116.946 0.0396281 0.998232 0.0443008 3.83626 0.986892 -0.0321594 -0.158148 172.342
-0.155802 0.0593797 -0.986002 -117.918 0.0430915 0.99765 0.0532721 3.86016 0.986848 -0.0341884 -0.157994 172.195
-0.15512 0.0499026 -0.986635 -118.898 0.0444284 0.998065 0.0434957 3.87884 0.986896 -0.0370875 -0.157037 172.033
-0.155449 0.030866 -0.987362 -119.846 0.036203 0.999018 0.0255307 3.90546 0.98718 -0.0317767 -0.156414 171.871
-0.155365 0.0185219 -0.987684 -120.811 0.0325332 0.999378 0.0136237 3.91162 0.987321 -0.0300158 -0.155871 171.711
-0.1563 0.0223266 -0.987457 -121.798 0.0347935 0.999249 0.0170859 3.92201 0.987097 -0.0316866 -0.15696 171.548
-0.156892 0.0345132 -0.987013 -122.808 0.0393307 0.998815 0.028674 3.9249 0.986832 -0.0343212 -0.158064 171.389
-0.157565 0.0452927 -0.98647 -123.806 0.0417734 0.998359 0.0391663 3.94142 0.986625 -0.035037 -0.159198 171.226
-0.159345 0.0474971 -0.98608 -124.802 0.0439739 0.998192 0.0409746 3.95704 0.986243 -0.0368327 -0.161145 171.063
-0.160568 0.0450844 -0.985995 -125.793 0.0478847 0.998136 0.0378416 3.97743 0.985863 -0.0411379 -0.162427 170.91
-0.160416 0.0413545 -0.986183 -126.775 0.0484806 0.998246 0.0339743 3.99614 0.985858 -0.0423608 -0.162139 170.744
-0.160575 0.0374353 -0.986314 -127.772 0.048079 0.998391 0.0300662 4.01103 0.985852 -0.042593 -0.162117 170.576
-0.160565 0.0340005 -0.98644 -128.749 0.0457334 0.998589 0.0269751 4.01971 0.985965 -0.040782 -0.161893 170.407
-0.16082 0.0325663 -0.986447 -129.741 0.0453441 0.998644 0.0255766 4.03315 0.985942 -0.0406163 -0.162078 170.244
-0.158871 0.0374139 -0.98659 -130.737 0.0468014 0.998444 0.030327 4.03803 0.986189 -0.0413558 -0.160375 170.077
-0.158217 0.0463142 -0.986318 -131.723 0.0489404 0.998039 0.039014 4.06418 0.986191 -0.0420982 -0.160173 169.922
-0.155997 0.0511965 -0.98643 -132.721 0.0519837 0.997698 0.0435604 4.07302 0.986389 -0.0444829 -0.1583 169.758
-0.153999 0.0498414 -0.986813 -133.682 0.0516094 0.997769 0.0423408 4.09333 0.986722 -0.0444084 -0.156227 169.608
-0.152104 0.0451309 -0.987334 -134.645 0.0499963 0.998029 0.0379176 4.112 0.987099 -0.0435957 -0.15406 169.464
-0.148306 0.0450405 -0.987915 -135.62 0.0533635 0.997871 0.0374835 4.13162 0.987501 -0.0471596 -0.150393 169.314
-0.146281 0.0463171 -0.988158 -136.585 0.0507439 0.99794 0.0392637 4.15169 0.987941 -0.0443995 -0.14833 169.171
-0.145907 0.0509527 -0.987985 -137.566 0.0529091 0.997646 0.0436372 4.17517 0.987882 -0.0459065 -0.14826 169.024
-0.143841 0.0545532 -0.988096 -138.53 0.0526317 0.997488 0.04741 4.19148 0.9882 -0.0451856 -0.146351 168.878
-0.142646 0.0513625 -0.98844 -139.474 0.0482088 0.997828 0.0448931 4.21154 0.988599 -0.0412477 -0.144812 168.733
-0.142153 0.0456815 -0.98879 -140.411 0.0404885 0.998367 0.0403031 4.23228 0.989016 -0.0343054 -0.143771 168.581
-0.142672 0.0440849 -0.988788 -141.354 0.0381709 0.998509 0.0390107 4.25741 0.989034 -0.0321772 -0.144142 168.431
-0.144501 0.0458834 -0.988441 -142.264 0.0415542 0.998325 0.0402674 4.26768 0.988632 -0.0352552 -0.146165 168.297
-0.147869 0.0457794 -0.987947 -143.196 0.0424226 0.998302 0.0399097 4.29005 0.988097 -0.0360099 -0.14956 168.159
-0.150941 0.0451582 -0.987511 -144.117 0.0426144 0.998325 0.0391391 4.30621 0.987624 -0.0361745 -0.152612 168.015
-0.154769 0.0463799 -0.986862 -145.007 0.0458167 0.99816 0.0397255 4.32194 0.986888 -0.0390665 -0.156609 167.869
-0.158634 0.0493047 -0.986106 -145.897 0.0504037 0.997855 0.0417837 4.33707 0.98605 -0.0430751 -0.160779 167.731
-0.16226 0.0505864 -0.985451 -146.766 0.050583 0.997799 0.0428915 4.34917 0.985451 -0.0428875 -0.164461 167.581
-0.167357 0.0502162 -0.984617 -147.598 0.0458285 0.998019 0.0431102 4.37174 0.984831 -0.0379088 -0.169327 167.428
-0.172102 0.0498594 -0.983817 -148.448 0.0441186 0.998106 0.0428658 4.38668 0.984091 -0.0360273 -0.173976 167.276
-0.176303 0.0511985 -0.983004 -149.262 0.0445797 0.998037 0.0439861 4.40586 0.983326 -0.0360672 -0.178239 167.127
-0.179994 0.0506684 -0.982362 -150.049 0.0414038 0.998178 0.0438979 4.42102 0.982796 -0.0327721 -0.181764 166.974
-0.183592 0.0490931 -0.981776 -150.831 0.0431644 0.998191 0.0418422 4.42935 0.982054 -0.0346958 -0.185379 166.82
-0.186895 0.0470886 -0.981251 -151.575 0.0457506 0.998184 0.0391872 4.43907 0.981314 -0.0375689 -0.18871 166.676
-0.187204 0.0477314 -0.981161 -152.281 0.0454162 0.998171 0.0398936 4.4572 0.981271 -0.0370923 -0.18903 166.535
-0.186368 0.0521017 -0.981098 -152.996 0.0426169 0.998082 0.0449082 4.47285 0.981555 -0.0334419 -0.188231 166.39
-0.185282 0.0545455 -0.98117 -153.672 0.0434832 0.997935 0.0472662 4.47874 0.981723 -0.0339068 -0.187272 166.263
-0.182876 0.0512231 -0.981801 -154.346 0.0439677 0.998069 0.0438822 4.48988 0.982152 -0.0351425 -0.184775 166.136
-0.177302 0.0475849 -0.983006 -154.985 0.0465776 0.998117 0.0399153 4.49812 0.983054 -0.0387089 -0.179185 166.023
-0.169741 0.0456474 -0.984431 -155.616 0.0436786 0.998294 0.0387589 4.5155 0.98452 -0.0364196 -0.171445 165.91
-0.156664 0.0466706 -0.986549 -156.227 0.0449805 0.998184 0.0400781 4.52928 0.986627 -0.0380966 -0.158479 165.819
-0.140264 0.0494224 -0.98888 -156.831 0.0446897 0.998052 0.0435419 4.53849 0.989105 -0.0380853 -0.142199 165.736
-0.120588 0.0516684 -0.991357 -157.399 0.0460503 0.997861 0.0464058 4.55153 0.991634 -0.0400563 -0.122709 165.683
-0.0969616 0.0498666 -0.994038 -157.977 0.0482451 0.997806 0.0453496 4.55574 0.994118 -0.0435603 -0.0991546 165.64
-0.0700089 0.0475196 -0.996414 -158.542 0.0482178 0.997858 0.0442007 4.56706 0.996381 -0.0449504 -0.0721502 165.621
-0.0387057 0.0475736 -0.998118 -159.103 0.0457597 0.997903 0.0457888 4.58331 0.998202 -0.0439013 -0.0408014 165.612
-0.00161632 0.0489852 -0.998798 -159.671 0.0409432 0.997965 0.0488781 4.60039 0.99916 -0.040815 -0.00361864 165.628
0.0404673 0.0483846 -0.998009 -160.224 0.0342057 0.998174 0.0497796 4.61946 0.998595 -0.036152 0.0387384 165.658
0.0880062 0.0460729 -0.995054 -160.783 0.0310242 0.998318 0.048968 4.62949 0.995637 -0.0351802 0.0864288 165.73
0.138554 0.0442511 -0.989366 -161.308 0.0237484 0.998566 0.0479884 4.63975 0.99007 -0.0301449 0.137305 165.822
0.195418 0.0419621 -0.979822 -161.859 0.0164749 0.998803 0.0460608 4.67158 0.980582 -0.0251435 0.194493 165.951
0.252692 0.0378996 -0.966804 -162.357 0.0184901 0.998861 0.043989 4.6805 0.96737 -0.028992 0.251704 166.112
0.310476 0.0313021 -0.950066 -162.862 0.0184488 0.999071 0.0389457 4.69085 0.950402 -0.0296192 0.30961 166.32
0.368554 0.0242119 -0.929291 -163.325 0.0162355 0.999341 0.0324759 4.69353 0.929465 -0.0270566 0.367918 166.541
0.427522 0.0190887 -0.903804 -163.798 0.0100754 0.999614 0.0258782 4.70408 0.903949 -0.0201696 0.427165 166.788
0.48404 0.0165569 -0.874889 -164.26 0.00837515 0.999688 0.0235523 4.71874 0.875006 -0.0187276 0.48375 167.082
0.538697 0.0148619 -0.842369 -164.685 0.0126302 0.99959 0.0257128 4.72728 0.842405 -0.0244907 0.538288 167.405
0.592391 0.0149116 -0.805513 -165.122 0.0165152 0.999394 0.0306463 4.73376 0.805481 -0.0314578 0.591785 167.789
0.642401 0.0195574 -0.766119 -165.527 0.0130698 0.999249 0.0364679 4.74992 0.766257 -0.03344 0.641664 168.157
0.686717 0.0239357 -0.726531 -165.916 0.00724257 0.999183 0.0397639 4.75534 0.726889 -0.0325685 0.685983 168.566
0.728334 0.0244475 -0.684786 -166.311 0.00375855 0.999206 0.0396702 4.77728 0.685212 -0.0314669 0.727664 169.018
0.76466 0.0233206 -0.644011 -166.651 0.00291423 0.99921 0.039643 4.78342 0.644427 -0.0321902 0.763988 169.471
0.796502 0.0216596 -0.604248 -166.986 0.00151806 0.999283 0.037821 4.8023 0.604634 -0.0310418 0.795898 169.966
0.824642 0.0208068 -0.565272 -167.323 0.000574583 0.999292 0.0376206 4.81572 0.565655 -0.0313483 0.824046 170.499
0.848523 0.0228586 -0.528665 -167.622 -0.00261514 0.999236 0.039008 4.83561 0.529153 -0.0317166 0.847934 171.013
0.869936 0.0253661 -0.492512 -167.935 -0.00491731 0.999073 0.0427702 4.85542 0.493141 -0.0347855 0.869254 171.589
0.886514 0.0261513 -0.461961 -168.209 -0.00540232 0.998919 0.046181 4.87874 0.462669 -0.0384444 0.885697 172.163
0.900075 0.0235004 -0.435101 -168.481 -0.00365765 0.998917 0.0463865 4.89709 0.43572 -0.0401599 0.899186 172.772
0.911506 0.0184566 -0.410873 -168.754 0.000274248 0.998965 0.0454825 4.92029 0.411287 -0.0415702 0.910558 173.4
0.919016 0.0142655 -0.393963 -169.005 0.00299334 0.999064 0.0431591 4.94223 0.39421 -0.0408432 0.918112 174.03
0.92459 0.0111613 -0.3808 -169.263 0.00430867 0.999201 0.0397483 4.96066 0.380939 -0.0383916 0.923803 174.678
0.927842 0.0077206 -0.372894 -169.524 0.00718393 0.99923 0.0385638 4.98696 0.372905 -0.03846 0.927072 175.347
0.929828 0.00604037 -0.367946 -169.794 0.00914844 0.999177 0.0395217 5.00738 0.367882 -0.0401145 0.929007 176.042
0.931239 0.0075458 -0.364332 -170.068 0.00783159 0.99914 0.0407113 5.03273 0.364326 -0.0407652 0.930379 176.739
0.931912 0.00739431 -0.36261 -170.354 0.0088551 0.99903 0.0431299 5.05855 0.362577 -0.0434042 0.930943 177.456
