1 0 -6.54836e-11 0 9.31323e-10 1 0 0 -1.81899e-10 0 1 0
0.999863 0.00071808 0.0165605 0.00222414 -0.000704933 1 -0.000799515 -0.0156371 -0.0165611 0.000787732 0.999863 0.134898
0.999285 0.00416238 0.0375651 0.0205626 -0.00414254 0.999991 -0.0006059 -0.0202847 -0.0375673 0.000449852 0.999294 0.275766
0.997837 0.00607957 0.0654624 0.0268062 -0.00615726 0.999981 0.000985096 -0.0231086 -0.0654552 -0.00138603 0.997855 0.442467
0.995165 0.00495975 0.0980942 0.0738982 -0.00529841 0.999981 0.00319228 -0.0260572 -0.0980765 -0.00369659 0.995172 0.622143
0.990636 0.00175812 0.136515 0.16931 -0.00251971 0.999982 0.00540621 -0.027404 -0.136503 -0.00569956 0.990623 0.83127
0.98431 -0.00167839 0.17644 0.227418 0.000654349 0.999983 0.00586194 -0.0309475 -0.176447 -0.00565451 0.984294 1.02057
0.97529 -0.00198008 0.220919 0.325553 0.000388758 0.999974 0.00724645 -0.0316741 -0.220928 -0.0069815 0.975265 1.24769
0.963399 -0.0018247 0.268066 0.409319 -0.000948677 0.999947 0.010216 -0.0272694 -0.268071 -0.0100964 0.963346 1.45248
0.949238 -0.00556813 0.314511 0.55143 0.000346491 0.999861 0.0166559 -0.0240966 -0.31456 -0.0157014 0.949108 1.70004
0.932156 -0.0153619 0.36173 0.659099 0.00669233 0.99966 0.0252078 -0.0341559 -0.361994 -0.0210768 0.931942 1.92374
0.910327 -0.0209093 0.413361 0.810386 0.00921234 0.999499 0.0302704 -0.0349806 -0.413788 -0.0237479 0.910064 2.15179
0.884306 -0.0228304 0.466349 0.99402 0.00794292 0.999395 0.0338643 -0.0314803 -0.46684 -0.0262422 0.883952 2.46466
0.856488 -0.0248234 0.51557 1.18044 0.00586688 0.999247 0.0383649 -0.0219865 -0.516134 -0.0298343 0.855988 2.64899
0.823641 -0.0302253 0.566306 1.45806 0.00703614 0.999047 0.0430885 -0.0171747 -0.567068 -0.0315048 0.823068 2.88038
0.788417 -0.0356511 0.614107 1.66387 0.00907411 0.998885 0.0463391 -0.0124994 -0.615074 -0.0309621 0.787861 3.07595
0.751189 -0.0402676 0.658857 1.96486 0.0106153 0.998745 0.0489378 -0.00206295 -0.660002 -0.0297676 0.750674 3.32232
0.710425 -0.0438478 0.702406 2.22862 0.0117564 0.998657 0.0504508 0.00890896 -0.703675 -0.0275838 0.709987 3.53398
0.667769 -0.0454109 0.742983 2.53011 0.0108045 0.998624 0.0513249 0.0223754 -0.744291 -0.0262456 0.66734 3.77179
0.62512 -0.0459096 0.779177 2.8697 0.00649232 0.99854 0.053626 0.042278 -0.780501 -0.028464 0.624506 3.97631
0.582121 -0.0467788 0.811755 3.20097 0.0036046 0.998482 0.0549544 0.0554879 -0.813094 -0.0290641 0.581406 4.2001
0.543262 -0.0478366 0.838199 3.61663 0.00142388 0.998427 0.056058 0.074395 -0.839562 -0.0292607 0.542475 4.37788
0.502561 -0.050582 0.863061 4.0055 0.000865339 0.998316 0.0580051 0.089328 -0.864541 -0.0284042 0.501758 4.6163
0.467582 -0.0504475 0.882509 4.46311 -0.00202305 0.998307 0.0581387 0.111427 -0.883947 -0.02897 0.466688 4.78417
0.429409 -0.0496139 0.901746 4.90069 -0.00332182 0.998396 0.0565134 0.133055 -0.903104 -0.0272628 0.428555 4.98367
0.394685 -0.0482515 0.917549 5.40133 -0.00210437 0.99857 0.0534174 0.152406 -0.918814 -0.0230139 0.394019 5.17243
0.367123 -0.0466828 0.929 5.93193 0.000128069 0.998742 0.0501368 0.173963 -0.930173 -0.0182874 0.366667 5.32732
0.340534 -0.0446786 0.93917 6.45442 0.000757053 0.998883 0.0472448 0.195605 -0.940232 -0.0153775 0.340188 5.49779
0.318942 -0.0439154 0.946756 7.05494 0.00174937 0.998952 0.0457472 0.217676 -0.947773 -0.0129345 0.318684 5.71066
0.304852 -0.0446639 0.951352 7.65565 0.00308281 0.998941 0.0459102 0.243439 -0.952395 -0.011063 0.304666 5.88028
0.29204 -0.0460719 0.955296 8.28579 0.00412701 0.998891 0.0469127 0.262076 -0.956397 -0.00975787 0.291906 6.07493
0.283548 -0.0480276 0.957755 8.92159 0.00321927 0.998787 0.0491321 0.288541 -0.958953 -0.0108481 0.283359 6.24948
0.271572 -0.0495266 0.961143 9.60494 0.00102486 0.998689 0.0511718 0.315083 -0.962418 -0.0129118 0.271267 6.44079
0.261661 -0.0515041 0.963785 10.3282 0.000641075 0.998584 0.0531897 0.343952 -0.96516 -0.0132998 0.261324 6.63131
0.251233 -0.0534964 0.966447 11.0185 -0.000248396 0.998468 0.0553334 0.370459 -0.967927 -0.0141417 0.250835 6.8018
0.241429 -0.0551854 0.968848 11.7664 -0.000556626 0.998374 0.0570059 0.402416 -0.970418 -0.0143022 0.241006 6.97679
0.228871 -0.0564342 0.97182 12.5317 -0.00142012 0.998298 0.0583063 0.431642 -0.973456 -0.0147247 0.228401 7.17578
0.219227 -0.0593471 0.973867 13.3303 -0.00238471 0.998113 0.0613614 0.465281 -0.975671 -0.0157745 0.218671 7.35498
0.209839 -0.0629866 0.975705 14.0797 -0.00442865 0.997851 0.0653687 0.504151 -0.977726 -0.0180379 0.209109 7.48387
0.195843 -0.0666487 0.978368 14.8884 -0.00466582 0.997613 0.0688937 0.541116 -0.980624 -0.0180572 0.195064 7.65833
0.183288 -0.0691663 0.980623 15.6821 -0.00554982 0.997433 0.0713893 0.577715 -0.983044 -0.0185271 0.182434 7.80639
0.168928 -0.0698617 0.983149 16.517 -0.00680459 0.997378 0.072042 0.613602 -0.985605 -0.0188599 0.16801 7.93649
0.154999 -0.0691717 0.98549 17.2807 -0.00800139 0.997425 0.0712678 0.652795 -0.987882 -0.0189317 0.154046 8.06149
0.137665 -0.0677202 0.988161 18.177 -0.00943513 0.997525 0.0696764 0.6952 -0.990434 -0.0189154 0.136685 8.17584
0.117438 -0.0665483 0.990848 18.9566 -0.0122269 0.99758 0.0684495 0.731883 -0.993005 -0.0201536 0.11634 8.26577
0.0935934 -0.0653255 0.993465 19.7928 -0.0160273 0.997617 0.0671084 0.770256 -0.995482 -0.0222035 0.0923233 8.34542
0.0627572 -0.0647823 0.995924 20.6175 -0.0205208 0.997596 0.0661842 0.804939 -0.997818 -0.0245906 0.0612769 8.38009
0.0272781 -0.064673 0.997534 21.5222 -0.0232853 0.997593 0.0653136 0.84207 -0.999357 -0.0250095 0.0257066 8.39442
-0.0047585 -0.0638333 0.997949 22.3371 -0.0248941 0.997659 0.063696 0.875731 -0.999679 -0.02454 -0.00633644 8.38378
-0.0406521 -0.0629488 0.997189 23.1936 -0.0261888 0.997738 0.0619159 0.905828 -0.99883 -0.0235982 -0.0422087 8.3311
-0.0733753 -0.0608341 0.995447 24.0538 -0.028512 0.997858 0.0588798 0.938671 -0.996897 -0.0240619 -0.0749527 8.2851
-0.104011 -0.0578252 0.992894 24.874 -0.0309233 0.998014 0.054884 0.969249 -0.994095 -0.024995 -0.105593 8.17198
-0.137292 -0.0534954 0.989085 25.7793 -0.0279158 0.998353 0.0501218 0.992423 -0.990137 -0.0207298 -0.13856 8.05192
-0.167455 -0.0479062 0.984715 26.5878 -0.02315 0.998734 0.0446515 1.0097 -0.985608 -0.015319 -0.168352 7.86239
-0.201747 -0.0418068 0.978545 27.3907 -0.0170355 0.999087 0.0391722 1.02368 -0.97929 -0.0087671 -0.202275 7.69907
-0.228277 -0.0362221 0.972922 28.198 -0.0107768 0.999341 0.0346771 1.03588 -0.973537 -0.002569 -0.228517 7.46149
-0.259554 -0.0292152 0.965287 29.0543 -0.002765 0.999561 0.0295091 1.04777 -0.965725 0.00499019 -0.259521 7.22638
-0.285275 -0.0186237 0.958265 29.9392 0.00361298 0.999783 0.0205062 1.04327 -0.958439 0.00931211 -0.285146 6.94905
-0.309617 -0.00362277 0.950854 30.6931 0.00777679 0.99995 0.00634211 1.03059 -0.95083 0.00935823 -0.309573 6.69566
-0.336756 0.0134441 0.941496 31.5166 0.0089118 0.999899 -0.0110905 1.0083 -0.94155 0.00465563 -0.336842 6.40897
-0.359926 0.0274277 0.932578 32.2378 0.00754054 0.999621 -0.0264892 0.980571 -0.932951 -0.002502 -0.359996 6.09879
-0.385636 0.038195 0.92186 33.0187 0.0113594 0.999264 -0.0366502 0.938983 -0.922581 -0.00366186 -0.385786 5.76513
-0.408606 0.0432125 0.911687 33.7965 0.0154278 0.999063 -0.0404394 0.892 -0.91258 -0.00245842 -0.40889 5.41595
-0.430687 0.0424871 0.901501 34.5466 0.017837 0.999097 -0.0385652 0.840814 -0.902325 -0.000529469 -0.431055 5.04105
-0.450792 0.0396579 0.891748 35.3089 0.0216454 0.999205 -0.0334946 0.794456 -0.892366 0.00420307 -0.451292 4.65089
-0.465964 0.0388724 0.88395 36.1512 0.0291865 0.999166 -0.0285539 0.749097 -0.884322 0.0124943 -0.46671 4.11996
-0.4822 0.0394318 0.875173 36.7808 0.0329734 0.999096 -0.0268476 0.702766 -0.875441 0.0159115 -0.483064 3.82857
-0.492591 0.0424769 0.869224 37.4784 0.035661 0.998954 -0.0286074 0.653971 -0.86953 0.0169056 -0.493591 3.41126
-0.503382 0.0452172 0.86288 38.1487 0.0372884 0.998836 -0.0305886 0.613496 -0.863259 0.0167777 -0.504482 3.03066
-0.513324 0.0441444 0.857059 38.8302 0.0308435 0.99898 -0.0329811 0.560765 -0.857641 0.00950468 -0.514162 2.63052
-0.524584 0.0432944 0.850257 39.5562 0.029575 0.99903 -0.0326228 0.522882 -0.850845 0.00803296 -0.525356 2.19106
-0.533194 0.0446127 0.844816 40.2152 0.0318811 0.998959 -0.0326312 0.479892 -0.845392 0.00953489 -0.534062 1.77387
-0.54094 0.047709 0.839707 40.8734 0.0355165 0.998795 -0.0338681 0.435836 -0.840311 0.0115028 -0.541982 1.34566
-0.544308 0.0508134 0.837345 41.587 0.0361063 0.998658 -0.037132 0.390318 -0.838108 0.0100222 -0.545412 0.880501
-0.543932 0.0522754 0.837499 42.2846 0.0352635 0.9986 -0.0394284 0.347451 -0.838388 0.00808682 -0.545014 0.423785
-0.54111 0.0531934 0.839268 42.9831 0.0381554 0.998523 -0.0386867 0.305923 -0.840086 0.0110888 -0.54234 -0.0064407
-0.534767 0.0523931 0.843374 43.763 0.0369864 0.998571 -0.0385821 0.253036 -0.84419 0.0105609 -0.535941 -0.502216
-0.527663 0.0509261 0.847926 44.5072 0.0340363 0.998667 -0.0387989 0.208454 -0.848772 0.00838752 -0.528693 -0.952043
-0.521062 0.0500917 0.852048 45.2614 0.0323001 0.998719 -0.0389616 0.159905 -0.852907 0.00721981 -0.522012 -1.41064
-0.513527 0.0487657 0.856687 46.0948 0.029478 0.998797 -0.039185 0.108567 -0.857567 0.00513089 -0.514347 -1.90805
-0.509944 0.0467153 0.858938 46.8942 0.0251463 0.998907 -0.0393987 0.0556028 -0.85984 0.001508 -0.510562 -2.3508
-0.507825 0.0435557 0.860358 47.7317 0.0203316 0.999049 -0.0385762 0.00851209 -0.86122 -0.00209755 -0.508228 -2.83747
-0.508768 0.041201 0.859917 48.5634 0.0177899 0.999144 -0.0373464 -0.0433954 -0.86072 -0.00370281 -0.509066 -3.31872
-0.509896 0.0396704 0.859321 49.4189 0.0159258 0.9992 -0.036678 -0.096665 -0.860089 -0.0050166 -0.51012 -3.80926
-0.509721 0.0399925 0.85941 50.2779 0.0166581 0.999191 -0.0366171 -0.144783 -0.860178 -0.00434841 -0.509975 -4.32408
-0.510116 0.0385895 0.85924 51.1373 0.0161485 0.999247 -0.0352903 -0.19701 -0.859954 -0.00412678 -0.510355 -4.82259
-0.509826 0.0381221 0.859433 52.0186 0.0164629 0.999267 -0.0345588 -0.251067 -0.86012 -0.00347019 -0.51008 -5.34524
-0.51018 0.0376482 0.859243 52.9203 0.0163193 0.999285 -0.0340945 -0.309705 -0.859913 -0.00337216 -0.51043 -5.8793
-0.510154 0.0358698 0.859335 53.831 0.0141722 0.999345 -0.0333005 -0.361906 -0.859966 -0.00480973 -0.510328 -6.39975
-0.510386 0.0354051 0.859216 54.7151 0.0140829 0.999362 -0.0328146 -0.418719 -0.85983 -0.00464784 -0.51056 -6.91891
-0.50938 0.0346043 0.859846 55.6219 0.0124224 0.999383 -0.0328607 -0.478312 -0.860452 -0.00605723 -0.509496 -7.44791
-0.508405 0.0332525 0.860476 56.4984 0.0124079 0.999433 -0.0312913 -0.532136 -0.861029 -0.00523195 -0.50853 -7.96516
-0.507202 0.0316383 0.861246 57.3759 0.0131418 0.999494 -0.0289775 -0.587962 -0.861727 -0.00337914 -0.507361 -8.45546
-0.503793 0.0298557 0.863309 58.2663 0.0136177 0.999553 -0.0266207 -0.642196 -0.863717 -0.001655 -0.503974 -8.9827
-0.501596 0.0294742 0.8646 59.1663 0.0136012 0.999565 -0.0261845 -0.69499 -0.864995 -0.00137441 -0.501779 -9.48496
-0.499514 0.0297048 0.865796 60.0347 0.0142978 0.999559 -0.0260451 -0.744898 -0.866188 -0.000630973 -0.499718 -9.99196
-0.498085 0.0303801 0.866596 60.9333 0.0142526 0.999538 -0.0268488 -0.795103 -0.867011 -0.00102173 -0.498288 -10.5107
-0.498454 0.0319566 0.866327 61.8055 0.0138452 0.999486 -0.0289025 -0.847162 -0.866805 -0.00241208 -0.498641 -11.0129
-0.502013 0.0331128 0.864226 62.6721 0.012105 0.999438 -0.0312619 -0.908729 -0.864776 -0.00523237 -0.502131 -11.4836
-0.50656 0.0339464 0.861537 63.5371 0.0112883 0.9994 -0.0327413 -0.96006 -0.862131 -0.00686012 -0.506639 -11.9895
-0.511899 0.0324105 0.858434 64.4011 0.0106327 0.999451 -0.0313942 -1.01811 -0.85898 -0.00694313 -0.511962 -12.4948
-0.517702 0.0307152 0.85501 65.2498 0.0146407 0.999527 -0.027042 -1.06909 -0.855436 -0.00148179 -0.517907 -13.0002
-0.523414 0.0284078 0.851605 66.1359 0.0118459 0.99959 -0.0260635 -1.12522 -0.851996 -0.003554 -0.523536 -13.5155
-0.528237 0.0304962 0.848549 66.9566 0.012789 0.999527 -0.0279609 -1.1789 -0.849001 -0.00391791 -0.528377 -14.0258
-0.53298 0.0335049 0.845464 67.7863 0.0136735 0.999426 -0.0309865 -1.2271 -0.846017 -0.00495471 -0.533132 -14.5631
-0.537066 0.0332544 0.842885 68.6354 0.0118034 0.999421 -0.0319094 -1.28365 -0.843458 -0.0071885 -0.537147 -15.098
-0.540659 0.0335714 0.840572 69.4585 0.0108427 0.999399 -0.0329407 -1.34107 -0.841172 -0.00869563 -0.540697 -15.6131
-0.544204 0.0331246 0.838298 70.273 0.011212 0.999418 -0.0322126 -1.39558 -0.838878 -0.00813121 -0.544259 -16.1317
-0.546168 0.0265229 0.837256 71.1204 0.0130195 0.999647 -0.0231742 -1.44301 -0.837575 -0.00175631 -0.54632 -16.6908
-0.548608 0.0182862 0.83588 71.9295 0.0136681 0.999823 -0.012902 -1.48869 -0.835968 0.00434672 -0.548761 -17.2118
-0.550929 0.0156815 0.834405 72.7561 0.0133264 0.999861 -0.00999206 -1.53076 -0.834446 0.0056147 -0.551061 -17.7337
-0.552005 0.0204378 0.833591 73.5167 0.0139537 0.999786 -0.0152724 -1.5607 -0.833724 0.00320125 -0.552172 -18.2308
-0.55376 0.026133 0.832266 74.3185 0.0146908 0.999658 -0.0216143 -1.60658 -0.832547 0.00025754 -0.553955 -18.7543
-0.554111 0.0310975 0.831861 75.1018 0.0204513 0.999509 -0.0237419 -1.64482 -0.832191 0.00385702 -0.554475 -19.2777
-0.554252 0.0317187 0.831745 75.8679 0.0239938 0.999467 -0.022126 -1.69011 -0.832003 0.00769337 -0.554717 -19.7998
-0.553232 0.029483 0.832505 76.6932 0.0242892 0.99952 -0.0192567 -1.73549 -0.832673 0.00956752 -0.553682 -20.3413
-0.552941 0.0242176 0.832868 77.4785 0.0223227 0.999649 -0.0142471 -1.76366 -0.832921 0.010714 -0.553288 -20.8518
-0.552271 0.0186474 0.833456 78.2686 0.0207155 0.999748 -0.00864133 -1.80115 -0.833407 0.0124931 -0.552518 -21.3665
-0.551794 0.0116015 0.8339 79.0537 0.0116503 0.999913 -0.00620208 -1.83269 -0.833899 0.0062929 -0.551881 -21.8647
-0.550556 0.00624381 0.834775 79.8503 0.00320445 0.999981 -0.00536607 -1.85554 -0.834792 -0.000279333 -0.550565 -22.361
-0.548364 0.00663438 0.836214 80.6305 0.00661565 0.999972 -0.00359526 -1.88232 -0.836214 0.00356058 -0.548392 -22.8627
-0.546244 0.0103183 0.837563 81.4109 0.011892 0.999919 -0.00456272 -1.91269 -0.837542 0.0074679 -0.546322 -23.3679
-0.541049 0.013311 0.840885 82.1819 0.0122568 0.999893 -0.00794165 -1.94299 -0.840902 0.00600977 -0.541155 -23.8658
-0.533425 0.0153889 0.845707 82.9654 0.0176428 0.999819 -0.00706507 -1.96968 -0.845664 0.011152 -0.5336 -24.3563
-0.525484 0.0190973 0.850589 83.7529 0.0272058 0.999614 -0.00563574 -2.00156 -0.850368 0.0201795 -0.525801 -24.8485
-0.51551 0.0187071 0.856679 84.5639 0.0254246 0.999655 -0.00652992 -2.02879 -0.856506 0.0184145 -0.515808 -25.3324
-0.504782 0.0158871 0.8631 85.3754 0.0210968 0.999759 -0.00606419 -2.05442 -0.862989 0.0151475 -0.504996 -25.7941
-0.493922 0.0126338 0.869415 86.1827 0.0230699 0.999733 -0.00142135 -2.07923 -0.8692 0.0193553 -0.494081 -26.2386
-0.482341 0.0114062 0.875909 87.0171 0.0226885 0.999742 -0.000524735 -2.10501 -0.875689 0.01962 -0.482476 -26.6897
-0.470879 0.0101478 0.882139 87.8378 0.0210808 0.999778 -0.000248268 -2.12633 -0.881946 0.0184793 -0.470988 -27.1187
-0.458648 0.0126188 0.888528 88.6424 0.0264901 0.999649 -0.000523031 -2.14422 -0.888223 0.0232973 -0.458821 -27.5286
-0.447016 0.0149189 0.894402 89.4512 0.0244704 0.999691 -0.00444501 -2.17727 -0.894191 0.0198993 -0.447243 -27.9304
-0.435269 0.0250272 0.899953 90.2976 0.0281834 0.999502 -0.0141645 -2.20116 -0.899859 0.0191984 -0.435758 -28.3322
-0.422022 0.0297733 0.906097 91.1275 0.0273561 0.999424 -0.0200986 -2.23342 -0.906173 0.0163053 -0.422593 -28.7192
-0.41089 0.0272823 0.911277 91.9732 0.0268717 0.99948 -0.0178067 -2.25916 -0.911289 0.0171709 -0.41141 -29.0837
-0.398685 0.0233228 0.916792 92.8054 0.0277889 0.999525 -0.013343 -2.30221 -0.916667 0.020157 -0.399143 -29.4417
-0.389003 0.0238973 0.920926 93.6468 0.0249998 0.999569 -0.015378 -2.33654 -0.920897 0.0170409 -0.389433 -29.7842
-0.382017 0.027969 0.923732 94.4913 0.0192354 0.999566 -0.0223101 -2.38063 -0.923955 0.00924553 -0.382389 -30.1217
-0.376506 0.0322467 0.925853 95.3105 0.0112202 0.999479 -0.0302483 -2.42411 -0.926346 -0.00100044 -0.376672 -30.4393
-0.372903 0.033961 0.927249 96.1896 0.0073077 0.999407 -0.033665 -2.47602 -0.927842 -0.0057777 -0.37293 -30.7839
-0.369643 0.0339546 0.928553 97.0212 0.0079101 0.999411 -0.0333968 -2.51533 -0.92914 -0.00499994 -0.369694 -31.0928
-0.364047 0.0332185 0.930788 97.8663 0.00499581 0.999419 -0.0337139 -2.57096 -0.931367 -0.00762339 -0.364001 -31.4284
-0.359085 0.0301064 0.932819 98.7067 0.00599888 0.999533 -0.0299503 -2.61315 -0.933285 -0.00515885 -0.359098 -31.7314
-0.352502 0.0255123 0.935463 99.561 0.00440333 0.999662 -0.0256039 -2.65928 -0.935801 -0.00490626 -0.352495 -32.059
-0.346848 0.023315 0.937631 100.401 0.00349758 0.999716 -0.0235649 -2.70743 -0.937915 -0.00489402 -0.346832 -32.3637
-0.341049 0.0226847 0.939772 101.233 0.00144345 0.99972 -0.023608 -2.74286 -0.940044 -0.00669496 -0.340986 -32.6418
-0.335086 0.0221684 0.941927 102.066 -0.0101308 0.999581 -0.0271293 -2.78421 -0.942133 -0.0186331 -0.334721 -32.9105
-0.328657 0.0255404 0.944104 102.9 -0.00775611 0.999528 -0.0297398 -2.83027 -0.944417 -0.0170968 -0.328304 -33.2028
-0.322073 0.0294933 0.946256 103.753 -0.00532406 0.999442 -0.0329632 -2.87791 -0.9467 -0.0156545 -0.321736 -33.4752
-0.315166 0.0274816 0.948639 104.571 -0.00836916 0.999461 -0.0317344 -2.92335 -0.949 -0.0179409 -0.314766 -33.7485
-0.308163 0.0233583 0.951047 105.416 -0.00540394 0.99964 -0.0263028 -2.96063 -0.951318 -0.013245 -0.307926 -34.0219
-0.300835 0.0205431 0.953455 106.275 -0.0056716 0.999712 -0.0233293 -3.00461 -0.953659 -0.0124259 -0.300632 -34.2887
-0.294586 0.0231654 0.955344 107.127 -0.00819656 0.999608 -0.0267661 -3.0499 -0.95559 -0.0157155 -0.294281 -34.5391
-0.288408 0.0263223 0.957146 107.954 -0.00704991 0.999537 -0.0296123 -3.0916 -0.957482 -0.0152882 -0.288089 -34.79
-0.281502 0.0275619 0.959165 108.845 -0.00831169 0.99948 -0.0311597 -3.1365 -0.959525 -0.0167438 -0.281126 -35.033
-0.274496 0.0260502 0.961235 109.698 -0.00937248 0.999513 -0.0297641 -3.18355 -0.961543 -0.0171793 -0.274119 -35.2797
-0.266211 0.0260561 0.963563 110.547 -0.00571161 0.999574 -0.0286079 -3.22588 -0.963898 -0.0131192 -0.265949 -35.5019
-0.258653 0.0271546 0.965589 111.405 -0.00176725 0.99959 -0.0285842 -3.2734 -0.965969 -0.00909981 -0.258499 -35.7366
-0.251611 0.0280651 0.967422 112.295 0.000319683 0.999582 -0.028915 -3.31791 -0.967829 -0.00696605 -0.251514 -35.9662
-0.24505 0.0272333 0.969128 113.138 -0.00599421 0.999544 -0.0296037 -3.36005 -0.969492 -0.0130636 -0.244775 -36.1661
-0.239007 0.024746 0.970703 114.003 -0.010566 0.99955 -0.0280829 -3.40037 -0.97096 -0.0169685 -0.238638 -36.3566
-0.234161 0.0253903 0.971866 114.885 -0.00682982 0.999591 -0.0277602 -3.44272 -0.972174 -0.013138 -0.233892 -36.5686
-0.229933 0.0252414 0.972879 115.739 -0.00552599 0.999614 -0.0272411 -3.48793 -0.973191 -0.0116397 -0.229705 -36.7598
-0.225061 0.0266232 0.973981 116.601 -0.00502115 0.999582 -0.0284833 -3.53115 -0.974332 -0.011301 -0.224833 -36.954
-0.219177 0.0258752 0.975342 117.476 0.00180843 0.999657 -0.0261138 -3.56829 -0.975684 -0.00395971 -0.219149 -37.1542
-0.213977 0.0243025 0.976536 118.319 0.00782295 0.999701 -0.0231648 -3.61344 -0.976807 0.00268266 -0.214103 -37.3366
-0.20953 0.0242265 0.977502 119.201 0.0125375 0.999677 -0.0220886 -3.65055 -0.977722 0.00762716 -0.209767 -37.5249
-0.205542 0.0251154 0.978326 120.029 0.00915107 0.999676 -0.0237409 -3.6948 -0.978606 0.00407299 -0.205705 -37.6833
-0.201284 0.0268072 0.979166 120.919 0.00695064 0.999639 -0.0259389 -3.7374 -0.979508 0.00158474 -0.201398 -37.8703
-0.199732 0.0264499 0.979494 121.772 0.00569387 0.99965 -0.0258331 -3.77817 -0.979834 0.000417404 -0.199813 -38.0265
-0.198543 0.0250665 0.979772 122.617 0.00405181 0.999685 -0.0247549 -3.81958 -0.980084 -0.00094506 -0.198582 -38.1846
-0.197666 0.0210218 0.980044 123.5 0.00671577 0.999776 -0.0200905 -3.8542 -0.980246 0.00261053 -0.197763 -38.3609
-0.196811 0.0153615 0.980321 124.35 0.00562387 0.999878 -0.0145389 -3.89502 -0.980425 0.00265178 -0.196874 -38.5219
-0.19582 0.0129605 0.980554 125.211 0.00770857 0.999902 -0.0116768 -3.9256 -0.980609 0.00527211 -0.195901 -38.6932
-0.195169 0.0179588 0.980605 126.075 0.00541018 0.999837 -0.0172342 -3.96692 -0.980755 0.00194166 -0.195234 -38.8595
-0.194629 0.0217048 0.980637 126.907 0.00580508 0.999763 -0.020976 -4.0001 -0.98086 0.00161014 -0.194709 -39.0265
-0.194404 0.0211432 0.980694 127.774 0.00322286 0.999776 -0.0209157 -4.03402 -0.980916 -0.000905449 -0.194429 -39.1841
-0.194346 0.0197702 0.980734 128.628 0.00191909 0.999803 -0.0197743 -4.0701 -0.980931 -0.00196094 -0.194345 -39.3427
-0.193198 0.0200028 0.980956 129.46 0.00545374 0.999799 -0.0193129 -4.11172 -0.981145 0.00161867 -0.193268 -39.5094
-0.192842 0.0228539 0.980964 130.31 0.00512061 0.999739 -0.0222847 -4.15047 -0.981216 0.000725711 -0.192908 -39.6675
-0.192626 0.0238177 0.980983 131.149 -0.005527 0.999663 -0.0253565 -4.18513 -0.981257 -0.0103062 -0.192429 -39.8085
-0.192437 0.025329 0.980982 131.979 -0.0100606 0.999563 -0.0277824 -4.22381 -0.981258 -0.0152157 -0.192098 -39.9528
-0.191999 0.0282662 0.980988 132.813 -0.0100896 0.999475 -0.0307737 -4.26938 -0.981343 -0.0158063 -0.191613 -40.1109
-0.191628 0.0294112 0.981027 133.645 -0.00674868 0.999488 -0.0312829 -4.31372 -0.981444 -0.0126153 -0.191331 -40.2617
-0.190706 0.0302596 0.981181 134.471 -0.00831633 0.999439 -0.0324391 -4.35932 -0.981612 -0.0143461 -0.190347 -40.41
-0.188169 0.0296825 0.981688 135.303 -0.00234075 0.999527 -0.0306705 -4.39941 -0.982134 -0.00806914 -0.188011 -40.57
-0.184408 0.026723 0.982486 136.147 0.00521444 0.999643 -0.0262109 -4.45028 -0.982836 0.000289605 -0.184482 -40.7376
-0.182273 0.0224489 0.982992 136.95 0.0103669 0.999728 -0.0209088 -4.49018 -0.983193 0.00637946 -0.182457 -40.8853
-0.17798 0.0218282 0.983792 137.785 0.0128351 0.99972 -0.0198595 -4.52808 -0.98395 0.00909247 -0.178211 -41.0346
-0.173572 0.026122 0.984475 138.577 0.0116045 0.999633 -0.0244782 -4.57322 -0.984753 0.0071756 -0.173812 -41.1718
-0.166927 0.0293969 0.985531 139.344 0.0143322 0.999522 -0.0273867 -4.60541 -0.985865 0.00955322 -0.167269 -41.2971
-0.158683 0.029827 0.986879 140.204 0.00992952 0.999541 -0.0286131 -4.64833 -0.98728 0.00525881 -0.158907 -41.4237
-0.148993 0.0266224 0.98848 140.923 0.0175431 0.999551 -0.0242763 -4.67622 -0.988683 0.013724 -0.149394 -41.5368
-0.136299 0.025126 0.990349 141.776 0.0268328 0.999405 -0.0216628 -4.72106 -0.990304 0.0236213 -0.136892 -41.6564
-0.123145 0.0271125 0.992018 142.55 0.0255818 0.999381 -0.0241381 -4.759 -0.992059 0.0224051 -0.123762 -41.743
-0.109258 0.0283912 0.993608 143.284 0.0256918 0.999339 -0.0257298 -4.79214 -0.993681 0.0227163 -0.109916 -41.8217
-0.0941889 0.0281447 0.995156 144.14 0.0278759 0.999283 -0.0256231 -4.83326 -0.995164 0.0253274 -0.0949059 -41.8993
-0.0809681 0.0301902 0.996259 144.873 0.0321029 0.999102 -0.0276673 -4.87426 -0.9962 0.0297426 -0.0818645 -41.9554
-0.0669803 0.0359531 0.997106 145.686 0.0286991 0.999007 -0.0340938 -4.9209 -0.997341 0.0263324 -0.0679456 -41.9974
-0.0545551 0.0451668 0.997489 146.448 0.0229424 0.998769 -0.04397 -4.96788 -0.998247 0.020486 -0.0555242 -42.0192
-0.0414021 0.0531164 0.99773 147.105 0.0136564 0.998523 -0.0525919 -5.01373 -0.999049 0.011448 -0.0420663 -42.0276
-0.027494 0.0543781 0.998142 147.933 0.0135963 0.998447 -0.0540203 -5.0654 -0.99953 0.0120858 -0.0281907 -42.0416
-0.0155709 0.0503951 0.998608 148.663 0.0140247 0.998642 -0.0501781 -5.11907 -0.99978 0.0132238 -0.0162565 -42.0442
-0.00392569 0.0478132 0.998849 149.444 0.0118558 0.998788 -0.0477637 -5.17737 -0.999922 0.0116547 -0.00448781 -42.0386
0.00468723 0.0537955 0.998541 150.214 0.00878484 0.998511 -0.0538352 -5.23983 -0.99995 0.00902436 0.00420766 -42.0189
0.01076 0.0624227 0.997992 150.942 0.00121181 0.998048 -0.0624393 -5.2948 -0.999941 0.00188123 0.0106634 -41.9901
0.0137481 0.0656091 0.997751 151.666 -0.00291973 0.997843 -0.065575 -5.34737 -0.999901 -0.00201162 0.0139101 -41.9662
0.0138209 0.0615197 0.99801 152.414 -0.00560504 0.998095 -0.0614473 -5.40659 -0.999889 -0.00474463 0.0141394 -41.9512
0.0128802 0.0562832 0.998332 153.148 0.00247583 0.99841 -0.0563195 -5.4768 -0.999914 0.00319711 0.0127204 -41.9384
0.00973126 0.0533898 0.998526 153.911 -0.000420733 0.998574 -0.0533883 -5.52928 -0.999953 9.94215e-05 0.00973984 -41.9268
0.00747852 0.0537604 0.998526 154.675 0.00294214 0.998548 -0.0537836 -5.5868 -0.999968 0.00334002 0.00730949 -41.9215
0.00332322 0.0534814 0.998563 155.356 0.00199821 0.998567 -0.0534883 -5.63855 -0.999993 0.00217309 0.00321159 -41.9193
-0.000726901 0.0521121 0.998641 156.119 0.00517375 0.998628 -0.0521077 -5.69904 -0.999986 0.00512884 -0.00099552 -41.9155
-0.00698162 0.0522264 0.998611 156.861 0.00169605 0.998634 -0.0522158 -5.74875 -0.999974 0.00132914 -0.00706067 -41.9104
-0.0126516 0.0505384 0.998642 157.582 0.00202224 0.998721 -0.0505168 -5.79696 -0.999918 0.00138038 -0.0127376 -41.9189
-0.0185572 0.0476748 0.998691 158.299 0.00596651 0.99885 -0.0475715 -5.84747 -0.99981 0.0050759 -0.0188204 -41.9326
-0.0238019 0.0475412 0.998586 159.039 0.00353921 0.998866 -0.0474702 -5.90175 -0.99971 0.00240432 -0.0239432 -41.944
-0.0293176 0.0486127 0.998387 159.747 0.00391172 0.998815 -0.0485187 -5.94745 -0.999563 0.00248296 -0.029473 -41.9589
-0.0335022 0.0510765 0.998133 160.45 0.00191678 0.998695 -0.0510409 -6.00141 -0.999437 0.000203219 -0.0335563 -41.9807
-0.0357679 0.0528748 0.99796 161.175 0.0026764 0.998601 -0.0528129 -6.0539 -0.999357 0.000781932 -0.0358594 -42.0053
-0.0367564 0.0545635 0.997834 161.886 0.00495931 0.998506 -0.0544176 -6.10882 -0.999312 0.00294837 -0.0369721 -42.0308
-0.0363001 0.0526639 0.997952 162.596 0.00844628 0.998591 -0.0523904 -6.15932 -0.999305 0.0065272 -0.0366938 -42.0617
-0.032926 0.0495548 0.998229 163.278 0.0123328 0.998714 -0.0491721 -6.20812 -0.999382 0.0106919 -0.0334948 -42.0865
-0.0250646 0.048564 0.998506 163.994 0.0128935 0.998752 -0.0482523 -6.26454 -0.999603 0.0116648 -0.0256595 -42.1022
-0.0138893 0.049765 0.998664 164.676 0.0160752 0.998643 -0.0495404 -6.31601 -0.999774 0.0153657 -0.0146704 -42.1133
0.000303499 0.0497506 0.998762 165.367 0.018935 0.998582 -0.0497474 -6.3673 -0.999821 0.0189267 -0.000638961 -42.111
0.0160219 0.0478072 0.998728 166.047 0.0185962 0.998669 -0.0481027 -6.41153 -0.999699 0.0193432 0.0151115 -42.0895
0.0323136 0.0430395 0.998551 166.764 0.0127303 0.998974 -0.0434697 -6.46046 -0.999397 0.0141165 0.0317326 -42.0535
0.048745 0.0362567 0.998153 167.424 0.0120315 0.999247 -0.0368841 -6.50174 -0.998739 0.0138072 0.048272 -42.0085
0.0664696 0.0292385 0.99736 168.111 0.0123445 0.99947 -0.0301231 -6.53978 -0.997712 0.0143142 0.0660734 -41.9534
0.0839431 0.0212129 0.996245 168.794 0.0126764 0.99967 -0.022354 -6.5738 -0.99639 0.0145053 0.0836464 -41.8886
0.100936 0.0151541 0.994778 169.447 0.0104088 0.999813 -0.016287 -6.60611 -0.994839 0.0119984 0.100759 -41.8103
0.119086 0.0126074 0.992804 170.121 0.01022 0.999851 -0.0139228 -6.64019 -0.992831 0.0118045 0.11894 -41.718
0.136501 0.0115148 0.990573 170.756 0.0119202 0.999841 -0.0132652 -6.66056 -0.990568 0.0136186 0.136342 -41.6203
0.153944 0.0106908 0.988022 171.398 0.0102655 0.99987 -0.0124185 -6.68313 -0.988026 0.0120542 0.153814 -41.502
0.169025 0.0102341 0.985559 172.038 0.00646884 0.999913 -0.0114925 -6.70325 -0.98559 0.00831795 0.168945 -41.3694
0.18337 0.00654738 0.983022 172.658 0.00236989 0.999972 -0.00710234 -6.72462 -0.983041 0.00363201 0.183349 -41.2349
0.196069 0.00250717 0.980587 173.293 0.00542609 0.999979 -0.00364169 -6.74891 -0.980575 0.00603478 0.196051 -41.1028
0.205382 0.000648847 0.978682 173.911 0.00858007 0.99996 -0.00246353 -6.76723 -0.978644 0.00890312 0.205369 -40.9602
0.21661 0.00442535 0.976248 174.494 0.00449816 0.999975 -0.00553096 -6.7902 -0.976248 0.00558938 0.216584 -40.8238
0.225078 0.0115563 0.974272 175.102 0.00145463 0.999925 -0.0121966 -6.80924 -0.97434 0.0041624 0.225044 -40.6668
0.233563 0.0217037 0.9721 175.68 8.98642e-05 0.99975 -0.0223427 -6.83477 -0.972342 0.00530577 0.233503 -40.5137
0.242157 0.0285809 0.969816 176.269 0.00355396 0.999533 -0.0303441 -6.85849 -0.970231 0.0107947 0.241943 -40.3704
0.248086 0.0267848 0.968368 176.869 0.00462292 0.999574 -0.0288323 -6.87682 -0.968727 0.0116296 0.247857 -40.2108
0.254313 0.0198778 0.966918 177.449 0.00155564 0.999779 -0.0209626 -6.90068 -0.967121 0.00683523 0.254226 -40.041
0.258388 0.00901138 0.965999 178.063 -0.00194134 0.999959 -0.00880891 -6.92623 -0.966039 0.00040078 0.258395 -39.868
0.260274 -0.000353333 0.965535 178.681 -0.00200382 0.999998 0.000906104 -6.95362 -0.965533 -0.00217059 0.260273 -39.6994
0.26162 -0.00138173 0.96517 179.262 0.000605131 0.999999 0.00126756 -6.97859 -0.965171 0.000252435 0.26162 -39.5351
0.262458 0.00164094 0.964942 179.859 0.0042303 0.999987 -0.00285115 -6.98816 -0.964934 0.0048303 0.262448 -39.375
0.263932 0.000940589 0.964541 180.487 0.00577715 0.99998 -0.00255597 -6.99989 -0.964524 0.0062469 0.263921 -39.207
0.265537 -0.00065834 0.964101 181.063 0.00520305 0.999986 -0.000750199 -7.00455 -0.964087 0.00521547 0.265536 -39.0327
0.267932 -0.00480798 0.963426 181.698 0.00470845 0.999982 0.00368098 -7.02352 -0.963426 0.00354999 0.26795 -38.8531
0.271808 -0.0102804 0.962297 182.303 0.00532375 0.999944 0.00917887 -7.03707 -0.962337 0.00262814 0.271847 -38.6717
0.275575 -0.0134297 0.961186 182.917 0.0063019 0.999906 0.0121639 -7.04533 -0.961259 0.00270521 0.275634 -38.4926
0.281879 -0.0150944 0.959331 183.552 0.00774841 0.999879 0.0134557 -7.04787 -0.959419 0.00364041 0.281962 -38.3054
0.289859 -0.0184497 0.956892 184.148 0.00944648 0.999821 0.0164159 -7.0524 -0.957023 0.00428097 0.289982 -38.1195
0.299369 -0.020412 0.953919 184.788 0.01172 0.999774 0.0177151 -7.06167 -0.954065 0.00587662 0.299541 -37.9195
0.310681 -0.0188062 0.950328 185.397 0.0105083 0.999811 0.0163501 -7.06711 -0.950456 0.00490671 0.31082 -37.7144
0.321647 -0.0149514 0.946742 186.005 0.0101115 0.999873 0.0123552 -7.07212 -0.946806 0.00559899 0.321757 -37.4928
0.332816 -0.0112991 0.942924 186.625 0.00799375 0.999926 0.00916064 -7.07573 -0.942958 0.00448868 0.332882 -37.2639
0.344622 -0.0108663 0.938679 187.263 0.00860394 0.999928 0.00841655 -7.07846 -0.938702 0.00517581 0.344691 -37.0281
0.355856 -0.0142387 0.934432 187.875 0.00994319 0.999885 0.0114494 -7.08625 -0.934488 0.00521689 0.355956 -36.7836
0.367108 -0.015804 0.930044 188.486 0.00939846 0.999868 0.0132807 -7.09036 -0.930131 0.00386552 0.367208 -36.5198
0.378661 -0.0166871 0.925385 189.112 0.00765508 0.99986 0.0148977 -7.10161 -0.925504 0.00144271 0.378736 -36.2645
0.387755 -0.0181131 0.921584 189.723 0.0051069 0.999834 0.0175023 -7.09577 -0.921748 -0.00208016 0.387783 -35.9879
0.394789 -0.0167349 0.91862 190.36 0.000171754 0.999835 0.0181406 -7.10029 -0.918772 -0.00700395 0.394727 -35.7013
0.399526 -0.0186176 0.916533 191.003 -0.000761076 0.999787 0.0206405 -7.10012 -0.916722 -0.00894398 0.399427 -35.4114
0.401368 -0.0237938 0.915608 191.655 0.00447778 0.999702 0.0240162 -7.09738 -0.915906 -0.00553943 0.401354 -35.1264
0.402029 -0.0220544 0.915361 192.304 0.00671102 0.999754 0.0211402 -7.09727 -0.915602 -0.00235597 0.402078 -34.847
0.40093 -0.0221822 0.91584 192.975 0.00865817 0.999754 0.0204243 -7.09846 -0.916068 -0.000259212 0.401023 -34.556
0.400026 -0.0211364 0.91626 193.636 0.0117363 0.99977 0.0179389 -7.09838 -0.916429 0.00357747 0.400182 -34.2608
0.400048 -0.0226477 0.916214 194.316 0.0142397 0.999728 0.0184945 -7.09532 -0.916383 0.00564794 0.400262 -33.9775
0.39873 -0.028733 0.916618 195.012 0.0181209 0.999561 0.0234503 -7.09254 -0.916889 0.00725966 0.399075 -33.6721
0.39825 -0.0313221 0.916742 195.688 0.0171828 0.999496 0.026685 -7.09466 -0.917116 0.00512491 0.398588 -33.3806
0.396571 -0.0340708 0.917372 196.388 0.0191154 0.999401 0.0288539 -7.09241 -0.917805 0.00609333 0.396985 -33.0766
0.394475 -0.0341274 0.918273 197.079 0.0179035 0.999406 0.0294516 -7.08674 -0.918732 0.0048224 0.394852 -32.7688
0.39324 -0.0342083 0.918799 197.77 0.0162917 0.99941 0.0302368 -7.07821 -0.919291 0.00307842 0.393566 -32.472
0.390849 -0.0332542 0.919854 198.464 0.0158772 0.999442 0.0293852 -7.07758 -0.920318 0.00311946 0.391159 -32.1608
0.38995 -0.030228 0.92034 199.145 0.0169714 0.999527 0.025638 -7.07591 -0.92068 0.00562195 0.390278 -31.8709
0.389029 -0.0233764 0.920929 199.817 0.0151688 0.999705 0.0189683 -7.08019 -0.921101 0.00659022 0.389269 -31.584
0.387658 -0.0201364 0.921583 200.508 0.0134171 0.999779 0.0162012 -7.07805 -0.921705 0.00608443 0.387843 -31.2811
0.386508 -0.0227574 0.922005 201.226 0.0121247 0.999735 0.0195933 -7.07692 -0.922206 0.00360604 0.386681 -30.9885
0.386117 -0.0260213 0.922083 201.907 0.0106894 0.999661 0.0237345 -7.07858 -0.922388 0.000692202 0.386264 -30.6932
0.383443 -0.0259961 0.923198 202.583 0.00712461 0.999657 0.0251899 -7.08238 -0.923537 -0.00308148 0.383497 -30.4007
0.378691 -0.0256876 0.925167 203.27 0.0043761 0.999653 0.0259645 -7.08429 -0.925513 -0.00578389 0.378672 -30.1056
0.372264 -0.0269178 0.927737 203.965 0.00399376 0.999617 0.0274009 -7.0803 -0.928118 -0.00649519 0.372228 -29.8271
0.363794 -0.0274364 0.931075 204.649 0.00550124 0.999612 0.0273065 -7.07235 -0.931463 -0.00481188 0.363804 -29.5549
0.353814 -0.0266619 0.934936 205.365 0.00779253 0.999643 0.0255582 -7.07882 -0.935284 -0.00175732 0.353895 -29.3123
0.342995 -0.0235564 0.939042 206.04 0.00662129 0.999721 0.0226601 -7.08302 -0.939314 -0.00155463 0.343055 -29.0504
0.333019 -0.0232992 0.942632 206.737 0.0036831 0.999719 0.023409 -7.06813 -0.942913 -0.00432383 0.333011 -28.813
0.321284 -0.0305545 0.94649 207.447 0.00810209 0.999531 0.0295166 -7.06307 -0.946948 -0.00181466 0.321381 -28.5771
0.311899 -0.0400474 0.949271 208.158 0.0136455 0.999197 0.0376702 -7.06546 -0.950017 0.00120399 0.312195 -28.3472
0.304891 -0.045736 0.951289 208.852 0.0143221 0.998954 0.0434374 -7.05678 -0.95228 0.000380736 0.305227 -28.1285
0.300572 -0.046633 0.952618 209.56 0.00886078 0.998897 0.0461027 -7.03455 -0.953718 -0.00541623 0.300654 -27.8991
0.297725 -0.0482209 0.953433 210.273 0.00909742 0.998821 0.0476757 -7.01934 -0.954608 -0.00552047 0.297813 -27.6716
0.29578 -0.0492779 0.953984 210.976 0.0107693 0.998777 0.0482527 -6.99951 -0.955195 -0.0039985 0.295949 -27.444
0.294154 -0.0483845 0.954533 211.694 0.0105879 0.998821 0.0473667 -6.98537 -0.955699 -0.00382657 0.29432 -27.2154
0.294465 -0.0458212 0.954563 212.407 0.00615279 0.99892 0.0460524 -6.9636 -0.955642 -0.00768761 0.294429 -26.9883
0.295185 -0.0462878 0.954318 213.135 0.00647193 0.9989 0.0464483 -6.94648 -0.955418 -0.00753455 0.295159 -26.7582
0.295837 -0.0476739 0.954048 213.856 0.00557099 0.998823 0.0481839 -6.92645 -0.955222 -0.00893959 0.295755 -26.5199
0.297911 -0.0492529 0.953322 214.584 0.00708242 0.998755 0.0493869 -6.9104 -0.954567 -0.00796108 0.297889 -26.2921
0.300282 -0.0511817 0.952476 215.308 0.0110578 0.998679 0.0501783 -6.89244 -0.953786 -0.00453533 0.300451 -26.0729
0.3029 -0.052084 0.951598 216.032 0.0115527 0.998633 0.0509811 -6.86639 -0.952952 -0.00444867 0.303087 -25.8356
0.307079 -0.0534973 0.950179 216.769 0.0097442 0.998543 0.0530712 -6.84533 -0.951634 -0.00703831 0.307153 -25.5876
0.312836 -0.0572143 0.948082 217.508 0.00780028 0.998305 0.0576713 -6.81501 -0.949775 -0.0106464 0.312753 -25.3359
0.318206 -0.0611322 0.946048 218.25 0.00776559 0.998053 0.0618807 -6.78943 -0.94799 -0.0123442 0.318062 -25.0834
0.321759 -0.0618472 0.9448 218.969 0.00641649 0.997984 0.0631435 -6.76565 -0.9468 -0.0142547 0.321507 -24.8287
0.326876 -0.0575315 0.943314 219.722 0.00331606 0.998209 0.0597303 -6.73845 -0.945061 -0.0163963 0.326481 -24.5592
0.331161 -0.0512873 0.942179 220.432 -0.00429143 0.99843 0.0558577 -6.70989 -0.943564 -0.0225412 0.330421 -24.2911
0.33495 -0.048384 0.940993 221.141 -0.00665042 0.998535 0.0537099 -6.68118 -0.942213 -0.0242481 0.334137 -24.0226
0.339396 -0.0483227 0.939401 221.878 -0.00820292 0.99849 0.0543259 -6.65627 -0.940608 -0.0261438 0.338487 -23.7527
0.344537 -0.0467052 0.93761 222.589 -0.00906963 0.998549 0.0530735 -6.63419 -0.938729 -0.0267895 0.343613 -23.4822
0.347968 -0.0433845 0.936502 223.35 -0.0104605 0.998687 0.0501521 -6.61243 -0.937448 -0.0272476 0.347058 -23.193
0.352995 -0.0432089 0.934627 224.07 -0.0105664 0.998685 0.0501611 -6.58891 -0.935565 -0.0275823 0.352075 -22.9119
0.358221 -0.0450948 0.932547 224.796 -0.00892121 0.998622 0.0517169 -6.56805 -0.933594 -0.0268455 0.357325 -22.6277
0.361696 -0.0455951 0.93118 225.556 -0.00643449 0.998657 0.0513984 -6.54887 -0.932274 -0.0245823 0.360917 -22.3275
0.366051 -0.0453516 0.929489 226.279 -0.00279142 0.998754 0.0498305 -6.53079 -0.930591 -0.0208351 0.365468 -22.045
0.370044 -0.0434449 0.927998 227.028 -0.00414057 0.998819 0.0484115 -6.5154 -0.929005 -0.0217569 0.369427 -21.7388
0.375265 -0.0434972 0.925896 227.756 -0.00814316 0.998705 0.050218 -6.48876 -0.926882 -0.0263848 0.374425 -21.4257
0.379161 -0.0434041 0.924312 228.484 -0.0110217 0.998617 0.0514145 -6.46181 -0.925265 -0.0296819 0.378158 -21.1199
0.383912 -0.0412583 0.922447 229.204 -0.00836539 0.998805 0.0481551 -6.45021 -0.923332 -0.026204 0.383108 -20.8146
0.386872 -0.0347442 0.921479 229.93 -0.00838025 0.999116 0.0411899 -6.44021 -0.922095 -0.0236574 0.386239 -20.4945
0.390291 -0.028496 0.92025 230.654 -0.0142635 0.999214 0.0369905 -6.42285 -0.920581 -0.0275631 0.389578 -20.1654
0.393192 -0.0279934 0.91903 231.372 -0.0220706 0.998961 0.0398706 -6.39481 -0.919191 -0.0359603 0.392166 -19.8425
0.396663 -0.0384262 0.91716 232.114 -0.0200556 0.998522 0.0505089 -6.37749 -0.917745 -0.0384293 0.395306 -19.5245
0.397637 -0.0515293 0.916095 232.852 -0.0151209 0.997918 0.0626951 -6.35313 -0.917418 -0.0387821 0.39603 -19.1936
0.399106 -0.0596072 0.914965 233.579 -0.0157407 0.997292 0.0718366 -6.32041 -0.91677 -0.0430726 0.397087 -18.8746
0.402482 -0.0618318 0.913337 234.311 -0.0163819 0.99707 0.0747194 -6.29038 -0.915281 -0.0450354 0.40029 -18.5492
0.405152 -0.0567839 0.912484 235.025 -0.0185987 0.997351 0.0703232 -6.25643 -0.91406 -0.0454626 0.403022 -18.2219
0.408489 -0.0510095 0.911337 235.759 -0.0180587 0.99779 0.0639429 -6.22275 -0.912584 -0.0425775 0.406666 -17.8905
0.412514 -0.0462184 0.909778 236.461 -0.0183797 0.998087 0.0590384 -6.18756 -0.910766 -0.0410757 0.410876 -17.5629
0.417244 -0.0439833 0.907729 237.182 -0.0163857 0.998302 0.0559037 -6.16329 -0.908647 -0.0381992 0.415815 -17.2256
0.422668 -0.042239 0.9053 237.906 -0.0160729 0.998407 0.0540873 -6.13509 -0.906142 -0.0374118 0.421316 -16.8767
0.425727 -0.0439807 0.903782 238.626 -0.0141682 0.998372 0.0552576 -6.11021 -0.904741 -0.0363296 0.42441 -16.5346
0.430216 -0.0501718 0.901331 239.33 -0.00898325 0.998167 0.0598499 -6.07767 -0.902681 -0.0338453 0.428977 -16.2011
0.432182 -0.0548956 0.900114 240.07 -0.00962367 0.997808 0.0654744 -6.04697 -0.901735 -0.0369592 0.430706 -15.8231
0.434888 -0.0618205 0.89836 240.77 -0.00551041 0.997439 0.0713062 -6.01296 -0.900468 -0.0359605 0.433434 -15.4901
0.437797 -0.0658278 0.896661 241.509 -0.00654047 0.997056 0.0763918 -5.9735 -0.89905 -0.0393087 0.436078 -15.1279
0.438564 -0.0742152 0.89563 242.228 -0.00120111 0.996535 0.0831647 -5.92718 -0.898699 -0.0375488 0.436955 -14.7699
0.440561 -0.0751516 0.894572 242.916 -0.00200973 0.996405 0.0846962 -5.88636 -0.897721 -0.0391117 0.438826 -14.4294
0.442844 -0.0648441 0.894251 243.662 -0.00861691 0.997027 0.0765639 -5.84183 -0.896558 -0.0416115 0.440969 -14.0502
0.443069 -0.0503332 0.895073 244.368 -0.013383 0.99794 0.0627425 -5.81275 -0.896388 -0.039778 0.441483 -13.6877
0.443437 -0.0412127 0.895357 245.072 -0.0147944 0.99847 0.0532861 -5.77749 -0.896183 -0.0368753 0.442149 -13.3348
0.44419 -0.043541 0.894874 245.804 -0.0138999 0.998363 0.0554759 -5.74216 -0.895825 -0.0370805 0.442858 -12.9642
0.442715 -0.0504172 0.895244 246.506 -0.0123037 0.997982 0.0622875 -5.70892 -0.896578 -0.0385903 0.441201 -12.6063
0.44407 -0.051749 0.894496 247.249 -0.0121627 0.997891 0.0637688 -5.68385 -0.89591 -0.0391973 0.442504 -12.231
0.446503 -0.0523015 0.893252 247.976 -0.00815625 0.998011 0.0625123 -5.65217 -0.894745 -0.0351975 0.445188 -11.8642
