1 0 -6.54836e-11 0 9.31323e-10 1 0 0 -1.81899e-10 0 1 0
1 -0.000547252 -0.000750314 -0.00231195 0.000548409 0.999999 0.00154008 -0.0396405 0.00074947 -0.00154049 0.999999 1.24666
0.999998 -0.00211467 -0.000350288 -0.0120243 0.0021154 0.999996 0.00209288 -0.0660643 0.000345861 -0.00209361 0.999998 2.57396
0.999995 -0.00315426 -0.00084992 -0.0297784 0.0031556 0.999994 0.00157723 -0.0979703 0.00084494 -0.0015799 0.999999 3.91268
0.999993 -0.00359417 -0.000325542 -0.031425 0.00359474 0.999992 0.00177649 -0.124168 0.000319155 -0.00177765 0.999998 5.19498
0.999991 -0.00418078 -0.00079633 -0.0405287 0.00418269 0.999988 0.00241339 -0.147404 0.00078623 -0.0024167 0.999997 6.5388
0.999987 -0.0050499 -0.00025715 -0.0464218 0.00505089 0.999979 0.00400999 -0.175156 0.000236895 -0.00401124 0.999992 7.86144
0.999985 -0.00547684 -0.000184974 -0.0526221 0.0054776 0.999976 0.0043548 -0.198141 0.000161119 -0.00435575 0.99999 9.17229
0.999991 -0.0042547 -0.000778109 -0.0606537 0.00425701 0.999987 0.00298884 -0.225045 0.000765382 -0.00299213 0.999995 10.518
0.999999 -0.00153871 -0.000723716 -0.0748512 0.00153932 0.999998 0.000850225 -0.247439 0.000722406 -0.000851338 0.999999 11.8193
0.999998 0.00185482 -0.00113375 -0.0841758 -0.00185482 0.999998 1.99443e-06 -0.280431 0.00113376 1.08965e-07 0.999999 13.1952
0.999989 0.00433104 -0.00158013 -0.111248 -0.00433129 0.999991 -0.000152663 -0.306699 0.00157946 0.000159505 0.999999 14.5184
0.999988 0.00489564 -0.000544071 -0.124666 -0.00489517 0.999988 0.000853015 -0.332458 0.00054824 -0.000850342 1 15.8619
0.999996 0.00277543 -0.000765819 -0.123694 -0.00277269 0.99999 0.00354964 -0.359793 0.000775663 -0.0035475 0.999993 17.2262
0.999999 -0.00145808 8.26358e-05 -0.130636 0.00145761 0.999985 0.00533932 -0.386098 -9.04199e-05 -0.00533919 0.999986 18.5759
0.999993 -0.00369287 -0.000836194 -0.130309 0.00369607 0.999986 0.00385647 -0.413541 0.00082194 -0.00385954 0.999992 19.9233
0.999988 -0.00489734 -0.000431359 -0.141772 0.00489796 0.999987 0.00145236 -0.434672 0.000424241 -0.00145446 0.999999 21.2654
0.999998 -0.00216766 -0.0003242 -0.14335 0.00216786 0.999997 0.000595285 -0.472015 0.000322909 -0.000595985 1 22.6304
1 -0.000135764 0.000313384 -0.151192 0.000135237 0.999999 0.00169151 -0.48896 -0.000313614 -0.00169146 0.999999 24.0128
0.999999 0.000163167 0.00176723 -0.150455 -0.000173084 0.999984 0.00561347 -0.509169 -0.00176629 -0.00561376 0.999983 25.3782
0.999997 -0.00194765 0.00170706 -0.164533 0.00193576 0.999974 0.00694163 -0.529723 -0.00172054 -0.0069383 0.999974 26.7523
0.999982 -0.00557362 0.00200978 -0.162416 0.00556082 0.999965 0.0063215 -0.559365 -0.00204495 -0.00631022 0.999978 28.1267
0.999981 -0.0060313 0.00162172 -0.159535 0.0060255 0.999976 0.00356254 -0.575074 -0.00164316 -0.0035527 0.999992 29.4865
0.99998 -0.0058211 0.00261941 -0.172143 0.00581661 0.999982 0.00171935 -0.608234 -0.00262937 -0.00170407 0.999995 30.8649
0.999991 -0.00328157 0.00272528 -0.167475 0.00328081 0.999995 0.000285605 -0.627457 -0.0027262 -0.000276661 0.999996 32.2453
0.999993 -0.00141977 0.00343057 -0.182638 0.00142368 0.999998 -0.00113655 -0.66359 -0.00342895 0.00114142 0.999994 33.6334
0.999993 -0.000241484 0.00384863 -0.18734 0.000246224 0.999999 -0.00123176 -0.691779 -0.00384833 0.0012327 0.999992 35.0169
0.999995 -0.00173857 0.00280578 -0.176635 0.00173703 0.999998 0.000552727 -0.724022 -0.00280673 -0.000547851 0.999996 36.4103
0.999995 0.000291189 0.00312483 -0.195403 -0.000297457 0.999998 0.00200557 -0.750985 -0.00312424 -0.00200649 0.999993 37.797
0.999993 0.00250356 0.00289024 -0.192785 -0.00250988 0.999994 0.00218629 -0.77792 -0.00288475 -0.00219353 0.999993 39.1715
0.999981 0.00521254 0.0032194 -0.192679 -0.00521931 0.999984 0.00209992 -0.806863 -0.00320841 -0.00211669 0.999993 40.5863
0.999967 0.00724232 0.00365055 -0.215607 -0.00725105 0.999971 0.00238545 -0.832293 -0.00363317 -0.00241184 0.999991 42.0006
0.99996 0.00856172 0.00264544 -0.208096 -0.00856863 0.99996 0.00261277 -0.860235 -0.00262296 -0.00263533 0.999993 43.4175
0.999968 0.00746392 0.00276798 -0.227084 -0.00747077 0.999969 0.00247012 -0.889424 -0.00274946 -0.00249072 0.999993 44.8137
0.999976 0.00679455 0.00163067 -0.218471 -0.00679801 0.999975 0.00213256 -0.916794 -0.00161614 -0.00214359 0.999996 46.2224
0.999978 0.00640985 0.00139669 -0.231909 -0.00641346 0.999976 0.00259562 -0.943266 -0.00138002 -0.00260452 0.999996 47.6349
0.999981 0.00621997 -0.000508832 -0.215972 -0.00621825 0.999975 0.00332994 -0.970296 0.000529532 -0.00332671 0.999994 49.0591
0.999972 0.00743814 -0.00115745 -0.238313 -0.00743398 0.999966 0.0035582 -0.99781 0.00118388 -0.00354949 0.999993 50.4602
0.999967 0.00777797 -0.00229652 -0.244948 -0.00776917 0.999963 0.00381224 -1.02398 0.00232608 -0.00379427 0.99999 51.9095
0.999965 0.00762449 -0.00342168 -0.253838 -0.00760822 0.99996 0.00474487 -1.04958 0.00345772 -0.00471868 0.999983 53.3107
0.999971 0.00618547 -0.00452203 -0.259994 -0.006159 0.999964 0.00584326 -1.07414 0.00455801 -0.00581524 0.999973 54.7676
0.99998 0.0040739 -0.00483006 -0.270279 -0.00404468 0.999974 0.00604367 -1.09707 0.00485455 -0.00602401 0.99997 56.1777
0.999985 0.00246366 -0.00497574 -0.292086 -0.00243608 0.999982 0.00554134 -1.12454 0.0049893 -0.00552913 0.999972 57.5849
0.999986 0.00101476 -0.00516801 -0.296767 -0.000984642 0.999983 0.00582605 -1.14844 0.00517383 -0.00582088 0.99997 59.0466
0.999992 0.000148856 -0.00409261 -0.321308 -0.00012219 0.999979 0.00651526 -1.17392 0.00409349 -0.0065147 0.99997 60.438
0.999991 -0.00203641 -0.00383836 -0.32942 0.00206451 0.999971 0.00732927 -1.19535 0.00382333 -0.00733713 0.999966 61.9059
0.999988 -0.0038113 -0.00318301 -0.337465 0.00383376 0.999968 0.00707803 -1.22058 0.00315593 -0.00709014 0.99997 63.3211
0.999984 -0.00466605 -0.00317737 -0.343452 0.00468594 0.999969 0.00628099 -1.24953 0.00314796 -0.00629578 0.999975 64.7481
0.999987 -0.00462517 -0.00231199 -0.357997 0.00463902 0.999971 0.00602097 -1.27643 0.00228407 -0.00603161 0.999979 66.1717
0.999996 -0.00225633 -0.00193433 -0.363391 0.0022675 0.999981 0.00579465 -1.30444 0.00192121 -0.00579901 0.999981 67.5672
1 0.000311506 -0.000871467 -0.382645 -0.000305251 0.999974 0.00716871 -1.32882 0.000873678 -0.00716844 0.999974 68.9857
0.999993 0.00367549 -0.00073723 -0.388823 -0.00366913 0.999958 0.00845575 -1.35197 0.000768277 -0.00845298 0.999964 70.4175
0.999971 0.00764873 0.000482163 -0.407983 -0.00765278 0.99993 0.00905319 -1.37753 -0.000412883 -0.00905662 0.999959 71.8649
0.999925 0.0121628 0.00154941 -0.430525 -0.012176 0.999887 0.00879157 -1.39749 -0.00144231 -0.00880978 0.99996 73.2381
0.999888 0.0149037 0.00165545 -0.42818 -0.0149165 0.999857 0.0080206 -1.42105 -0.00153567 -0.00804439 0.999967 74.6029
0.999853 0.0169482 0.0026295 -0.442679 -0.016969 0.999823 0.00807481 -1.4435 -0.00249218 -0.00811824 0.999964 76.0871
0.999857 0.0166735 0.00284679 -0.4493 -0.0166975 0.999824 0.00861402 -1.46491 -0.00270266 -0.00866033 0.999959 77.433
0.999874 0.0156199 0.0029341 -0.454144 -0.0156443 0.999842 0.00846361 -1.49042 -0.00280143 -0.00850844 0.99996 78.8274
0.999892 0.0144689 0.00265122 -0.455972 -0.0144884 0.999867 0.00747643 -1.5127 -0.00254269 -0.00751404 0.999969 80.2161
0.999899 0.0140529 0.00231841 -0.457203 -0.0140701 0.999872 0.00758444 -1.5374 -0.00221153 -0.00761629 0.999969 81.5829
0.999899 0.0140278 0.00211668 -0.462387 -0.0140442 0.99987 0.00797104 -1.56087 -0.00200458 -0.00799996 0.999966 83.0202
0.999901 0.0139679 0.00161882 -0.470069 -0.0139793 0.999876 0.00728361 -1.58889 -0.00151688 -0.00730552 0.999972 84.4104
0.999895 0.0144386 0.00105357 -0.475235 -0.0144463 0.999866 0.00773355 -1.60881 -0.000941771 -0.00774796 0.99997 85.7918
0.999907 0.0135984 -9.73684e-05 -0.488411 -0.0135971 0.999871 0.00852675 -1.63289 0.000213306 -0.00852464 0.999964 87.1456
0.999931 0.0116763 -0.000912732 -0.494692 -0.0116669 0.999885 0.00967398 -1.65483 0.00102558 -0.00966267 0.999953 88.4972
0.999951 0.00965426 -0.00225729 -0.505477 -0.00963016 0.999899 0.0104529 -1.67642 0.00235798 -0.0104307 0.999943 89.9355
0.999968 0.0074166 -0.00292699 -0.512899 -0.00738623 0.99992 0.0102525 -1.69671 0.00300279 -0.0102306 0.999943 91.3304
0.999973 0.00633079 -0.00369418 -0.521402 -0.00629357 0.99993 0.0100002 -1.71894 0.00375723 -0.00997671 0.999943 92.731
0.999979 0.00538567 -0.00367032 -0.531407 -0.00535004 0.999939 0.00964682 -1.74009 0.00372205 -0.00962698 0.999947 94.0386
0.999978 0.0054769 -0.00368371 -0.541516 -0.00544343 0.999944 0.00903616 -1.76179 0.00373299 -0.00901591 0.999952 95.5643
0.999979 0.00518631 -0.0038478 -0.553601 -0.00515359 0.999951 0.00846444 -1.78399 0.00389151 -0.00844443 0.999957 96.7737
0.999975 0.00627568 -0.00333314 -0.56333 -0.00624944 0.99995 0.00782252 -1.81026 0.00338207 -0.0078015 0.999964 98.2878
0.99996 0.00829874 -0.00321954 -0.577668 -0.00827222 0.999932 0.00816515 -1.8322 0.00328709 -0.00813819 0.999962 99.7291
0.99996 0.00847889 -0.00295119 -0.58932 -0.00845046 0.999919 0.00951654 -1.85431 0.00303164 -0.00949122 0.99995 101.008
0.999952 0.0093451 -0.00296987 -0.602396 -0.0093113 0.999894 0.0111989 -1.87317 0.00307421 -0.0111707 0.999933 102.321
0.999956 0.00902246 -0.00276909 -0.615204 -0.00899463 0.99991 0.00990311 -1.89554 0.00285819 -0.00987776 0.999947 103.584
0.999953 0.00936947 -0.00259532 -0.628565 -0.00935012 0.999929 0.00737371 -1.91661 0.00266422 -0.0073491 0.999969 105.013
0.999954 0.00922611 -0.00274273 -0.638019 -0.00920887 0.999938 0.00623488 -1.94007 0.00280008 -0.00620934 0.999977 106.409
0.999976 0.00648568 -0.00254417 -0.646104 -0.00646639 0.999951 0.00751802 -1.962 0.0025928 -0.00750138 0.999969 107.639
0.99999 0.00392639 -0.00192228 -0.656179 -0.00390755 0.999945 0.00970699 -1.97935 0.00196029 -0.00969938 0.999951 108.982
0.999998 0.00183398 -0.000965581 -0.668378 -0.00182372 0.999943 0.0105155 -2.00378 0.000984812 -0.0105137 0.999944 110.374
0.999999 0.00138512 2.73446e-05 -0.669612 -0.00138532 0.999956 0.00926703 -2.02208 -1.45076e-05 -0.00926706 0.999957 111.607
0.999994 0.00348222 0.000326558 -0.674684 -0.00348432 0.999972 0.00669152 -2.04313 -0.000303247 -0.00669261 0.999978 113.009
0.99998 0.00618753 0.00158949 -0.677422 -0.00619489 0.99997 0.00466806 -2.0701 -0.00156056 -0.00467781 0.999988 114.42
0.99995 0.00956623 0.00301977 -0.686941 -0.00958008 0.999944 0.00460455 -2.09225 -0.00297555 -0.00463325 0.999985 115.8
0.999933 0.0106604 0.0044108 -0.692054 -0.0106897 0.999921 0.00667412 -2.1129 -0.0043393 -0.00672082 0.999968 117.073
0.999937 0.00992798 0.00515888 -0.695128 -0.00997446 0.999909 0.00906346 -2.13091 -0.00506843 -0.00911435 0.999946 118.321
0.999938 0.00947051 0.00593403 -0.692748 -0.00952818 0.999907 0.00976667 -2.15364 -0.00584098 -0.00982261 0.999935 119.733
0.999925 0.009847 0.00735089 -0.693057 -0.00991323 0.99991 0.00902781 -2.17085 -0.00726133 -0.0091 0.999932 121.094
0.9999 0.0111894 0.00870683 -0.691272 -0.0112666 0.999897 0.00886701 -2.18797 -0.00860672 -0.00896421 0.999923 122.399
0.999863 0.0132664 0.00987736 -0.68879 -0.0133492 0.999876 0.00836653 -2.20694 -0.00976514 -0.00849724 0.999916 123.79
0.999831 0.0146716 0.0110372 -0.68037 -0.0147526 0.999865 0.00729636 -2.22867 -0.0109287 -0.00745796 0.999913 125.06
0.999804 0.0155036 0.0122853 -0.676217 -0.0155861 0.999856 0.00664759 -2.24754 -0.0121805 -0.00683777 0.999902 126.32
0.999812 0.0142269 0.013161 -0.666823 -0.0143146 0.999876 0.00659152 -2.26801 -0.0130656 -0.00677868 0.999892 127.767
0.999802 0.0141457 0.0139877 -0.654162 -0.0142519 0.99987 0.00752516 -2.29132 -0.0138795 -0.00772302 0.999874 129.043
0.999816 0.0123148 0.0147147 -0.640551 -0.012445 0.999884 0.00879462 -2.3082 -0.0146047 -0.00897613 0.999853 130.417
0.999819 0.0114365 0.01523 -0.627941 -0.0115723 0.999894 0.00885966 -2.33081 -0.0151271 -0.0090343 0.999845 131.798
0.999835 0.00979022 0.0152737 -0.61362 -0.00993122 0.999909 0.00918298 -2.35038 -0.0151824 -0.00933315 0.999841 133.092
0.999857 0.00744368 0.0151625 -0.596627 -0.00759516 0.999922 0.00995755 -2.36625 -0.0150872 -0.0100713 0.999835 134.422
0.999876 0.00603771 0.0145709 -0.583407 -0.00618168 0.999932 0.0098558 -2.38596 -0.0145104 -0.00994465 0.999845 135.736
0.999896 0.00502461 0.0134975 -0.568805 -0.00515676 0.999939 0.00977393 -2.40359 -0.0134476 -0.00984252 0.999861 137.136
0.999916 0.00338729 0.0125493 -0.554781 -0.00352081 0.999937 0.0106332 -2.42222 -0.0125125 -0.0106765 0.999865 138.441
0.999933 0.00174025 0.0114246 -0.539948 -0.00186487 0.999939 0.0109068 -2.43837 -0.0114049 -0.0109274 0.999875 139.806
0.99995 0.000777713 0.0100145 -0.529461 -0.000887939 0.999939 0.0110069 -2.45587 -0.0100053 -0.0110152 0.999889 141.144
0.999959 0.00141584 0.00895666 -0.522138 -0.001511 0.999942 0.010626 -2.47519 -0.00894109 -0.0106391 0.999903 142.527
0.999969 0.00058585 0.00782294 -0.517217 -0.000665179 0.999948 0.0101418 -2.48796 -0.0078166 -0.0101467 0.999918 143.844
0.999976 -0.000715814 0.00682895 -0.507024 0.000662993 0.99997 0.00773425 -2.51133 -0.00683428 -0.00772953 0.999947 145.211
0.999963 -0.00602656 0.00619849 -0.500947 0.00598267 0.999957 0.00707496 -2.53428 -0.00624086 -0.00703761 0.999956 146.562
0.999889 -0.013983 0.00508994 -0.482894 0.0139322 0.999854 0.00989139 -2.54935 -0.00522751 -0.00981938 0.999938 147.909
0.999749 -0.0221682 0.00333503 -0.461755 0.022129 0.999691 0.0113438 -2.56563 -0.00358547 -0.0112672 0.99993 149.25
0.999688 -0.0249105 0.00205785 -0.457116 0.0248921 0.999654 0.00853051 -2.58599 -0.00226964 -0.00847662 0.999962 150.582
0.999714 -0.0237582 0.0027411 -0.458051 0.0237443 0.999706 0.00499516 -2.60997 -0.00285897 -0.00492864 0.999984 151.95
0.999782 -0.0205604 0.00372566 -0.455387 0.0205504 0.999785 0.0026877 -2.63245 -0.00378012 -0.00261055 0.999989 153.309
0.999798 -0.019538 0.00463995 -0.451787 0.0195255 0.999806 0.00272923 -2.6623 -0.00469237 -0.00263808 0.999986 154.615
0.999718 -0.0232246 0.00500994 -0.449677 0.023195 0.999714 0.00587321 -2.68338 -0.0051449 -0.00575535 0.99997 156
0.999557 -0.0291769 0.00587008 -0.439118 0.0291225 0.999534 0.00914289 -2.7082 -0.0061341 -0.00896789 0.999941 157.336
0.999449 -0.0327522 0.00543616 -0.424127 0.0326952 0.999413 0.010261 -2.727 -0.00576904 -0.0100776 0.999933 158.686
0.999373 -0.03496 0.00564282 -0.413096 0.0348977 0.999333 0.0107925 -2.74236 -0.00601636 -0.0105888 0.999926 160.014
0.999446 -0.0327018 0.00620055 -0.404987 0.0326316 0.999406 0.0110946 -2.75974 -0.00655968 -0.0108861 0.999919 161.359
0.999533 -0.0295323 0.00790781 -0.413776 0.0294488 0.999511 0.0104829 -2.77661 -0.00821352 -0.0102451 0.999914 162.738
0.999662 -0.0245031 0.00867363 -0.409439 0.0244321 0.999668 0.00819899 -2.79716 -0.00887165 -0.0079843 0.999929 164.125
0.999715 -0.0218992 0.009557 -0.415066 0.0218282 0.999734 0.00746609 -2.81557 -0.00971796 -0.00725535 0.999927 165.476
0.999742 -0.0205841 0.00964027 -0.404178 0.0204992 0.999751 0.00882705 -2.8335 -0.00981956 -0.00862715 0.999915 166.812
0.999767 -0.019415 0.00941444 -0.401081 0.0193338 0.999776 0.0086456 -2.85257 -0.00958018 -0.00846156 0.999918 168.169
0.999817 -0.0167015 0.00933159 -0.401619 0.0166423 0.999841 0.00638217 -2.87397 -0.0094367 -0.0062257 0.999936 169.586
0.999886 -0.0123192 0.00874054 -0.396802 0.0122888 0.999918 0.0035271 -2.89959 -0.00878328 -0.00341929 0.999956 170.985
0.999939 -0.0069717 0.00852254 -0.403149 0.00695333 0.999973 0.00218309 -2.92457 -0.00853753 -0.0021237 0.999961 172.341
0.999956 -0.00276308 0.00894453 -0.405847 0.00273401 0.999991 0.00326077 -2.9493 -0.00895346 -0.00323617 0.999955 173.697
0.999956 -0.000101122 0.00936491 -0.401354 5.12041e-05 0.999986 0.00533052 -2.97134 -0.00936532 -0.00532981 0.999942 175.113
0.999955 0.000751174 0.00945283 -0.396681 -0.000821787 0.999972 0.00746854 -2.99477 -0.00944696 -0.00747597 0.999927 176.483
0.999961 -0.00153498 0.00868235 -0.390177 0.00145948 0.999961 0.00869577 -3.01216 -0.00869536 -0.00868276 0.999924 177.851
0.999963 -0.00450324 0.00736818 -0.381953 0.00443821 0.999951 0.0088191 -3.02877 -0.00740754 -0.00878607 0.999934 179.23
0.999975 -0.0047176 0.00518077 -0.382953 0.00469114 0.999976 0.00510738 -3.05306 -0.00520474 -0.00508295 0.999974 180.695
0.999991 -0.00164793 0.00389288 -0.385682 0.00164422 0.999998 0.00095599 -3.08098 -0.00389445 -0.000949581 0.999992 182.146
0.999992 0.00196575 0.00336011 -0.395264 -0.00196471 0.999998 -0.00031249 -3.10391 -0.00336072 0.000305887 0.999994 183.536
0.999974 0.00641682 0.00317748 -0.400074 -0.0064194 0.999979 0.000804102 -3.13496 -0.00317226 -0.000824479 0.999995 184.909
0.999961 0.00823802 0.00311776 -0.404662 -0.00825034 0.999958 0.00396146 -3.16128 -0.00308499 -0.00398703 0.999987 186.358
0.99996 0.00816172 0.00357751 -0.40775 -0.00818518 0.999945 0.00659001 -3.18326 -0.00352353 -0.00661903 0.999972 187.776
0.999964 0.00763271 0.0037752 -0.415222 -0.00766043 0.999943 0.00738401 -3.20533 -0.00371862 -0.00741266 0.999966 189.214
0.999974 0.00613522 0.00381483 -0.412163 -0.00616665 0.999947 0.00828024 -3.2226 -0.00376382 -0.00830355 0.999959 190.633
0.999987 0.00344213 0.00379051 -0.413159 -0.00347481 0.999957 0.0086509 -3.24641 -0.00376057 -0.00866395 0.999955 192.051
0.999991 0.00121652 0.00415255 -0.408216 -0.00125383 0.999959 0.00899546 -3.26646 -0.00414143 -0.00900058 0.999951 193.531
0.999986 -0.0023675 0.00470104 -0.404841 0.00232083 0.999948 0.0099096 -3.28083 -0.00472426 -0.00989856 0.99994 194.807
0.999967 -0.00656733 0.00479084 -0.389617 0.00651242 0.999914 0.0113885 -3.29735 -0.00486522 -0.0113569 0.999924 196.231
0.999931 -0.0106466 0.00500574 -0.384531 0.010587 0.999875 0.0117879 -3.31295 -0.00513061 -0.0117341 0.999918 197.726
0.99995 -0.00830609 0.0056504 -0.384697 0.00826355 0.999938 0.00751173 -3.32967 -0.00571244 -0.00746466 0.999956 199.079
0.999981 -0.000742057 0.00605412 -0.390568 0.00072794 0.999997 0.00233361 -3.35826 -0.00605583 -0.00232916 0.999979 200.527
0.999929 0.00945817 0.0072673 -0.399014 -0.00947146 0.999954 0.00179638 -3.38239 -0.00724997 -0.00186508 0.999972 201.98
0.999837 0.0159703 0.0084238 -0.413133 -0.0160164 0.999857 0.00543742 -3.40303 -0.00833575 -0.00557145 0.99995 203.411
0.999791 0.0182803 0.00919664 -0.403946 -0.0183528 0.999801 0.00786275 -3.42627 -0.00905107 -0.00802988 0.999927 204.844
0.99983 0.0161228 0.0089827 -0.402824 -0.0161964 0.999835 0.00817716 -3.44279 -0.00884938 -0.00832126 0.999926 206.307
0.999884 0.0131514 0.00763247 -0.388409 -0.013217 0.999876 0.00860566 -3.46385 -0.00751835 -0.00870554 0.999934 207.752
0.999917 0.0111967 0.00641953 -0.379736 -0.0112477 0.999905 0.007971 -3.48872 -0.00632967 -0.00804254 0.999948 209.199
0.999912 0.0118494 0.00600877 -0.377981 -0.0118935 0.999902 0.00736251 -3.50711 -0.00592094 -0.00743332 0.999955 210.704
0.999898 0.012921 0.0060134 -0.373572 -0.0129673 0.999886 0.00773154 -3.52838 -0.00591281 -0.00780873 0.999952 212.155
0.999886 0.0138936 0.00590658 -0.378453 -0.0139445 0.999865 0.00867101 -3.54724 -0.00578532 -0.00875238 0.999945 213.585
0.999894 0.013324 0.00580106 -0.378127 -0.0133734 0.999874 0.00856785 -3.56748 -0.00568617 -0.00864453 0.999947 215.07
0.999897 0.0133087 0.00538813 -0.373659 -0.0133482 0.999884 0.00735993 -3.58916 -0.00528955 -0.00743109 0.999958 216.517
0.999905 0.0128444 0.00510087 -0.372234 -0.0128806 0.999892 0.00713144 -3.60985 -0.00500872 -0.00719647 0.999962 218.025
0.999906 0.0129551 0.00460025 -0.371152 -0.0129876 0.999891 0.00709599 -3.62946 -0.00450782 -0.00715506 0.999964 219.47
0.999902 0.0133363 0.00423113 -0.373145 -0.0133653 0.999887 0.00690185 -3.65436 -0.0041386 -0.00695773 0.999967 220.966
0.999899 0.0136954 0.00385318 -0.369084 -0.0137204 0.999884 0.00655522 -3.67807 -0.00376296 -0.00660742 0.999971 222.463
0.999886 0.014614 0.0037599 -0.369494 -0.0146388 0.999871 0.00664696 -3.69746 -0.00366228 -0.00670124 0.999971 223.945
0.999893 0.0142755 0.00317418 -0.374103 -0.0142957 0.999877 0.00643351 -3.72129 -0.00308195 -0.0064782 0.999974 225.423
0.999882 0.0151249 0.00267914 -0.378728 -0.015142 0.999864 0.00650028 -3.74358 -0.00258046 -0.00654008 0.999975 226.969
0.999899 0.0139672 0.00282872 -0.385323 -0.0139854 0.999881 0.00651691 -3.7677 -0.00273736 -0.00655581 0.999975 228.438
0.999908 0.0133151 0.00273853 -0.384192 -0.0133319 0.999892 0.0062054 -3.7918 -0.00265561 -0.00624134 0.999977 229.967
0.999921 0.0122188 0.00297239 -0.386086 -0.0122384 0.999903 0.00669502 -3.81239 -0.00289029 -0.00673087 0.999973 231.355
0.999941 0.0103258 0.00325739 -0.385927 -0.01035 0.999918 0.00749455 -3.83621 -0.00317973 -0.00752783 0.999967 232.882
0.999945 0.0100604 0.00302353 -0.387155 -0.0100835 0.999919 0.00773468 -3.8589 -0.00294547 -0.00776474 0.999966 234.471
0.999938 0.0106392 0.00314217 -0.38909 -0.0106624 0.999915 0.00747389 -3.88349 -0.00306239 -0.00750693 0.999967 235.927
0.99992 0.0120798 0.00372058 -0.387261 -0.0121053 0.999903 0.00689853 -3.90639 -0.00363689 -0.00694302 0.999969 237.436
0.999906 0.0130779 0.00413255 -0.395554 -0.0131091 0.999885 0.00761114 -3.92973 -0.00403253 -0.0076646 0.999963 238.976
0.999908 0.0127651 0.00456301 -0.395236 -0.012809 0.999871 0.00973223 -3.94519 -0.00443819 -0.00978978 0.999942 240.499
0.999908 0.0124847 0.00529682 -0.394105 -0.0125388 0.999868 0.0103063 -3.96614 -0.00516745 -0.0103718 0.999933 241.964
0.999893 0.0135066 0.00559343 -0.388135 -0.0135551 0.99987 0.00873747 -3.98821 -0.00547469 -0.00881236 0.999946 243.471
0.999885 0.013572 0.00678163 -0.391007 -0.0136222 0.99988 0.00741562 -4.00943 -0.00668017 -0.00750715 0.99995 245.037
0.999873 0.014511 0.00657764 -0.389503 -0.0145619 0.999864 0.00775274 -4.02683 -0.00646424 -0.00784754 0.999948 246.535
0.999881 0.013929 0.00664613 -0.387011 -0.0139883 0.999862 0.00896134 -4.04942 -0.00652039 -0.00905324 0.999938 247.999
0.99988 0.0141356 0.00637457 -0.382448 -0.0141966 0.999853 0.00963406 -4.07135 -0.00623745 -0.0097234 0.999933 249.527
0.999874 0.0144607 0.00663223 -0.385739 -0.014525 0.999847 0.00974665 -4.08942 -0.00649027 -0.00984175 0.999931 251.05
0.999845 0.0162663 0.00667144 -0.37643 -0.0163324 0.999817 0.00997185 -4.10819 -0.00650801 -0.0100793 0.999928 252.592
0.999835 0.0168245 0.00683334 -0.375544 -0.0168933 0.999806 0.0101423 -4.12687 -0.00666137 -0.0102561 0.999925 254.109
0.99982 0.0176623 0.00695457 -0.372893 -0.0177328 0.999791 0.0102151 -4.14292 -0.00677269 -0.0103366 0.999924 255.656
0.999853 0.0158273 0.00662159 -0.37263 -0.0158973 0.999817 0.0106414 -4.16306 -0.00645195 -0.0107451 0.999922 257.205
0.999877 0.0142476 0.0065456 -0.365413 -0.0143224 0.999831 0.0115228 -4.17677 -0.00638032 -0.0116152 0.999912 258.732
0.999919 0.0107712 0.0067055 -0.358682 -0.0108545 0.999863 0.0125091 -4.1962 -0.00656985 -0.0125809 0.999899 260.333
0.999935 0.00937224 0.00653299 -0.358928 -0.00944777 0.999888 0.0116274 -4.21048 -0.00642328 -0.0116884 0.999911 261.854
0.999932 0.0093797 0.00688915 -0.337226 -0.00945361 0.999897 0.0107752 -4.23156 -0.00678737 -0.0108396 0.999918 263.382
0.999953 0.00696941 0.00670657 -0.339807 -0.00705339 0.999896 0.012581 -4.24983 -0.00661819 -0.0126277 0.999898 264.955
0.999964 0.00393665 0.00752204 -0.324266 -0.00404573 0.999886 0.0145418 -4.25719 -0.00746394 -0.0145717 0.999866 266.546
0.999964 0.00280629 0.00801313 -0.308502 -0.00291626 0.999901 0.0137459 -4.27713 -0.00797377 -0.0137687 0.999873 268.03
0.999963 0.00239105 0.00829923 -0.300362 -0.00249585 0.999917 0.0126404 -4.29238 -0.00826832 -0.0126606 0.999886 269.595
0.999951 0.00313835 0.00936824 -0.285753 -0.00325772 0.999913 0.0127536 -4.306 -0.0093274 -0.0127835 0.999875 271.156
0.999932 0.00473967 0.0106305 -0.281965 -0.0048728 0.99991 0.0125329 -4.32378 -0.0105701 -0.0125839 0.999865 272.708
0.999909 0.00641066 0.011899 -0.271791 -0.00655717 0.999903 0.0123148 -4.33763 -0.0118189 -0.0123917 0.999853 274.233
0.999889 0.00775518 0.0127539 -0.254123 -0.00791243 0.999893 0.0123264 -4.35502 -0.0126569 -0.012426 0.999843 275.814
0.999879 0.00726374 0.0137888 -0.243208 -0.00742882 0.999901 0.011959 -4.37051 -0.0137005 -0.01206 0.999833 277.351
0.99986 0.00806866 0.014654 -0.237563 -0.00823681 0.999901 0.0114504 -4.38832 -0.0145601 -0.0115695 0.999827 278.89
0.99985 0.00750777 0.0156319 -0.201592 -0.007678 0.999912 0.0108589 -4.41013 -0.015549 -0.0109773 0.999819 280.434
0.999832 0.00753946 0.0166851 -0.18796 -0.00772743 0.999907 0.01123 -4.426 -0.0165989 -0.0113571 0.999798 281.993
0.999829 0.00581071 0.0175408 -0.154317 -0.00602761 0.999906 0.0123381 -4.44409 -0.0174675 -0.0124418 0.99977 283.582
0.999835 0.00464992 0.0175777 -0.146807 -0.00487333 0.999908 0.0126882 -4.46181 -0.0175171 -0.0127717 0.999765 285.087
0.999829 0.00376322 0.0181262 -0.103378 -0.00394997 0.999939 0.0102782 -4.48319 -0.0180864 -0.010348 0.999783 286.755
0.999836 0.00419886 0.0176083 -0.0776132 -0.00434156 0.999958 0.00807373 -4.5021 -0.0175737 -0.00814885 0.999812 288.22
0.999839 0.00355157 0.0176165 -0.0529563 -0.00369641 0.99996 0.00819579 -4.52105 -0.0175867 -0.00825958 0.999811 289.818
0.999854 0.00217052 0.0169215 -0.0160892 -0.00231411 0.999961 0.0084712 -4.54302 -0.0169024 -0.00850913 0.999821 291.391
0.999877 0.00199464 0.0155522 -0.000781266 -0.00211722 0.999967 0.00786925 -4.56219 -0.0155359 -0.00790121 0.999848 292.961
0.999876 0.0029125 0.0154628 0.0182903 -0.00302752 0.999968 0.00742018 -4.58981 -0.0154407 -0.00746608 0.999853 294.56
0.999885 0.00277554 0.0148794 0.0560136 -0.00289455 0.999964 0.00798305 -4.60679 -0.0148568 -0.00802521 0.999857 296.094
0.999896 0.00245008 0.0142223 0.0620337 -0.00256604 0.999964 0.00814053 -4.63038 -0.0142019 -0.00817617 0.999866 297.677
0.999907 0.00276034 0.0133521 0.0844526 -0.00288272 0.999954 0.00915503 -4.65355 -0.0133262 -0.00919267 0.999869 299.327
0.999917 0.00310797 0.0124774 0.109533 -0.0032457 0.999934 0.0110327 -4.66705 -0.0124423 -0.0110723 0.999861 300.844
0.999901 0.00388356 0.0135316 0.13322 -0.00402999 0.999933 0.0108107 -4.6884 -0.0134887 -0.0108641 0.99985 302.446
0.999883 0.00429514 0.0147093 0.139847 -0.00445514 0.999931 0.0108619 -4.70001 -0.0146617 -0.0109261 0.999833 304.002
0.999877 0.00360877 0.0152353 0.156627 -0.00376943 0.999937 0.0105302 -4.7193 -0.0151964 -0.0105864 0.999829 305.601
0.999882 0.00106315 0.0153363 0.172784 -0.00121121 0.999953 0.00964785 -4.73431 -0.0153253 -0.00966528 0.999836 307.238
0.999873 -0.000107739 0.0159319 0.21678 -1.04913e-05 0.999972 0.00742068 -4.76044 -0.0159322 -0.0074199 0.999846 308.83
0.999874 -0.001048 0.0158416 0.207096 0.000944524 0.999978 0.00653795 -4.77703 -0.0158481 -0.00652217 0.999853 310.513
0.999902 0.000409665 0.0139813 0.223721 -0.000491835 0.999983 0.00587424 -4.80373 -0.0139787 -0.00588054 0.999885 312.033
0.999933 0.0018224 0.0114073 0.234294 -0.00189412 0.999979 0.00628003 -4.83087 -0.0113956 -0.00630122 0.999915 313.674
0.999938 0.00278979 0.010737 0.261014 -0.00289166 0.999951 0.00948501 -4.84952 -0.01071 -0.00951547 0.999897 315.331
0.999934 0.00145163 0.0114314 0.268651 -0.00159815 0.999917 0.0128184 -4.86673 -0.0114119 -0.0128358 0.999853 316.925
0.999944 0.000303649 0.0106037 0.28379 -0.000451608 0.999903 0.0139539 -4.88225 -0.0105985 -0.0139579 0.999846 318.639
0.999935 -0.000664299 0.0113882 0.293657 0.000523221 0.999923 0.0123867 -4.89956 -0.0113956 -0.0123799 0.999858 320.219
0.999928 -0.00131109 0.0119193 0.297909 0.00116365 0.999923 0.0123683 -4.91097 -0.0119346 -0.0123536 0.999852 321.882
0.999929 -0.00152006 0.0118572 0.312816 0.00136841 0.999917 0.0127879 -4.9287 -0.0118757 -0.0127708 0.999848 323.492
0.999936 -0.00138806 0.0112374 0.315772 0.00124183 0.999915 0.0130093 -4.94938 -0.0112545 -0.0129946 0.999852 325.141
0.999923 -5.2941e-05 0.0123967 0.318247 -9.74685e-05 0.999926 0.0121323 -4.96365 -0.0123964 -0.0121326 0.99985 326.776
0.999904 0.000583174 0.0138513 0.338584 -0.00074132 0.999935 0.0114151 -4.98472 -0.0138438 -0.0114243 0.999839 328.425
0.999915 -0.00053685 0.0129979 0.318711 0.000366149 0.999914 0.0131319 -5.00043 -0.0130038 -0.013126 0.999829 330.032
0.999903 -0.0016999 0.0138516 0.360069 0.0015032 0.999898 0.0141989 -5.01986 -0.0138743 -0.0141767 0.999803 331.655
0.999929 -0.00170543 0.0118094 0.372557 0.00155046 0.999913 0.0131189 -5.03707 -0.0118308 -0.0130997 0.999844 333.312
0.999908 -0.00131371 0.0135315 0.392946 0.00113475 0.999912 0.0132248 -5.05992 -0.0135476 -0.0132082 0.999821 334.927
0.999919 -0.000172196 0.0127602 0.387482 2.93804e-05 0.999937 0.0111915 -5.06692 -0.0127614 -0.0111903 0.999856 336.544
0.999915 0.00321502 0.0126262 0.404759 -0.00332394 0.999957 0.00861503 -5.09759 -0.0125979 -0.00865627 0.999883 338.165
0.999923 0.00380225 0.0118176 0.41029 -0.00391275 0.999949 0.00934162 -5.11402 -0.0117815 -0.00938714 0.999887 339.729
0.999932 0.00461226 0.0107417 0.437206 -0.00474209 0.999916 0.0120932 -5.14093 -0.010685 -0.0121433 0.999869 341.37
0.999929 0.00500593 0.010857 0.432355 -0.0051704 0.999872 0.0151746 -5.1493 -0.0107797 -0.0152296 0.999826 342.955
0.99994 0.00621705 0.00905495 0.438183 -0.00634651 0.999877 0.0143395 -5.16777 -0.00896469 -0.0143961 0.999856 344.569
0.999954 0.00628477 0.00726807 0.422522 -0.00637603 0.9999 0.0126011 -5.18493 -0.00718815 -0.0126469 0.999894 346.193
0.999977 0.00453235 0.00512997 0.43131 -0.00460284 0.999894 0.0138131 -5.20006 -0.00506682 -0.0138364 0.999892 347.793
0.999989 0.00273862 0.00372401 0.436474 -0.00279374 0.999885 0.0148791 -5.21963 -0.00368284 -0.0148893 0.999882 349.37
0.999987 0.00240784 0.004461 0.426174 -0.00246991 0.9999 0.0139618 -5.23522 -0.00442693 -0.0139726 0.999893 351.014
0.99999 0.00201833 0.00403146 0.423091 -0.00207041 0.999914 0.0129545 -5.25489 -0.00400496 -0.0129627 0.999908 352.607
0.99999 0.00187581 0.00399461 0.424129 -0.00192802 0.999912 0.0131057 -5.26559 -0.00396967 -0.0131133 0.999906 354.182
0.999988 0.00129352 0.00478913 0.40077 -0.00135511 0.999916 0.0128794 -5.28662 -0.00477206 -0.0128858 0.999906 355.775
0.999991 0.000320341 0.00430688 0.39725 -0.000374276 0.999921 0.0125284 -5.30489 -0.00430253 -0.0125299 0.999912 357.34
0.999987 0.000225855 0.0051027 0.39958 -0.000286126 0.99993 0.0118145 -5.3237 -0.00509968 -0.0118158 0.999917 358.996
0.999986 -0.000466507 0.00535478 0.392204 0.000402126 0.999928 0.0120182 -5.34187 -0.00536 -0.0120158 0.999913 360.513
0.999987 -8.44914e-05 0.00517897 0.392543 2.68444e-05 0.999938 0.0111301 -5.35813 -0.00517959 -0.0111298 0.999925 362.18
0.999982 -0.00134509 0.00578842 0.374747 0.00128607 0.999947 0.0101878 -5.37995 -0.00580182 -0.0101802 0.999931 363.743
0.999981 -0.00324877 0.00526799 0.392404 0.00318858 0.99993 0.011393 -5.3936 -0.00530463 -0.011376 0.999921 365.273
0.999963 -0.00511272 0.00696295 0.378745 0.00502221 0.999904 0.0129553 -5.41371 -0.00702852 -0.0129198 0.999892 366.911
0.999967 -0.00524775 0.00618872 0.3962 0.00517324 0.999915 0.0119953 -5.4308 -0.00625114 -0.0119629 0.999909 368.453
0.999969 -0.00385791 0.00690544 0.391007 0.00377978 0.999929 0.0112915 -5.4466 -0.00694851 -0.011265 0.999912 370.088
0.999973 -0.00243298 0.0069273 0.391549 0.00234788 0.999922 0.0122656 -5.46111 -0.0069566 -0.012249 0.999901 371.699
0.999966 -0.00128166 0.00820536 0.399239 0.00117526 0.999915 0.012959 -5.4777 -0.00822128 -0.0129489 0.999882 373.257
0.999967 -0.00119575 0.00798796 0.396433 0.00109134 0.999914 0.0130617 -5.49259 -0.0080029 -0.0130526 0.999883 374.853
0.999964 -0.000638927 0.00843867 0.406098 0.000537145 0.999927 0.0120583 -5.51243 -0.00844576 -0.0120534 0.999892 376.475
0.999957 -0.000854192 0.00926766 0.384606 0.000743905 0.999929 0.0118972 -5.52578 -0.00927716 -0.0118898 0.999886 378.133
0.999948 -0.000575928 0.0101828 0.391603 0.000452961 0.999927 0.012074 -5.53951 -0.0101891 -0.0120688 0.999875 379.678
0.99994 0.000893521 0.0109394 0.403123 -0.00102363 0.999929 0.0118941 -5.55943 -0.010928 -0.0119046 0.999869 381.321
0.999937 0.00181565 0.0110982 0.441346 -0.00195718 0.999917 0.0127554 -5.57381 -0.0110741 -0.0127763 0.999857 382.895
0.999926 0.00259618 0.0118548 0.438271 -0.00274398 0.999919 0.0124683 -5.5916 -0.0118214 -0.0124999 0.999852 384.474
0.999902 0.00385905 0.0134785 0.453037 -0.00401638 0.999924 0.0116652 -5.61067 -0.0134324 -0.0117182 0.999841 386.121
0.999916 0.00471122 0.0120855 0.453368 -0.00485614 0.999916 0.0119898 -5.6253 -0.012028 -0.0120475 0.999855 387.733
0.999897 0.00547962 0.0132633 0.45886 -0.00564935 0.999902 0.0127937 -5.64011 -0.0131919 -0.0128673 0.99983 389.39
0.999889 0.0072219 0.0129993 0.476675 -0.00739522 0.999884 0.0133347 -5.65826 -0.0129014 -0.0134293 0.999827 391.051
0.999864 0.00800342 0.014415 0.487463 -0.00818737 0.999885 0.0127478 -5.67097 -0.0143113 -0.0128641 0.999815 392.597
0.999865 0.00794532 0.0144038 0.499137 -0.00813473 0.999881 0.0131394 -5.68933 -0.0142977 -0.0132548 0.99981 394.228
