1 9.31323e-10 -3.63798e-12 0 -9.31323e-10 1 -4.65661e-10 7.45058e-09 -1.81899e-11 -9.31323e-10 1 0
0.999997 -0.00221656 -0.0012978 0.00554523 0.00222 0.999994 0.00265342 -0.0304789 0.00129191 -0.00265629 0.999996 1.52898
0.999992 -0.00299979 -0.00281461 0.00567861 0.0030097 0.999989 0.00352338 -0.0601431 0.00280401 -0.00353183 0.99999 3.05241
0.999989 -0.00211773 -0.00419064 0.00330033 0.00213082 0.999993 0.00312181 -0.0884157 0.004184 -0.00313071 0.999986 4.56632
0.999983 -0.00151009 -0.00562582 -0.0065913 0.00152791 0.999994 0.00316454 -0.110778 0.005621 -0.00317308 0.999979 6.07942
0.999975 -0.00160772 -0.00690643 -0.0183454 0.0016327 0.999992 0.0036123 -0.131536 0.00690057 -0.00362349 0.99997 7.6153
0.999963 -0.0017179 -0.0084956 -0.0315996 0.00175011 0.999991 0.00378507 -0.153104 0.00848903 -0.00379979 0.999957 9.09912
0.999941 -0.00351042 -0.0102671 -0.0446623 0.0035407 0.99999 0.00293178 -0.174569 0.0102567 -0.00296797 0.999943 10.5993
0.999922 -0.00468382 -0.01162 -0.0617616 0.0047215 0.999984 0.00321723 -0.189295 0.0116048 -0.00327184 0.999928 12.0942
0.999906 -0.00471686 -0.0128934 -0.0817459 0.00476007 0.999983 0.00332267 -0.206118 0.0128775 -0.00338373 0.999912 13.5874
0.999893 -0.00419206 -0.0140642 -0.107551 0.004234 0.999987 0.00295351 -0.225313 0.0140516 -0.00301275 0.999897 15.0759
0.999891 -0.00258283 -0.0145469 -0.138101 0.00263523 0.99999 0.00358411 -0.249733 0.0145375 -0.00362205 0.999888 16.5604
0.999887 -0.0010089 -0.014997 -0.1725 0.00107348 0.99999 0.00429861 -0.2729 0.0149925 -0.00431422 0.999879 18.0428
0.999879 2.36277e-05 -0.0155774 -0.20559 5.5965e-05 0.999987 0.00510894 -0.296456 0.0155773 -0.00510919 0.999866 19.5164
0.999872 2.84612e-05 -0.0160212 -0.238437 5.66207e-05 0.999986 0.00531004 -0.314062 0.0160211 -0.00531027 0.999858 20.9897
0.999863 0.00049727 -0.0165309 -0.267645 -0.000407944 0.999986 0.00540656 -0.328908 0.0165333 -0.00539908 0.999849 22.4516
0.999862 0.00117923 -0.0165779 -0.297603 -0.00108028 0.999982 0.00597699 -0.342486 0.0165847 -0.00595826 0.999845 23.9087
0.999861 0.00211372 -0.0165575 -0.328542 -0.00199606 0.999973 0.0071196 -0.35773 0.0165721 -0.00708556 0.999838 25.361
0.999861 0.00244494 -0.0165073 -0.358316 -0.0023414 0.999977 0.00628916 -0.371433 0.0165223 -0.00624964 0.999844 26.802
0.999861 0.00284057 -0.0164498 -0.388162 -0.00278111 0.999989 0.00363626 -0.391765 0.01646 -0.00359001 0.999858 28.2351
0.999869 0.00124573 -0.0161701 -0.415786 -0.00118822 0.999993 0.00356536 -0.414269 0.0161745 -0.00354568 0.999863 29.6606
0.999873 0.000289893 -0.0159163 -0.443022 -0.000189355 0.99998 0.00631769 -0.436725 0.0159178 -0.00631388 0.999854 31.082
0.999875 -0.00137717 -0.0157624 -0.468222 0.00150206 0.999968 0.00791437 -0.455776 0.015751 -0.00793706 0.999845 32.4934
0.999877 -0.0023602 -0.0155328 -0.494233 0.0024712 0.999972 0.007131 -0.469768 0.0155156 -0.00716851 0.999854 33.8879
0.999883 -0.00225962 -0.0151388 -0.523724 0.00234201 0.999983 0.00542655 -0.486627 0.0151263 -0.00546138 0.999871 35.272
0.999894 -0.00146257 -0.014522 -0.555781 0.00152481 0.99999 0.00427534 -0.504976 0.0145156 -0.00429704 0.999886 36.6397
0.999907 -0.000766963 -0.0136408 -0.584308 0.000818213 0.999993 0.0037516 -0.526124 0.0136379 -0.00376242 0.9999 37.9959
0.999922 -0.000210598 -0.0125182 -0.612409 0.000266098 0.99999 0.00443185 -0.547264 0.0125172 -0.00443483 0.999912 39.3301
0.99994 0.000442655 -0.0109338 -0.636844 -0.000369316 0.999978 0.00670822 -0.567834 0.0109366 -0.00670378 0.999918 40.6539
0.999957 -0.000158214 -0.00929732 -0.657967 0.000231316 0.999969 0.00786181 -0.586681 0.0092958 -0.00786363 0.999926 41.9571
0.999975 0.000185153 -0.00703482 -0.675511 -0.000126428 0.999965 0.00834639 -0.604299 0.00703613 -0.0083453 0.999941 43.2395
0.999993 0.000176525 -0.00366533 -0.689223 -0.000146406 0.999966 0.00821563 -0.621063 0.00366666 -0.00821505 0.99996 44.5028
1 -0.000659463 -3.89283e-06 -0.696652 0.00065948 0.999982 0.00605167 -0.638435 -9.29049e-08 -0.00605169 0.999982 45.7441
0.999994 -0.000971204 0.00345104 -0.699432 0.000955957 0.99999 0.00441872 -0.656253 -0.00345529 -0.0044154 0.999985 46.9774
0.999972 -0.000543943 0.00748206 -0.704114 0.000506506 0.999987 0.00500531 -0.668298 -0.00748469 -0.00500139 0.99996 48.1977
0.999919 -0.000124413 0.0127505 -0.701907 6.00917e-05 0.999987 0.00504523 -0.682116 -0.0127509 -0.00504406 0.999906 49.4073
0.999813 0.00132681 0.0193085 -0.695244 -0.00140396 0.999991 0.00398304 -0.694101 -0.019303 -0.00400941 0.999806 50.6055
0.999639 0.0028727 0.0267146 -0.681381 -0.00297282 0.999989 0.00370893 -0.706349 -0.0267037 -0.00378701 0.999636 51.7912
0.999376 0.00387922 0.0350964 -0.653346 -0.00405954 0.999979 0.00506816 -0.717072 -0.035076 -0.00520748 0.999371 52.9687
0.998956 0.0061109 0.0452706 -0.616023 -0.00636608 0.999965 0.00549498 -0.727747 -0.0452354 -0.00577744 0.99896 54.1329
0.998271 0.00840818 0.0581816 -0.56724 -0.00874904 0.999946 0.00560632 -0.734605 -0.0581314 -0.00610566 0.998291 55.2811
0.997286 0.0104701 0.0728743 -0.501234 -0.0109448 0.999922 0.00611851 -0.744091 -0.0728045 -0.00689951 0.997323 56.4122
0.99594 0.0128161 0.0891019 -0.419612 -0.0135109 0.999883 0.00719877 -0.752108 -0.0889992 -0.0083734 0.995997 57.5311
0.994204 0.0130537 0.106719 -0.313583 -0.014054 0.999864 0.00862687 -0.760613 -0.106592 -0.0100767 0.994252 58.6403
0.991986 0.0127271 0.125704 -0.187203 -0.0138452 0.999872 0.00802461 -0.769337 -0.125586 -0.0097007 0.992036 59.7318
0.989236 0.0118598 0.145849 -0.0409873 -0.0129722 0.999894 0.00667859 -0.776752 -0.145754 -0.00849869 0.989285 60.8077
0.985985 0.00929655 0.166577 0.129917 -0.0104426 0.999928 0.00600532 -0.786196 -0.166509 -0.00766065 0.986011 61.8688
0.982117 0.00398626 0.188229 0.330607 -0.00562215 0.999951 0.00815786 -0.796777 -0.188187 -0.00907023 0.982092 62.9135
0.977484 -0.00151135 0.211006 0.555692 -0.000624546 0.99995 0.0100554 -0.805571 -0.21101 -0.00996081 0.977434 63.9415
0.972079 -0.00668006 0.234561 0.808581 0.00455023 0.999944 0.00962009 -0.809296 -0.234612 -0.00828419 0.972054 64.95
0.965709 -0.0131099 0.259299 1.08369 0.0115187 0.999905 0.00765484 -0.812481 -0.259374 -0.00440555 0.965768 65.9361
0.958351 -0.0170807 0.285082 1.38477 0.0154839 0.999849 0.00785437 -0.81195 -0.285173 -0.00311306 0.958472 66.9054
0.949879 -0.0198454 0.311987 1.7027 0.0174829 0.999794 0.010368 -0.817224 -0.312129 -0.00439393 0.95003 67.8581
0.940321 -0.0240913 0.339436 2.05317 0.0206882 0.999693 0.0136414 -0.819155 -0.33966 -0.00580496 0.940531 68.7938
0.929579 -0.0277849 0.367576 2.42649 0.0245832 0.999609 0.0133905 -0.820894 -0.367804 -0.0034114 0.929898 69.705
0.917671 -0.0271289 0.396416 2.81701 0.0253175 0.999632 0.00980235 -0.821918 -0.396536 0.00104093 0.91802 70.5914
0.904667 -0.0284002 0.425174 3.23302 0.0293211 0.999561 0.00437911 -0.824909 -0.425111 0.00850493 0.905102 71.4562
0.890634 -0.0304607 0.4537 3.67555 0.0334145 0.999441 0.00150661 -0.830243 -0.453492 0.0138183 0.891155 72.3041
0.875142 -0.0317821 0.482823 4.1431 0.0337482 0.99942 0.00461696 -0.835309 -0.48269 0.0122539 0.875707 73.1368
0.857647 -0.0309997 0.513305 4.63268 0.0298046 0.9995 0.0105636 -0.84164 -0.513376 0.00623903 0.858142 73.9566
0.838265 -0.0311199 0.544376 5.14717 0.0270624 0.999515 0.0154661 -0.847155 -0.544593 0.00176745 0.8387 74.7463
0.817307 -0.0257133 0.575629 5.68163 0.0240656 0.999656 0.0104849 -0.849223 -0.5757 0.00528347 0.817645 75.508
0.795526 -0.0189385 0.605625 6.24056 0.0213412 0.999767 0.00323071 -0.850043 -0.605545 0.0103546 0.795745 76.2433
0.77319 -0.0161946 0.633969 6.82511 0.0204767 0.999791 0.000566004 -0.853687 -0.633845 0.012544 0.773359 76.9501
0.750072 -0.0190681 0.661083 7.44086 0.0218878 0.999753 0.0040025 -0.861024 -0.660995 0.0114675 0.750304 77.6363
0.725827 -0.0192999 0.687608 8.07293 0.0211012 0.999761 0.0057875 -0.872663 -0.687555 0.0103086 0.726061 78.2942
0.700628 -0.0180285 0.7133 8.71989 0.0226422 0.99974 0.00302821 -0.881096 -0.713168 0.014029 0.700854 78.9171
0.674584 -0.0155836 0.738035 9.38906 0.0228605 0.999739 0.000214343 -0.887352 -0.737845 0.0167272 0.674764 79.5187
0.647722 -0.0131865 0.761764 10.0765 0.0208171 0.999784 -0.000393882 -0.895882 -0.761594 0.0161128 0.647856 80.0951
0.620016 -0.0121583 0.784496 10.7896 0.0211692 0.999776 -0.00123606 -0.908008 -0.784305 0.0173735 0.620134 80.6491
0.591573 -0.00607923 0.806229 11.5192 0.0202168 0.99977 -0.00729554 -0.922382 -0.805999 0.0206152 0.59156 81.1777
0.561795 0.00306367 0.827271 12.2625 0.018911 0.999685 -0.0165445 -0.956357 -0.827062 0.0249392 0.56156 81.6928
0.531226 0.0114946 0.847153 13.0295 0.018354 0.999518 -0.0250712 -1.00255 -0.847033 0.0288671 0.530758 82.1973
0.499724 0.0165444 0.866028 13.8187 0.0161295 0.999467 -0.0284008 -1.05717 -0.866036 0.0281611 0.499191 82.6809
0.467445 0.016064 0.883877 14.6323 0.0138314 0.99958 -0.0254817 -1.10436 -0.883915 0.0241366 0.467027 83.1247
0.434612 0.0144369 0.900503 15.4655 0.00941428 0.999745 -0.0205715 -1.15526 -0.90057 0.0174182 0.434365 83.55
0.400503 0.0153326 0.916168 16.3117 0.005409 0.999804 -0.0190968 -1.19672 -0.916281 0.0126039 0.400342 83.9314
0.365449 0.0183005 0.930653 17.1779 -0.00127456 0.999816 -0.0191601 -1.23809 -0.930832 0.00581586 0.365405 84.2935
0.329772 0.020492 0.943839 18.0596 -0.00668331 0.999791 -0.0193717 -1.2729 -0.944038 8.0246e-05 0.329839 84.618
0.293739 0.0196541 0.955684 18.9611 -0.00957589 0.9998 -0.0176182 -1.30767 -0.955839 -0.00397639 0.293868 84.9048
0.257642 0.0193022 0.966049 19.8774 -0.0103782 0.999799 -0.0172087 -1.34891 -0.966186 -0.00559213 0.25779 85.1561
0.221886 0.0184873 0.974898 20.8097 -0.00975998 0.999813 -0.0167384 -1.40471 -0.975025 -0.00580096 0.222025 85.3748
0.186621 0.0175873 0.982275 21.7524 -0.0078336 0.999835 -0.0164135 -1.4576 -0.982402 -0.00463165 0.186728 85.5535
0.152131 0.0157891 0.988235 22.7056 -0.000345953 0.999874 -0.0159218 -1.50344 -0.988361 0.00208031 0.152117 85.6939
0.118595 0.0190027 0.992762 23.6596 0.00332394 0.999804 -0.0195345 -1.55279 -0.992938 0.00561657 0.118509 85.7999
0.0860133 0.0247997 0.995986 24.6187 0.00373732 0.999676 -0.0252143 -1.59551 -0.996288 0.00589107 0.0858927 85.8834
0.056713 0.0283999 0.997987 25.5814 0.0104417 0.999524 -0.029037 -1.65438 -0.998337 0.0120675 0.0563895 85.9311
0.0310985 0.027977 0.999125 26.5518 0.0133169 0.999509 -0.0284022 -1.70404 -0.999428 0.0141885 0.0307107 85.9531
0.00859614 0.0240489 0.999675 27.5328 0.0142401 0.999607 -0.0241697 -1.75765 -0.999863 0.0144433 0.00825032 85.9604
-0.0104813 0.0208413 0.999729 28.5157 0.0145311 0.999681 -0.020688 -1.80349 -0.99984 0.0143103 -0.0107808 85.9469
-0.0269473 0.0237239 0.999356 29.4943 0.0164626 0.999594 -0.0232856 -1.8686 -0.999502 0.0158245 -0.0273268 85.9176
-0.0416701 0.0294536 0.998698 30.4758 0.0191463 0.999406 -0.0286756 -1.92858 -0.998949 0.0179265 -0.0422092 85.8699
-0.0535585 0.0334079 0.998007 31.4615 0.0235318 0.999206 -0.0321852 -1.98744 -0.998289 0.0217611 -0.0543021 85.8092
-0.0626521 0.0372243 0.997342 32.4512 0.0295423 0.998936 -0.035428 -2.05347 -0.997599 0.0272441 -0.0636851 85.7357
-0.0683503 0.0422607 0.996767 33.4411 0.033125 0.998648 -0.040069 -2.11601 -0.997112 0.0302791 -0.0696578 85.6564
-0.0719524 0.0476116 0.996272 34.4318 0.0350311 0.998365 -0.0451816 -2.18499 -0.996794 0.0316496 -0.0735025 85.5777
-0.0746472 0.0512413 0.995893 35.4302 0.0372859 0.998125 -0.0485613 -2.25044 -0.996513 0.0335078 -0.0764177 85.4941
-0.0772924 0.0547956 0.995502 36.4306 0.0377378 0.997934 -0.0519994 -2.32291 -0.996295 0.0335489 -0.0792006 85.4108
-0.0796069 0.0573674 0.995175 37.433 0.0386228 0.997771 -0.0544275 -2.39322 -0.996079 0.0341036 -0.0816451 85.3246
-0.0814596 0.0614989 0.994778 38.4364 0.0396897 0.997504 -0.0584173 -2.46769 -0.995887 0.0347237 -0.0836971 85.2352
-0.0834322 0.0631855 0.994509 39.4453 0.0424068 0.997309 -0.0598058 -2.55339 -0.995611 0.0371842 -0.0858871 85.1346
-0.0854086 0.0622877 0.994398 40.4626 0.0427085 0.997356 -0.0588047 -2.64229 -0.995431 0.0374468 -0.0878429 85.0341
-0.0878571 0.0610197 0.994263 41.4811 0.0415557 0.997478 -0.057545 -2.72596 -0.995267 0.0362615 -0.0901712 84.9342
-0.0897967 0.0626008 0.993991 42.4998 0.0420795 0.99737 -0.0590122 -2.80494 -0.995072 0.0365275 -0.0921947 84.8309
-0.092227 0.0644978 0.993648 43.5218 0.0408751 0.997304 -0.0609413 -2.88571 -0.994899 0.034995 -0.0946147 84.7274
-0.0947991 0.0670525 0.993236 44.5506 0.0395168 0.997196 -0.0635482 -2.97026 -0.994713 0.0332252 -0.0971829 84.6172
-0.0973121 0.0704286 0.992759 45.5832 0.0373395 0.997049 -0.0670728 -3.05768 -0.994554 0.0305422 -0.0996547 84.5043
-0.0994863 0.0748154 0.992223 46.6181 0.0340216 0.996842 -0.0717526 -3.14565 -0.994458 0.0266186 -0.101717 84.392
-0.10197 0.0774202 0.991771 47.6587 0.0317777 0.996712 -0.0745387 -3.2367 -0.99428 0.0239155 -0.104095 84.2751
-0.104619 0.0759717 0.991607 48.7031 0.0299944 0.996866 -0.0732101 -3.32534 -0.994061 0.0220834 -0.10657 84.1572
-0.107668 0.0715317 0.991611 49.7586 0.0266145 0.997258 -0.0690494 -3.42449 -0.993831 0.0189568 -0.109277 84.0348
-0.110205 0.0698979 0.991448 50.8127 0.0264676 0.997377 -0.0673739 -3.51661 -0.993557 0.0188164 -0.111765 83.9072
-0.112073 0.0701554 0.991221 51.8689 0.0261782 0.997367 -0.0676306 -3.6071 -0.993356 0.0183688 -0.113615 83.7768
-0.113358 0.0729363 0.990874 52.9252 0.0275736 0.997149 -0.0702437 -3.69462 -0.993172 0.0193593 -0.115046 83.6435
-0.11394 0.0757194 0.990598 53.9841 0.0281021 0.996938 -0.0729717 -3.785 -0.993091 0.0195235 -0.115719 83.5089
-0.114333 0.0769043 0.990462 55.0528 0.0272793 0.996867 -0.0742526 -3.88021 -0.993068 0.0185296 -0.116072 83.3741
-0.114168 0.0751501 0.990615 56.1259 0.023942 0.997054 -0.0728793 -3.97421 -0.993173 0.0153968 -0.11563 83.2439
-0.114364 0.0748401 0.990616 57.2007 0.0201966 0.997128 -0.0730004 -4.07112 -0.993234 0.0116585 -0.115547 83.1145
-0.114429 0.0757179 0.990542 58.277 0.016493 0.997099 -0.0743138 -4.16556 -0.993295 0.00783335 -0.115346 82.9875
-0.114769 0.0760758 0.990475 59.3595 0.0124576 0.997096 -0.0751408 -4.264 -0.993315 0.00371511 -0.115383 82.8583
-0.115224 0.0751996 0.990489 60.4499 0.00885045 0.997169 -0.0746771 -4.36175 -0.993301 0.000161714 -0.115563 82.7288
-0.11558 0.0702782 0.990809 61.5557 0.0087561 0.997528 -0.0697334 -4.45697 -0.99326 0.000615883 -0.115909 82.5889
-0.115839 0.0618503 0.991341 62.6588 0.0117641 0.998075 -0.0608958 -4.53713 -0.993199 0.00460809 -0.116344 82.4498
-0.115816 0.0551791 0.991737 63.769 0.0164491 0.998426 -0.0536303 -4.60521 -0.993135 0.0101019 -0.116541 82.3046
-0.114977 0.0578513 0.991683 64.871 0.025228 0.998151 -0.0553037 -4.66783 -0.993048 0.0186595 -0.116224 82.1544
-0.113696 0.063783 0.991466 65.9754 0.0313779 0.997671 -0.0605839 -4.72975 -0.993021 0.024222 -0.115432 82.0058
-0.112783 0.0694425 0.99119 67.0846 0.0347549 0.997221 -0.0659104 -4.8011 -0.993012 0.0270151 -0.114883 81.8633
-0.112019 0.0732278 0.991004 68.1982 0.0358516 0.99693 -0.0696131 -4.87992 -0.99306 0.0277311 -0.114301 81.7242
-0.112011 0.0722785 0.991075 69.3233 0.0330617 0.997071 -0.0689791 -4.96009 -0.993157 0.0250402 -0.114072 81.59
-0.11174 0.067212 0.991462 70.4559 0.0309254 0.997463 -0.0641333 -5.04363 -0.993257 0.0234951 -0.113535 81.4554
-0.111518 0.0642472 0.991684 71.5927 0.0293666 0.997686 -0.0613336 -5.12005 -0.993329 0.0222826 -0.113147 81.3219
-0.111365 0.0650706 0.991647 72.7252 0.0280104 0.997664 -0.0623197 -5.19643 -0.993385 0.0208362 -0.112927 81.1894
-0.111128 0.0695251 0.991372 73.8618 0.0282464 0.997369 -0.0667794 -5.27498 -0.993406 0.0205816 -0.112799 81.0532
-0.110402 0.0734621 0.991169 75.0008 0.0285825 0.997088 -0.0707171 -5.35819 -0.993477 0.0205228 -0.11218 80.9165
-0.109996 0.0724669 0.991287 76.1517 0.0286402 0.997156 -0.0697179 -5.44389 -0.99352 0.0207219 -0.111759 80.7797
-0.109434 0.0644218 0.991905 77.314 0.0297802 0.997663 -0.0615102 -5.52891 -0.993549 0.0228078 -0.111097 80.6404
-0.109595 0.0635625 0.991942 78.4719 0.0295849 0.99772 -0.060664 -5.6111 -0.993537 0.022698 -0.111225 80.5035
-0.109455 0.0666963 0.991752 79.6295 0.0274221 0.99757 -0.0640611 -5.68945 -0.993614 0.0201841 -0.111018 80.3706
-0.109173 0.0698856 0.991563 80.7907 0.0269034 0.997369 -0.0673326 -5.76988 -0.993659 0.0193256 -0.110766 80.2356
-0.109049 0.0693888 0.991612 81.9656 0.0260434 0.997418 -0.0669311 -5.85725 -0.993696 0.0185261 -0.110574 80.1
-0.108571 0.0661135 0.991888 83.1266 0.0252363 0.997649 -0.0637351 -5.94436 -0.993769 0.0181117 -0.109984 79.9665
-0.107543 0.0648227 0.992085 84.2897 0.0260869 0.997713 -0.0623626 -6.02963 -0.993859 0.0191738 -0.108988 79.8308
-0.106051 0.0650419 0.992231 85.4601 0.0275451 0.997668 -0.0624542 -6.11188 -0.99398 0.0207078 -0.107595 79.6945
-0.104834 0.0654907 0.992331 86.6352 0.0302843 0.997578 -0.0626376 -6.18225 -0.994029 0.0234855 -0.106563 79.5557
-0.103638 0.0650444 0.992486 87.8232 0.0299744 0.997611 -0.0622503 -6.25947 -0.994164 0.0232977 -0.10534 79.4203
-0.102215 0.0658466 0.992581 89.0111 0.0312689 0.997527 -0.0629547 -6.33258 -0.994272 0.024602 -0.104021 79.2849
-0.101144 0.0633316 0.992854 90.2206 0.0314954 0.997676 -0.0604307 -6.41575 -0.994374 0.0251582 -0.102903 79.1491
-0.1001 0.062742 0.992997 91.4348 0.0301669 0.997743 -0.0600008 -6.4997 -0.994521 0.0239495 -0.101767 79.0172
-0.0987619 0.0622998 0.993159 92.6491 0.0312028 0.997742 -0.0594844 -6.58345 -0.994623 0.0251146 -0.100483 78.8845
-0.0971508 0.0628639 0.993282 93.8707 0.0296294 0.997744 -0.0602483 -6.66945 -0.994829 0.0235772 -0.0987941 78.7551
-0.0955505 0.0658304 0.993245 95.093 0.0300045 0.997549 -0.0632291 -6.75539 -0.994973 0.0237602 -0.0972914 78.626
-0.0943721 0.0656164 0.993372 96.3226 0.0282304 0.997601 -0.0632138 -6.84143 -0.995137 0.0220777 -0.0959979 78.5012
-0.0939246 0.0629696 0.993586 97.5544 0.0241005 0.99785 -0.0609615 -6.9256 -0.995288 0.0182202 -0.0952401 78.3935
-0.0937334 0.0641028 0.993532 98.7877 0.0216749 0.997821 -0.0623345 -7.01003 -0.995362 0.0156919 -0.0949184 78.2821
-0.0939938 0.0642259 0.993499 100.029 0.0190952 0.99785 -0.0627006 -7.09668 -0.995391 0.0130776 -0.0950181 78.1704
-0.0950475 0.06118 0.993591 101.275 0.0162297 0.998073 -0.0599033 -7.18344 -0.995341 0.0104321 -0.0958571 78.0549
-0.0963012 0.0597133 0.99356 102.525 0.0140618 0.998182 -0.0586281 -7.27008 -0.995254 0.00832535 -0.0969656 77.9393
-0.0976102 0.0591014 0.993469 103.773 0.0123897 0.998231 -0.0581673 -7.35434 -0.995149 0.00663105 -0.0981696 77.8185
-0.0993026 0.0589961 0.993307 105.023 0.0120872 0.99824 -0.0580807 -7.44093 -0.994985 0.00623872 -0.0998408 77.694
-0.101551 0.0576758 0.993157 106.272 0.0123871 0.998315 -0.0567087 -7.52515 -0.994754 0.00654353 -0.102094 77.5638
-0.10458 0.0527628 0.993116 107.523 0.00887985 0.998602 -0.0521192 -7.6086 -0.994478 0.00336809 -0.104903 77.4351
-0.108652 0.0523507 0.9927 108.765 0.00850155 0.998626 -0.0517326 -7.68912 -0.994045 0.00281865 -0.108948 77.2987
-0.114258 0.0571796 0.991804 109.993 0.00278363 0.998358 -0.0572366 -7.77123 -0.993448 -0.0037789 -0.114229 77.1647
-0.121403 0.0625482 0.990631 111.231 0.00396378 0.998036 -0.06253 -7.85674 -0.992596 -0.00366467 -0.121412 77.0154
-0.130392 0.059667 0.989666 112.455 0.0062802 0.998218 -0.0593551 -7.94605 -0.991444 -0.00152413 -0.130534 76.8512
-0.141438 0.0542727 0.988458 113.685 0.00554301 0.998525 -0.0540322 -8.03278 -0.989933 -0.00216316 -0.14153 76.6739
-0.154064 0.0561243 0.986466 114.906 0.00810657 0.998424 -0.0555385 -8.11204 -0.988029 -0.000559603 -0.154276 76.4765
-0.168346 0.056765 0.984092 116.126 0.00972518 0.998388 -0.0559259 -8.19172 -0.985681 0.000155595 -0.168626 76.2549
-0.183015 0.0544789 0.981599 117.338 0.0098025 0.998516 -0.05359 -8.27474 -0.983062 -0.000185658 -0.183278 76.022
-0.198242 0.0563003 0.978535 118.54 0.0148734 0.998407 -0.0544304 -8.35787 -0.980041 0.00376383 -0.198763 75.7639
-0.213646 0.0597324 0.975083 119.728 0.0149021 0.998213 -0.0578841 -8.4409 -0.976798 0.00216409 -0.214154 75.4966
-0.228973 0.064317 0.971306 120.906 0.0152362 0.99793 -0.0624882 -8.52728 -0.973315 0.000490969 -0.229478 75.2117
-0.245256 0.0625262 0.96744 122.083 0.011677 0.998037 -0.0615433 -8.61423 -0.969389 -0.00379703 -0.245505 74.9142
-0.261624 0.0559806 0.963545 123.268 0.00571547 0.99839 -0.0564531 -8.69824 -0.965154 -0.00926235 -0.261522 74.6006
-0.277613 0.0516267 0.959305 124.445 0.00141172 0.998577 -0.0533317 -8.77683 -0.960693 -0.0134513 -0.277291 74.2658
-0.293071 0.0528881 0.954627 125.606 -0.000333496 0.998464 -0.055419 -8.8533 -0.956091 -0.01656 -0.292603 73.9138
-0.30775 0.0550224 0.949875 126.757 -0.000495912 0.998318 -0.0579891 -8.92936 -0.951468 -0.0183172 -0.307205 73.541
-0.321745 0.0567579 0.945124 127.896 0.000864063 0.99822 -0.0596523 -9.00945 -0.946827 -0.0183762 -0.321221 73.1513
-0.335995 0.0571316 0.940129 129.031 0.00286566 0.998217 -0.0596373 -9.09114 -0.94186 -0.0173437 -0.335559 72.7418
-0.350219 0.0548741 0.935059 130.156 0.00238318 0.998332 -0.0576946 -9.17409 -0.936665 -0.0179773 -0.349765 72.3188
-0.364786 0.0535015 0.929552 131.274 0.00210249 0.998393 -0.0566386 -9.25515 -0.931089 -0.0187066 -0.364313 71.8803
-0.379743 0.054331 0.923495 132.378 0.00051137 0.998287 -0.0585208 -9.33552 -0.925092 -0.0217506 -0.37912 71.4294
-0.394568 0.0571946 0.917084 133.468 0.00163194 0.998103 -0.0615452 -9.4158 -0.918865 -0.0227872 -0.393913 70.9596
-0.409517 0.058373 0.910432 134.557 0.00234169 0.998015 -0.062935 -9.49886 -0.912299 -0.023641 -0.408841 70.4686
-0.423925 0.0611743 0.903628 135.636 0.00492683 0.997858 -0.0652421 -9.58483 -0.905684 -0.0232057 -0.423318 69.9581
-0.438885 0.0642506 0.896243 136.711 0.00500149 0.9976 -0.0690675 -9.67259 -0.89853 -0.0258301 -0.438153 69.43
-0.45403 0.0670473 0.88846 137.78 0.0056439 0.997361 -0.0723813 -9.76261 -0.890969 -0.0278488 -0.45321 68.8843
-0.469428 0.064352 0.880622 138.851 0.00448809 0.997502 -0.0705006 -9.85382 -0.88296 -0.0291426 -0.468544 68.3156
-0.485626 0.0601789 0.872093 139.917 0.00138526 0.99768 -0.0680736 -9.94751 -0.874166 -0.0318502 -0.484582 67.7304
-0.501776 0.0597076 0.862934 140.975 0.000741356 0.997645 -0.0685973 -10.0377 -0.864997 -0.0337808 -0.500639 67.121
-0.517814 0.0592383 0.853439 142.019 -0.000536114 0.997577 -0.0695683 -10.1266 -0.855493 -0.036481 -0.516528 66.4922
-0.533726 0.0581116 0.843658 143.059 -0.0013295 0.997578 -0.0695547 -10.2191 -0.845657 -0.0382448 -0.532356 65.8403
-0.549522 0.0573017 0.833511 144.09 -0.00285126 0.997511 -0.070456 -10.314 -0.835474 -0.0410937 -0.547991 65.1672
-0.565084 0.0569892 0.823063 145.108 -0.00332361 0.997446 -0.0713454 -10.4091 -0.825027 -0.0430517 -0.563451 64.4738
-0.580447 0.0544604 0.812475 146.122 -0.00388392 0.997565 -0.0696417 -10.5037 -0.814289 -0.0435789 -0.578822 63.7559
-0.595653 0.0504961 0.801653 147.123 -0.00423772 0.997811 -0.0660008 -10.5971 -0.803231 -0.0427107 -0.594135 63.0164
-0.61054 0.0486304 0.79049 148.112 -0.00340218 0.997943 -0.0640205 -10.6875 -0.791978 -0.0417765 -0.609119 62.2565
-0.625479 0.0474269 0.778798 149.093 -0.00396688 0.997945 -0.0639583 -10.7776 -0.780231 -0.0430939 -0.624005 61.4745
-0.640353 0.0483308 0.766558 150.055 -0.00546438 0.997707 -0.0674692 -10.8694 -0.768062 -0.0473929 -0.63862 60.6765
-0.655732 0.0487727 0.753416 151.008 -0.00748691 0.997442 -0.0710859 -10.9616 -0.754957 -0.0522541 -0.65369 59.8592
-0.671637 0.0445982 0.739537 151.952 -0.00979085 0.997566 -0.0690506 -11.0564 -0.740816 -0.0536176 -0.669565 59.0159
-0.687767 0.0373714 0.724968 152.882 -0.013393 0.997851 -0.0641439 -11.1511 -0.725808 -0.0538256 -0.685789 58.1479
-0.704633 0.0342593 0.708744 153.793 -0.0150616 0.997887 -0.0632101 -11.2433 -0.709412 -0.0552147 -0.702628 57.2572
-0.722122 0.0324672 0.691003 154.684 -0.0165301 0.997803 -0.0641568 -11.3311 -0.691569 -0.0577514 -0.719999 56.3431
-0.739671 0.0280044 0.672385 155.553 -0.0201778 0.997762 -0.0637531 -11.4215 -0.672666 -0.0607236 -0.737451 55.406
-0.756507 0.0260913 0.653464 156.42 -0.0204595 0.997771 -0.0635243 -11.5099 -0.653665 -0.0614261 -0.754287 54.4364
-0.77269 0.0277132 0.634178 157.266 -0.0185164 0.997638 -0.0661567 -11.5964 -0.634513 -0.0628613 -0.770352 53.4439
-0.788042 0.0285639 0.614958 158.081 -0.014907 0.997745 -0.0654465 -11.6855 -0.615441 -0.0607418 -0.78584 52.427
-0.802719 0.0287415 0.595664 158.895 -0.0112863 0.997927 -0.0633606 -11.7833 -0.596251 -0.0575836 -0.800731 51.4051
-0.817202 0.0300752 0.575566 159.681 -0.00970734 0.997778 -0.0659197 -11.8815 -0.57627 -0.0594569 -0.815094 50.3707
-0.831142 0.0314808 0.555169 160.432 -0.00917026 0.997485 -0.0702909 -11.98 -0.555985 -0.0635127 -0.828763 49.3222
-0.84425 0.0321359 0.534985 161.161 -0.0070158 0.997453 -0.0709871 -12.0825 -0.535904 -0.0636842 -0.841874 48.2525
-0.856159 0.0301988 0.515828 161.851 -0.00537197 0.997717 -0.0673267 -12.1831 -0.516684 -0.0604134 -0.854043 47.1614
-0.866775 0.0310686 0.497731 162.52 -0.00398427 0.997594 -0.0692086 -12.291 -0.498684 -0.0619714 -0.864567 46.053
-0.876341 0.0351833 0.480405 163.15 6.31707e-05 0.997338 -0.0729265 -12.3922 -0.481692 -0.0638781 -0.87401 44.9323
-0.885421 0.0332679 0.463597 163.773 -0.00125391 0.997261 -0.0739586 -12.5018 -0.464788 -0.0660658 -0.882954 43.8024
-0.893773 0.0302116 0.447501 164.37 -0.00339603 0.997245 -0.0741082 -12.6133 -0.448507 -0.0677557 -0.891208 42.657
-0.901202 0.0279061 0.432499 164.948 -0.00426189 0.997306 -0.0732294 -12.7218 -0.433378 -0.0678378 -0.898656 41.5024
-0.907852 0.0267651 0.418435 165.503 -0.00441469 0.997295 -0.0733699 -12.8315 -0.419267 -0.0684562 -0.905279 40.3384
-0.914095 0.0241883 0.404777 166.041 -0.00579672 0.997338 -0.0726884 -12.9385 -0.405458 -0.0687905 -0.911522 39.1675
-0.919853 0.0192756 0.391788 166.566 -0.0084371 0.997589 -0.0688892 -13.0442 -0.392171 -0.0666735 -0.917473 37.9851
-0.92506 0.0151058 0.379521 167.076 -0.0103181 0.997841 -0.0648659 -13.146 -0.379681 -0.0639207 -0.922907 36.7916
-0.929454 0.0157735 0.368601 167.566 -0.00786914 0.998011 -0.0625502 -13.2443 -0.368854 -0.0610381 -0.927481 35.5902
-0.932763 0.0195625 0.359957 168.035 -0.0035522 0.99798 -0.0634415 -13.3382 -0.360471 -0.0604545 -0.930809 34.389
-0.935048 0.025274 0.353619 168.493 0.00219357 0.997849 -0.0655182 -13.4321 -0.354514 -0.0604869 -0.933092 33.1833
-0.936821 0.029576 0.348556 168.942 0.00619947 0.997667 -0.0679923 -13.5297 -0.349753 -0.0615357 -0.934819 31.9787
-0.938712 0.0271948 0.343626 169.396 0.00421828 0.997715 -0.0674361 -13.6291 -0.344675 -0.0618536 -0.936682 30.7665
-0.94065 0.0196774 0.338806 169.84 -0.00190437 0.997996 -0.0632491 -13.729 -0.339372 -0.0601405 -0.938728 29.5533
-0.942526 0.0134349 0.333862 170.241 -0.00718324 0.998146 -0.060445 -13.8282 -0.334055 -0.0593692 -0.940682 28.3252
-0.944238 0.00734907 0.329178 170.64 -0.0140995 0.997932 -0.0627231 -13.9243 -0.328959 -0.0638668 -0.942182 27.1001
-0.94555 0.00495472 0.325438 171.034 -0.0171391 0.997739 -0.0649872 -14.0195 -0.325024 -0.0670263 -0.943327 25.8779
-0.946397 0.00537116 0.322958 171.419 -0.0174451 0.997553 -0.0677114 -14.1203 -0.322531 -0.0697159 -0.943988 24.6494
-0.946729 0.00546831 0.321983 171.811 -0.0178065 0.997438 -0.069296 -14.2225 -0.321537 -0.071338 -0.944206 23.424
-0.946653 0.00851714 0.322139 172.196 -0.0150703 0.997387 -0.0706564 -14.3274 -0.321899 -0.0717419 -0.944052 22.1959
-0.946303 0.0104657 0.323109 172.575 -0.013862 0.997243 -0.0728991 -14.4368 -0.322981 -0.0734636 -0.94355 20.9766
-0.945931 0.0105708 0.324192 172.936 -0.0144309 0.997108 -0.0746184 -14.5445 -0.324044 -0.0752623 -0.943044 19.7672
-0.945384 0.0117401 0.325744 173.319 -0.013142 0.997166 -0.0740796 -14.6508 -0.325691 -0.0743146 -0.942551 18.5582
-0.944532 0.0123137 0.328185 173.708 -0.0127095 0.997178 -0.073993 -14.7602 -0.32817 -0.0740599 -0.941711 17.3602
-0.943254 0.0112143 0.331881 174.12 -0.0143779 0.997114 -0.0745566 -14.8713 -0.331759 -0.0750976 -0.94037 16.1644
-0.941679 0.00986297 0.336365 174.542 -0.0153089 0.99728 -0.0721007 -14.9816 -0.336161 -0.0730451 -0.938967 14.9682
-0.939629 0.00725429 0.342115 174.976 -0.0172501 0.9975 -0.0685289 -15.0877 -0.341757 -0.0702933 -0.937155 13.7719
-0.937166 0.00559393 0.348836 175.416 -0.0187611 0.997617 -0.0664002 -15.1893 -0.348376 -0.0687726 -0.934828 12.5816
-0.934392 0.00752036 0.356165 175.854 -0.0167765 0.997739 -0.0650797 -15.2891 -0.355849 -0.0667852 -0.932153 11.3958
-0.931079 0.00831672 0.364719 176.31 -0.0169658 0.997672 -0.0660613 -15.3899 -0.364419 -0.0676961 -0.928771 10.2163
-0.927349 0.0102707 0.374054 176.773 -0.0158406 0.99765 -0.0666649 -15.4924 -0.373859 -0.0677469 -0.925007 9.04654
-0.923086 0.0131125 0.384369 177.247 -0.0137971 0.997647 -0.0671683 -15.5932 -0.384345 -0.0673052 -0.920732 7.86906
-0.918154 0.0147402 0.395947 177.742 -0.0132409 0.997609 -0.0678426 -15.6973 -0.396 -0.0675327 -0.915763 6.69814
-0.912421 0.0172402 0.408888 178.251 -0.0122845 0.997509 -0.0694707 -15.7969 -0.409067 -0.0684096 -0.909936 5.53498
-0.906264 0.0191776 0.422274 178.778 -0.0109294 0.997574 -0.0687611 -15.9033 -0.422568 -0.0669309 -0.903856 4.37352
-0.89998 0.0187341 0.435528 179.331 -0.0114157 0.997721 -0.0665061 -16.0065 -0.435781 -0.064826 -0.897715 3.22355
-0.893317 0.0208979 0.44894 179.905 -0.00984347 0.99777 -0.0660323 -16.1038 -0.449318 -0.0634069 -0.891119 2.07754
-0.886387 0.0236726 0.462338 180.491 -0.00759003 0.997815 -0.0656414 -16.2 -0.462882 -0.0616928 -0.88427 0.945788
-0.878977 0.0252779 0.476192 181.094 -0.00550678 0.99799 -0.0631413 -16.296 -0.476831 -0.058122 -0.877071 -0.175163
-0.871205 0.0269282 0.490178 181.711 -0.00285764 0.9982 -0.0599155 -16.392 -0.490909 -0.0535994 -0.86956 -1.28395
-0.862977 0.0298961 0.504357 182.34 0.000675332 0.998316 -0.0580203 -16.4853 -0.505242 -0.0497295 -0.861543 -2.37344
-0.853777 0.0331072 0.519584 182.987 0.00420298 0.998383 -0.0567092 -16.5806 -0.520621 -0.0462332 -0.852535 -3.44732
-0.843398 0.0360035 0.536081 183.643 0.0073488 0.998433 -0.0554937 -16.6721 -0.537238 -0.0428637 -0.84234 -4.50463
-0.832349 0.0390514 0.552874 184.319 0.0106922 0.998461 -0.0544276 -16.7559 -0.554149 -0.0393913 -0.831485 -5.54556
-0.821028 0.0409345 0.569417 185.007 0.0125366 0.998479 -0.0537029 -16.8311 -0.570749 -0.036953 -0.820292 -6.57075
-0.809159 0.0430381 0.58601 185.722 0.0142733 0.99846 -0.053621 -16.9017 -0.587415 -0.0350236 -0.808527 -7.58005
-0.796385 0.0450155 0.603111 186.458 0.0161036 0.998452 -0.053259 -16.9793 -0.604574 -0.0327025 -0.795877 -8.57088
-0.782541 0.0460929 0.620889 187.21 0.0179884 0.998514 -0.0514549 -17.0577 -0.622338 -0.0290968 -0.782208 -9.54565
-0.767221 0.0472332 0.63964 187.987 0.0202919 0.998574 -0.0493988 -17.1344 -0.641061 -0.0249203 -0.767085 -10.4961
-0.750476 0.0500824 0.658996 188.783 0.0223532 0.998478 -0.0504262 -17.2148 -0.660519 -0.023113 -0.750453 -11.4156
-0.733066 0.0530052 0.678088 189.587 0.0235752 0.998341 -0.0525522 -17.298 -0.679747 -0.0225382 -0.733099 -12.303
-0.715167 0.053776 0.696881 190.416 0.0233113 0.998317 -0.0531138 -17.3832 -0.698564 -0.0217401 -0.715217 -13.1672
-0.696018 0.0537614 0.716007 191.266 0.0232396 0.998358 -0.0523708 -17.4686 -0.717647 -0.0198114 -0.696124 -14.0053
-0.67602 0.0531208 0.734965 192.146 0.0217101 0.998402 -0.0521922 -17.5539 -0.736562 -0.0193269 -0.676093 -14.8144
-0.655511 0.0532495 0.753305 193.042 0.0199921 0.998385 -0.0531769 -17.6432 -0.75492 -0.0197979 -0.655517 -15.5908
-0.634704 0.0528209 0.770947 193.951 0.0177354 0.998394 -0.0538031 -17.7259 -0.772551 -0.020476 -0.634622 -16.3476
-0.61333 0.052597 0.788072 194.874 0.0167477 0.998422 -0.0536019 -17.7987 -0.789648 -0.0196773 -0.613243 -17.0787
-0.590744 0.0523 0.80516 195.814 0.017068 0.998484 -0.0523347 -17.8701 -0.806677 -0.017174 -0.590742 -17.7885
-0.566558 0.0525262 0.822345 196.75 0.0169399 0.998498 -0.052107 -17.9403 -0.823847 -0.0155911 -0.566597 -18.4699
-0.541114 0.055594 0.839108 197.722 0.0190237 0.998367 -0.0538776 -18.0129 -0.840733 -0.013191 -0.541288 -19.1184
-0.514243 0.056706 0.855767 198.712 0.0195438 0.998328 -0.0544083 -18.0855 -0.857421 -0.0112541 -0.514491 -19.74
-0.487041 0.0552534 0.871628 199.733 0.018119 0.998422 -0.0531665 -18.1584 -0.87319 -0.0101013 -0.487274 -20.3213
-0.458966 0.0530267 0.886869 200.773 0.017117 0.99856 -0.0508466 -18.2301 -0.888288 -0.00815629 -0.459213 -20.8706
-0.429389 0.0536807 0.901522 201.814 0.0176203 0.99854 -0.0510652 -18.3064 -0.902947 -0.00604174 -0.429709 -21.3877
-0.398339 0.0561568 0.915516 202.876 0.0182569 0.998412 -0.053298 -18.3757 -0.917056 -0.00451617 -0.398732 -21.8708
-0.366316 0.0578219 0.928691 203.954 0.0199857 0.998326 -0.0542743 -18.4395 -0.930275 -0.00132106 -0.366859 -22.321
-0.334148 0.0585033 0.940702 205.036 0.0220228 0.998284 -0.0542617 -18.5091 -0.942263 0.00258553 -0.334863 -22.7338
-0.301363 0.0577841 0.951756 206.147 0.0220341 0.998318 -0.0536341 -18.5834 -0.953254 0.00480777 -0.302129 -23.1025
-0.267686 0.0568784 0.961825 207.268 0.0238298 0.998342 -0.0524057 -18.6604 -0.963211 0.00889178 -0.268598 -23.4335
-0.233523 0.0545403 0.970819 208.415 0.0235981 0.99845 -0.0504162 -18.7395 -0.972064 0.0111361 -0.234449 -23.7196
-0.198503 0.0531672 0.978656 209.564 0.0245808 0.998484 -0.0492585 -18.8206 -0.979791 0.0142782 -0.199509 -23.9646
-0.163211 0.0523516 0.9852 210.695 0.0255301 0.998481 -0.0488279 -18.9006 -0.98626 0.017183 -0.1643 -24.1673
-0.127514 0.0520543 0.990469 211.847 0.02602 0.998454 -0.0491241 -18.9781 -0.991495 0.019508 -0.128672 -24.3254
-0.091724 0.0517358 0.994438 213.001 0.0267877 0.998417 -0.0494719 -19.0569 -0.995423 0.022101 -0.0929648 -24.443
-0.0563602 0.0519111 0.997059 214.143 0.0257037 0.998392 -0.0505276 -19.138 -0.998079 0.0227803 -0.0576041 -24.5153
-0.021774 0.0517157 0.998423 215.31 0.0250515 0.998376 -0.0511669 -19.2123 -0.999448 0.0238979 -0.0230343 -24.5488
0.0118079 0.0505282 0.998652 216.47 0.0240219 0.99842 -0.0508005 -19.2845 -0.999641 0.0245893 0.0105753 -24.5406
0.044912 0.0506137 0.997707 217.629 0.0226274 0.998408 -0.0516679 -19.3636 -0.998734 0.024896 0.0436951 -24.4906
0.0779329 0.0506045 0.995672 218.783 0.0234198 0.998343 -0.0525733 -19.4452 -0.996683 0.0274156 0.0766185 -24.4002
0.110115 0.0485213 0.992733 219.928 0.0244543 0.998374 -0.0515095 -19.5235 -0.993617 0.0299486 0.10875 -24.278
0.141423 0.0468589 0.988839 221.083 0.0256465 0.998371 -0.0509785 -19.6043 -0.989617 0.0325698 0.13999 -24.1161
0.171732 0.0468001 0.98403 222.234 0.0268187 0.998279 -0.0521581 -19.682 -0.984778 0.0353476 0.170181 -23.9216
0.201668 0.0465792 0.978344 223.381 0.0286886 0.998159 -0.0534362 -19.7573 -0.979033 0.0388437 0.19996 -23.6957
0.23165 0.0455969 0.971729 224.531 0.0307694 0.998058 -0.0541674 -19.8323 -0.972312 0.0424474 0.229797 -23.4339
0.261863 0.0438857 0.964105 225.672 0.0333094 0.99796 -0.054474 -19.9095 -0.964529 0.0463786 0.259867 -23.137
0.29175 0.0422275 0.95556 226.809 0.0350803 0.997881 -0.0548083 -19.9868 -0.95585 0.0495117 0.289651 -22.8038
0.321348 0.0411662 0.946065 227.938 0.0381052 0.997684 -0.0563553 -20.0646 -0.946193 0.0541596 0.319035 -22.438
0.349899 0.0405537 0.935908 229.046 0.0385535 0.997593 -0.0576402 -20.1438 -0.935993 0.0562508 0.347493 -22.0339
0.377946 0.0385434 0.925023 230.155 0.0392096 0.997571 -0.0575865 -20.224 -0.924996 0.0580344 0.375516 -21.5949
0.405886 0.0375083 0.913152 231.254 0.0392274 0.997522 -0.05841 -20.3059 -0.91308 0.0595284 0.403409 -21.1195
0.434122 0.0383271 0.900037 232.324 0.0402417 0.997272 -0.0618779 -20.3905 -0.899954 0.0630816 0.431396 -20.6145
0.462198 0.0390069 0.885917 233.392 0.0415445 0.996983 -0.0655715 -20.4781 -0.885802 0.067112 0.459183 -20.0745
0.489445 0.0379516 0.871206 234.433 0.0424475 0.996832 -0.0672712 -20.5722 -0.870999 0.0699062 0.486284 -19.5014
0.515909 0.0347761 0.855935 235.483 0.0432208 0.996847 -0.0665523 -20.656 -0.855551 0.0713291 0.512779 -18.8922
0.540944 0.0326122 0.840424 236.515 0.0425252 0.99691 -0.066056 -20.738 -0.839982 0.0714719 0.537885 -18.25
0.56398 0.0323563 0.825153 237.522 0.0406638 0.996932 -0.0668852 -20.8212 -0.824786 0.0712757 0.560934 -17.5818
0.584909 0.0324095 0.81045 238.518 0.0393382 0.996892 -0.0682559 -20.9145 -0.810144 0.0718051 0.581816 -16.8822
0.604304 0.0310812 0.796145 239.501 0.038312 0.996949 -0.0680007 -21.0101 -0.795831 0.0715951 0.60127 -16.1567
0.622515 0.0284719 0.782088 240.462 0.0378186 0.997076 -0.0664008 -21.1045 -0.781692 0.070913 0.619618 -15.4094
0.639534 0.0251611 0.768349 241.414 0.0386953 0.997144 -0.0648613 -21.1968 -0.767787 0.0712125 0.636734 -14.6378
0.655524 0.022785 0.754829 242.349 0.0392837 0.997163 -0.0642155 -21.2867 -0.754151 0.0717472 0.652769 -13.8439
0.670799 0.0203819 0.741358 243.28 0.0408923 0.997085 -0.0644129 -21.3672 -0.74051 0.0735239 0.66801 -13.0371
0.685745 0.0199273 0.727567 244.197 0.0405879 0.997023 -0.0655622 -21.4545 -0.726708 0.0744894 0.682895 -12.2113
0.700681 0.0184778 0.713234 245.084 0.0409949 0.996971 -0.0661018 -21.5483 -0.712295 0.0755552 0.697801 -11.3537
0.715403 0.0163393 0.698519 245.958 0.0402794 0.9971 -0.0645764 -21.6476 -0.697549 0.0743341 0.71267 -10.4664
0.729465 0.0129954 0.683892 246.823 0.0405028 0.997245 -0.0621514 -21.7323 -0.682816 0.0730369 0.726929 -9.57102
0.743368 0.0113622 0.668784 247.668 0.0403026 0.997279 -0.0617402 -21.8162 -0.667666 0.0728495 0.740887 -8.65773
0.756794 0.0102971 0.65357 248.496 0.0418626 0.99706 -0.064183 -21.9006 -0.65231 0.0759335 0.754138 -7.72707
0.769281 0.00998135 0.63883 249.31 0.0420186 0.996923 -0.066175 -21.9914 -0.637526 0.07775 0.766495 -6.77603
0.780826 0.00896199 0.624682 250.107 0.0412498 0.996976 -0.0658633 -22.0832 -0.623384 0.0771958 0.778094 -5.80263
0.791734 0.00656474 0.610829 250.89 0.0413448 0.997074 -0.0643052 -22.1761 -0.609464 0.0761673 0.789145 -4.81289
0.802307 0.00334931 0.596899 251.659 0.0427932 0.997089 -0.0631141 -22.2692 -0.595374 0.0761802 0.799828 -3.8048
0.812184 0.00265486 0.583392 252.412 0.0429628 0.997003 -0.0643487 -22.3617 -0.581815 0.0773272 0.809636 -2.78176
0.82127 0.000227937 0.570537 253.156 0.0460243 0.996715 -0.0666486 -22.4549 -0.568679 0.0809952 0.818561 -1.7416
0.829768 -0.0022101 0.558102 253.883 0.0475774 0.996633 -0.0667897 -22.5477 -0.556075 0.081973 0.827079 -0.685276
0.837533 -0.00585496 0.546352 254.602 0.0496018 0.996629 -0.0653568 -22.6426 -0.544128 0.0818386 0.835 0.387018
0.844434 -0.00687847 0.535612 255.309 0.0505409 0.99648 -0.0668844 -22.7376 -0.533268 0.0835499 0.841809 1.47732
0.85003 -0.00867476 0.526659 256.001 0.0513994 0.996459 -0.0665458 -22.8328 -0.524217 0.083636 0.847466 2.57134
0.853994 -0.00945814 0.520194 256.687 0.0506974 0.99659 -0.065109 -22.9296 -0.517805 0.0819752 0.851561 3.68459
0.856915 -0.011031 0.515336 257.369 0.0511277 0.99666 -0.0636824 -23.0248 -0.512913 0.0809184 0.854617 4.8036
0.859519 -0.0117889 0.510965 258.046 0.0511083 0.996706 -0.0629758 -23.1202 -0.50854 0.0802435 0.85729 5.92968
0.861971 -0.0131878 0.506783 258.721 0.0524347 0.99662 -0.0632498 -23.213 -0.504236 0.0810926 0.859749 7.0623
0.864129 -0.0152458 0.503036 259.393 0.0531837 0.996711 -0.0611524 -23.3061 -0.50045 0.079597 0.862098 8.20191
0.866219 -0.0174256 0.499357 260.064 0.0547797 0.99668 -0.0602443 -23.3988 -0.496649 0.0795395 0.864298 9.34863
0.868471 -0.0187979 0.49538 260.729 0.0562138 0.99657 -0.0607343 -23.4905 -0.49254 0.0805933 0.866549 10.498
0.870587 -0.0198024 0.491613 261.39 0.0569695 0.996527 -0.0607452 -23.5829 -0.488703 0.080891 0.868691 11.6541
0.872683 -0.0194734 0.487896 262.046 0.0559545 0.996611 -0.0603058 -23.6768 -0.485069 0.0799279 0.870815 12.8177
0.874772 -0.0200908 0.484116 262.698 0.0561936 0.996605 -0.0601796 -23.7704 -0.481264 0.0798477 0.872931 13.9843
0.87665 -0.0199177 0.480713 263.346 0.0556443 0.996636 -0.0601809 -23.8647 -0.477897 0.0795066 0.874809 15.1551
0.877967 -0.018633 0.478356 263.988 0.0539136 0.996734 -0.0601271 -23.9586 -0.475673 0.0785796 0.876104 16.3265
0.8788 -0.0167828 0.476892 264.628 0.0514494 0.996888 -0.0597265 -24.0533 -0.474406 0.0770235 0.876929 17.5027
0.879272 -0.0164486 0.476032 265.265 0.0508912 0.996927 -0.0595528 -24.1477 -0.473591 0.0765891 0.877408 18.6749
0.879842 -0.0147825 0.475033 265.899 0.0495417 0.996924 -0.0607363 -24.2422 -0.472674 0.0769724 0.877868 19.8447
0.880452 -0.0128836 0.473958 266.534 0.048188 0.996887 -0.0624182 -24.3393 -0.471678 0.0777955 0.878331 21.0204
