1 9.31323e-10 -1.48793e-09 0 -9.31323e-10 1 -4.65661e-10 7.45058e-09 1.46611e-09 -9.31323e-10 1 0
0.999985 -5.38863e-06 0.00543218 0.00589601 2.12342e-07 1 0.000952924 -0.018445 -0.00543218 -0.000952909 0.999985 0.609337
0.999939 -0.000507378 0.0110733 0.0114231 0.000498683 1 0.000788066 -0.027201 -0.0110737 -0.000782497 0.999938 1.22742
0.999883 -0.0012689 0.0152415 0.0230225 0.00125486 0.999999 0.000931116 -0.0367603 -0.0152427 -0.000911882 0.999883 1.86057
0.999816 -0.00169777 0.0191293 0.0258037 0.00167943 0.999998 0.000974919 -0.0467125 -0.019131 -0.000942613 0.999817 2.50572
0.999735 -0.0015586 0.0229496 0.0439158 0.00153096 0.999998 0.0012217 -0.0579082 -0.0229515 -0.00118624 0.999736 3.1625
0.999734 -0.00136375 0.0230216 0.0603551 0.00131243 0.999997 0.00224418 -0.0665947 -0.0230246 -0.00221337 0.999733 3.84144
0.99973 -0.0006033 0.0232284 0.0822577 0.000533317 0.999995 0.00301893 -0.0742606 -0.0232302 -0.00300573 0.999726 4.53356
0.999745 -0.000669722 0.0225849 0.0936476 0.000596899 0.999995 0.00323103 -0.0788614 -0.0225869 -0.00321673 0.99974 5.26057
0.999764 -0.00208139 0.0216134 0.104413 0.00200495 0.999992 0.00355779 -0.0883768 -0.0216207 -0.00351362 0.99976 5.98935
0.999754 -0.00369355 0.0218891 0.114017 0.00360119 0.999985 0.00425768 -0.0940658 -0.0219045 -0.00417781 0.999751 6.73278
0.999784 -0.00440979 0.0203051 0.128824 0.00430136 0.999976 0.00538065 -0.100237 -0.0203284 -0.00529215 0.999779 7.50856
0.999826 -0.00430546 0.0181693 0.133404 0.00420109 0.999975 0.00577842 -0.105242 -0.0181937 -0.00570109 0.999818 8.2886
0.999863 -0.00422389 0.0159882 0.142047 0.00412833 0.999973 0.00600484 -0.110024 -0.0160132 -0.00593801 0.999854 9.09743
0.999888 -0.00386868 0.0144377 0.150642 0.00378145 0.999974 0.00606402 -0.114229 -0.0144608 -0.00600875 0.999877 9.91448
0.999901 -0.00320699 0.0136959 0.156481 0.00312837 0.999979 0.00575796 -0.119539 -0.0137141 -0.00571455 0.99989 10.7431
0.999916 0.000379466 0.0129927 0.163735 -0.000424398 0.999994 0.00345577 -0.130783 -0.0129913 -0.00346099 0.99991 11.5852
0.999945 0.00399322 0.00972459 0.156588 -0.00401247 0.99999 0.00196037 -0.136595 -0.00971667 -0.00199929 0.999951 12.4484
0.999953 0.0064336 0.00725027 0.15427 -0.00644981 0.999977 0.00221519 -0.145783 -0.00723585 -0.00226185 0.999971 13.3116
0.999955 0.00793582 0.00527727 0.152968 -0.00795671 0.999961 0.00394975 -0.159954 -0.00524572 -0.00399156 0.999978 14.1797
0.999941 0.0105441 0.00273096 0.144708 -0.0105568 0.999933 0.00468954 -0.167562 -0.00268133 -0.00471809 0.999985 15.0431
0.999918 0.0126703 0.0021105 0.135149 -0.01268 0.999909 0.00463162 -0.182037 -0.00205162 -0.004658 0.999987 15.9096
0.999897 0.0142484 0.00182267 0.131427 -0.0142559 0.99989 0.00415334 -0.196227 -0.00176329 -0.0041789 0.99999 16.7734
0.999897 0.0143223 -0.0005003 0.125643 -0.0143201 0.999889 0.00404187 -0.20855 0.000558133 -0.00403429 0.999992 17.6249
0.999886 0.0149568 -0.00219465 0.113349 -0.0149484 0.999881 0.00380253 -0.222522 0.00225127 -0.00376929 0.99999 18.4836
0.999906 0.0129848 -0.00452685 0.110198 -0.0129585 0.999899 0.00578041 -0.234995 0.00460145 -0.0057212 0.999973 19.3361
0.999925 0.00933194 -0.00790026 0.111474 -0.0092685 0.999925 0.00802939 -0.249737 0.0079746 -0.00795557 0.999937 20.1908
0.999948 0.00711299 -0.00734009 0.0896047 -0.00704697 0.999935 0.00898116 -0.259017 0.00740349 -0.00892897 0.999933 21.0513
0.999944 0.00527444 -0.00918883 0.0840079 -0.00518542 0.99994 0.0096846 -0.268472 0.00923936 -0.00963641 0.999911 21.8973
0.999937 0.00244357 -0.0109927 0.0781203 -0.00231699 0.999931 0.0115129 -0.273975 0.01102 -0.0114867 0.999873 22.7488
0.999969 0.00134939 -0.00780597 0.0594484 -0.00124113 0.999903 0.0138577 -0.281793 0.00782391 -0.0138475 0.999874 23.6017
0.999937 0.00129482 -0.0111148 0.0536223 -0.00112244 0.999879 0.0155004 -0.28949 0.0111336 -0.015487 0.999818 24.4406
0.999905 -9.95565e-05 -0.0137668 0.0432749 0.000323667 0.999867 0.0162778 -0.292651 0.0137634 -0.0162808 0.999773 25.2716
0.999882 -0.00396741 -0.0148347 0.0335956 0.00422167 0.999844 0.0171479 -0.296319 0.0147643 -0.0172085 0.999743 26.0962
0.999818 -0.00885771 -0.0169089 0.0313299 0.00918575 0.999769 0.0194227 -0.30245 0.016733 -0.0195745 0.999668 26.9182
0.999775 -0.0122389 -0.0173493 0.0120879 0.0125877 0.999718 0.0201441 -0.303064 0.0170978 -0.020358 0.999647 27.7662
0.999756 -0.0155117 -0.0157065 0.00689411 0.0158175 0.999684 0.0195375 -0.304847 0.0153984 -0.0197812 0.999686 28.5814
0.999613 -0.0192789 -0.0200827 -0.003614 0.019638 0.999648 0.0178407 -0.308732 0.0197317 -0.0182282 0.999639 29.4027
0.999584 -0.0202786 -0.0205217 -0.0211676 0.0206053 0.999662 0.0158365 -0.309813 0.0201936 -0.0162528 0.999664 30.2177
0.99953 -0.0202213 -0.0230282 -0.0430433 0.0205795 0.999669 0.0154235 -0.31317 0.0227087 -0.0158902 0.999616 31.0319
0.999551 -0.01856 -0.023533 -0.0591774 0.0189222 0.999704 0.0152653 -0.316567 0.0232428 -0.0157038 0.999607 31.8526
0.999557 -0.0176006 -0.0239874 -0.0899281 0.0179779 0.999717 0.0156083 -0.321947 0.0237058 -0.0160326 0.999591 32.6572
0.999603 -0.0166231 -0.0227712 -0.114585 0.0169798 0.999735 0.0155605 -0.32699 0.0225065 -0.0159409 0.99962 33.4518
0.999601 -0.0160092 -0.0232664 -0.135082 0.0163575 0.999756 0.0148556 -0.331749 0.0230229 -0.0152302 0.999619 34.2596
0.999539 -0.0154975 -0.0261234 -0.155754 0.0158421 0.99979 0.0130366 -0.33898 0.0259159 -0.0134444 0.999574 35.0543
0.999556 -0.0144652 -0.0260507 -0.182835 0.0147274 0.999843 0.00990427 -0.345669 0.0259034 -0.0102835 0.999612 35.8477
0.999497 -0.0134626 -0.0287151 -0.21137 0.0136709 0.999882 0.00707287 -0.354739 0.0286165 -0.00746187 0.999563 36.6201
0.999408 -0.0136783 -0.0315854 -0.235144 0.013846 0.999891 0.00509555 -0.365608 0.0315122 -0.00552986 0.999488 37.4155
0.999416 -0.0142508 -0.0310746 -0.263739 0.0143753 0.999889 0.00378679 -0.377495 0.0310172 -0.00423128 0.99951 38.2
0.999581 -0.0154421 -0.0244768 -0.298379 0.0155195 0.999875 0.0029751 -0.392163 0.0244278 -0.00335372 0.999696 38.9744
0.999659 -0.0153602 -0.0211098 -0.310302 0.0154241 0.999877 0.00286824 -0.403329 0.0210631 -0.00319286 0.999773 39.7688
0.999762 -0.015769 -0.0151 -0.332017 0.0158132 0.999871 0.00280986 -0.416971 0.0150538 -0.00304797 0.999882 40.5603
0.999816 -0.0159872 -0.0105859 -0.328355 0.0160244 0.999866 0.00344563 -0.430657 0.0105293 -0.00361463 0.999938 41.3391
0.999807 -0.0160814 -0.0113343 -0.331992 0.0161272 0.999862 0.0039592 -0.444072 0.0112691 -0.00414123 0.999928 42.1022
0.999822 -0.016148 -0.00978173 -0.340284 0.0161869 0.999861 0.0039134 -0.455569 0.00971718 -0.00407104 0.999945 42.8992
0.999859 -0.015156 -0.00719264 -0.343152 0.0151833 0.999878 0.00374983 -0.46808 0.00713493 -0.00385851 0.999967 43.685
0.999889 -0.0141726 -0.00468076 -0.361186 0.0141929 0.99989 0.00432846 -0.48002 0.0046189 -0.00439441 0.99998 44.4824
0.999898 -0.0136103 -0.00438937 -0.359914 0.0136359 0.99989 0.00585693 -0.489467 0.00430917 -0.00591618 0.999973 45.2778
0.999891 -0.0140273 -0.00455296 -0.36379 0.0140617 0.999872 0.00760444 -0.501027 0.00444571 -0.00766764 0.999961 46.0607
0.999879 -0.0145084 -0.00558108 -0.368737 0.0145577 0.999855 0.00889211 -0.508495 0.00545125 -0.00897229 0.999945 46.8474
0.999894 -0.0139161 -0.00432586 -0.371945 0.0139531 0.999865 0.00863408 -0.516803 0.00420512 -0.00869352 0.999953 47.644
0.99993 -0.0118667 0.000616416 -0.378188 0.011862 0.999904 0.0071432 -0.527802 -0.000701123 -0.00713539 0.999974 48.4475
0.999936 -0.0109791 0.00286768 -0.381187 0.0109621 0.999923 0.00587296 -0.5336 -0.00293193 -0.00584115 0.999979 49.2599
0.999944 -0.00968474 0.00428895 -0.368981 0.00966068 0.999938 0.00559467 -0.542481 -0.00434287 -0.00555292 0.999975 50.0656
0.999949 -0.00842915 0.00553382 -0.372111 0.00839254 0.999943 0.00660431 -0.549143 -0.00558917 -0.00655754 0.999963 50.8705
0.999942 -0.00746417 0.00781417 -0.372567 0.00740365 0.999943 0.00774503 -0.556769 -0.00787153 -0.00768673 0.99994 51.694
0.999948 -0.00736694 0.00702284 -0.363367 0.00730616 0.999936 0.00864117 -0.567231 -0.00708605 -0.00858941 0.999938 52.539
0.999938 -0.0055305 0.00964956 -0.361923 0.00544835 0.999949 0.00851939 -0.573593 -0.00969619 -0.00846629 0.999917 53.3687
0.999913 -0.00245727 0.0129562 -0.36673 0.00234411 0.999959 0.00874197 -0.578144 -0.0129771 -0.00871084 0.999878 54.2016
0.999933 -0.00287626 0.0112103 -0.355397 0.00276331 0.999945 0.010078 -0.584143 -0.0112386 -0.0100463 0.999887 55.0492
0.999905 -0.00539777 0.0127029 -0.349162 0.00524971 0.999918 0.0116602 -0.585233 -0.0127648 -0.0115924 0.999851 55.9115
0.999829 -0.0109605 0.0148973 -0.33596 0.0108045 0.999886 0.0105121 -0.59485 -0.0150109 -0.0103493 0.999834 56.7764
0.999787 -0.0120032 0.0167837 -0.324056 0.0119309 0.999919 0.00440003 -0.610926 -0.0168351 -0.00419885 0.99985 57.6273
0.999783 -0.0118833 0.0170914 -0.303009 0.0119492 0.999922 -0.00375928 -0.618118 -0.0170454 0.0039627 0.999847 58.4964
0.999796 -0.0126964 0.01569 -0.289689 0.0128561 0.999866 -0.010125 -0.630216 -0.0155593 0.0103247 0.999826 59.3751
0.999802 -0.0157419 0.012198 -0.272247 0.0158369 0.999845 -0.00773101 -0.655184 -0.0120744 0.00792266 0.999896 60.2449
0.99985 -0.0127008 0.0118194 -0.267046 0.0127063 0.999919 -0.000393758 -0.671182 -0.0118135 0.000543878 0.99993 61.1283
0.999896 -0.00769556 0.0121908 -0.26928 0.00760092 0.999941 0.00779051 -0.679201 -0.01225 -0.00769704 0.999895 62.0028
0.999896 -0.00547748 0.013347 -0.266801 0.00528798 0.999885 0.0141922 -0.690539 -0.0134232 -0.0141202 0.99981 62.865
0.999884 -0.00560048 0.0141921 -0.258108 0.00535821 0.99984 0.0170514 -0.698704 -0.0142853 -0.0169734 0.999754 63.7266
0.999845 -0.00762315 0.0158979 -0.255982 0.00737306 0.999849 0.0157301 -0.703127 -0.0160154 -0.0156105 0.99975 64.5887
0.999843 -0.00957659 0.0149181 -0.235166 0.0093993 0.999885 0.0119091 -0.709332 -0.0150304 -0.011767 0.999818 65.4511
0.999886 -0.0109124 0.01041 -0.227551 0.0108221 0.999904 0.00868477 -0.714817 -0.0105038 -0.00857113 0.999908 66.3148
0.999891 -0.0123828 0.00800919 -0.222361 0.0123249 0.999898 0.00723361 -0.723612 -0.00809794 -0.00713411 0.999942 67.1865
0.999911 -0.0125127 0.00469954 -0.224109 0.0124749 0.99989 0.00797823 -0.734479 -0.00479886 -0.0079189 0.999957 68.0367
0.999911 -0.0130344 0.00269428 -0.227213 0.013009 0.999873 0.00924555 -0.74295 -0.00281445 -0.00920968 0.999954 68.8906
0.999921 -0.0125556 -1.37102e-05 -0.227506 0.0125551 0.999871 0.0100346 -0.754805 -0.000112281 -0.0100339 0.99995 69.7516
0.999921 -0.0123963 -0.00214279 -0.2324 0.0124186 0.999865 0.0107267 -0.763306 0.00200953 -0.0107525 0.99994 70.6068
0.999927 -0.0119199 -0.00212449 -0.239383 0.0119426 0.999868 0.010996 -0.770046 0.00199314 -0.0110206 0.999937 71.461
0.999937 -0.0112377 -0.000724026 -0.242661 0.0112446 0.999882 0.0104503 -0.781987 0.000606503 -0.0104578 0.999945 72.3108
0.999957 -0.00907197 -0.00200214 -0.248294 0.00909087 0.999912 0.00964499 -0.787006 0.00191447 -0.00966278 0.999952 73.1762
0.999966 -0.00770748 -0.00280274 -0.256632 0.00773428 0.999923 0.00968127 -0.792518 0.00272791 -0.00970262 0.999949 74.0447
0.999977 -0.00671181 -0.00129932 -0.25949 0.00672549 0.999919 0.0108292 -0.801197 0.00122653 -0.0108377 0.999941 74.8997
0.999985 -0.00548592 2.47749e-05 -0.264296 0.00548526 0.999918 0.0115887 -0.805149 -8.83473e-05 -0.0115884 0.999933 75.7616
0.999994 -0.00281396 0.00194607 -0.270094 0.00279344 0.999941 0.0104648 -0.811125 -0.0019754 -0.0104593 0.999943 76.6471
0.999992 -0.00186977 0.00356499 -0.273836 0.00184019 0.999964 0.00828332 -0.820165 -0.00358035 -0.0082767 0.999959 77.5235
0.999989 -0.000608553 0.00465844 -0.276045 0.000580888 0.999982 0.00593741 -0.827699 -0.00466197 -0.00593464 0.999972 78.4047
0.999995 -0.000540323 0.00297188 -0.274774 0.000526063 0.999988 0.00479691 -0.834744 -0.00297444 -0.00479533 0.999984 79.289
0.999995 -0.000620194 0.00329938 -0.277547 0.000605863 0.99999 0.00434271 -0.847976 -0.00330205 -0.00434069 0.999985 80.1961
0.999997 -0.00165697 0.00173167 -0.275354 0.0016501 0.999991 0.00396257 -0.859225 -0.00173822 -0.00395971 0.999991 81.1135
0.999998 -0.00167025 0.000872347 -0.276814 0.00166753 0.999994 0.00311222 -0.871842 -0.00087754 -0.00311076 0.999995 82.0168
0.999998 -0.00210264 0.000394591 -0.282525 0.00210179 0.999996 0.00214664 -0.882887 -0.000399102 -0.00214581 0.999998 82.9248
0.999999 -0.00117239 0.00114552 -0.277788 0.00117098 0.999999 0.00123087 -0.898653 -0.00114696 -0.00122953 0.999999 83.8502
0.999999 -0.00067487 0.00159745 -0.283796 0.000672735 0.999999 0.00133581 -0.910208 -0.00159835 -0.00133473 0.999998 84.7667
0.999996 -0.000492875 0.00289564 -0.282125 0.000485221 0.999996 0.00264304 -0.92577 -0.00289693 -0.00264162 0.999992 85.7068
0.999992 0.000947137 0.00381902 -0.279538 -0.000964747 0.999989 0.00461216 -0.93521 -0.00381461 -0.0046158 0.999982 86.6328
0.999996 0.00126539 0.00244521 -0.279886 -0.00128084 0.999979 0.00632722 -0.948307 -0.00243715 -0.00633033 0.999977 87.5764
0.999993 0.00177979 0.00339283 -0.278709 -0.00180443 0.999972 0.00727568 -0.96036 -0.00337979 -0.00728175 0.999968 88.5236
0.999994 0.00293443 0.00163805 -0.275201 -0.00294667 0.999967 0.00752249 -0.965681 -0.00161592 -0.00752727 0.99997 89.4819
0.999994 0.00334922 0.00100923 -0.282342 -0.00335668 0.999967 0.00748061 -0.974892 -0.000984142 -0.00748395 0.999972 90.4475
0.999988 0.00402261 0.00269347 -0.282321 -0.00403972 0.999972 0.00637822 -0.983834 -0.00266773 -0.00638903 0.999976 91.4146
0.999989 0.00417661 0.00232976 -0.28597 -0.00418749 0.99998 0.0046825 -0.993995 -0.00231015 -0.0046922 0.999986 92.3898
0.999986 0.00355322 0.00403425 -0.285086 -0.00356641 0.999988 0.00326629 -1.00267 -0.0040226 -0.00328063 0.999987 93.3782
0.999974 0.00412138 0.005993 -0.290557 -0.00413631 0.999988 0.00248037 -1.01619 -0.00598271 -0.00250509 0.999979 94.3623
0.999966 0.00517799 0.00642639 -0.286063 -0.00519254 0.999984 0.00225065 -1.02826 -0.00641463 -0.00228394 0.999977 95.3658
0.999937 0.00751063 0.00832361 -0.283817 -0.00753807 0.999966 0.00327 -1.0429 -0.00829877 -0.00333254 0.99996 96.3742
0.999909 0.0101577 0.00883801 -0.288979 -0.0102045 0.999934 0.00527413 -1.05194 -0.00878386 -0.00536384 0.999947 97.3833
0.99984 0.0149431 0.00982301 -0.285159 -0.0149994 0.999871 0.00568398 -1.06761 -0.00973681 -0.00583042 0.999936 98.3978
0.999742 0.018401 0.013321 -0.28687 -0.018476 0.999814 0.00552658 -1.06898 -0.0132169 -0.00577127 0.999896 99.4196
0.999749 0.0174505 0.0140293 -0.279086 -0.0175667 0.999812 0.00820099 -1.08548 -0.0138835 -0.00844539 0.999868 100.458
0.999712 0.0178572 0.0160325 -0.2583 -0.0180553 0.999761 0.0122981 -1.08584 -0.0158091 -0.0125841 0.999796 101.489
0.999685 0.01546 0.0197479 -0.246846 -0.0157891 0.999737 0.0166215 -1.08483 -0.0194857 -0.016928 0.999667 102.545
0.99971 0.0115687 0.0211216 -0.217444 -0.0120213 0.999698 0.0214286 -1.0907 -0.0208673 -0.0216763 0.999547 103.584
0.999736 0.00862453 0.0213062 -0.186908 -0.0091367 0.999669 0.0240596 -1.08538 -0.0210916 -0.0242479 0.999483 104.639
0.999759 0.00766011 0.0205742 -0.17012 -0.00814272 0.999691 0.0234765 -1.0787 -0.0203881 -0.0236383 0.999513 105.68
0.999792 0.00537223 0.0197027 -0.144184 -0.00581762 0.999727 0.0226181 -1.07319 -0.0195758 -0.022728 0.99955 106.727
0.999792 0.00257565 0.0202473 -0.13013 -0.00303245 0.999741 0.0225628 -1.06615 -0.0201839 -0.0226195 0.99954 107.792
0.999825 -0.000624863 0.0186954 -0.108099 0.000189634 0.999729 0.0232728 -1.06247 -0.0187049 -0.0232652 0.999554 108.844
0.999858 -0.00359324 0.0164531 -0.0924131 0.00319489 0.999703 0.0241736 -1.0553 -0.016535 -0.0241176 0.999572 109.903
0.999845 -0.00716956 0.0160877 -0.0710038 0.00674033 0.999624 0.0265776 -1.05069 -0.0162722 -0.0264651 0.999517 110.99
0.999855 -0.0110637 0.0129186 -0.0477799 0.0106899 0.999532 0.0286516 -1.04086 -0.0132296 -0.0285093 0.999506 112.044
0.999784 -0.0153935 0.013946 -0.0316639 0.0149975 0.999493 0.0280731 -1.03543 -0.0143711 -0.0278579 0.999509 113.112
0.9998 -0.0157089 0.0123784 -0.0204452 0.0153973 0.999572 0.0248765 -1.0303 -0.0127638 -0.024681 0.999614 114.168
0.999783 -0.0162529 0.013077 -0.000441715 0.0159553 0.999618 0.0225535 -1.02514 -0.0134386 -0.02234 0.99966 115.211
0.999773 -0.0158704 0.014246 0.0117969 0.0155575 0.999641 0.0218129 -1.02168 -0.014587 -0.0215863 0.999661 116.287
0.999765 -0.0152236 0.0154706 0.0227902 0.0148897 0.999659 0.0214684 -1.0186 -0.0157921 -0.021233 0.99965 117.328
0.999765 -0.0129362 0.0174164 0.0360987 0.0125671 0.999698 0.0211352 -1.02076 -0.0176845 -0.0209113 0.999625 118.383
0.999735 -0.0125664 0.019267 0.046648 0.0121158 0.999654 0.0233275 -1.0183 -0.0195535 -0.0230879 0.999542 119.442
0.999708 -0.0135376 0.0199983 0.063418 0.0130168 0.999579 0.0259489 -1.01216 -0.0203412 -0.025681 0.999463 120.484
0.9997 -0.0134593 0.0204905 0.0867206 0.0129173 0.999569 0.0263545 -1.0098 -0.0208364 -0.0260819 0.999443 121.537
0.999708 -0.0131464 0.0202802 0.105904 0.0126541 0.999627 0.0242141 -1.00719 -0.0205909 -0.0239504 0.999501 122.572
0.999661 -0.0131664 0.0224644 0.119214 0.0126797 0.999685 0.0216713 -1.00456 -0.0227426 -0.0213791 0.999513 123.607
0.99964 -0.0121598 0.0239056 0.145327 0.0116748 0.999725 0.0203276 -1.00698 -0.0241462 -0.0200412 0.999508 124.644
0.999601 -0.0143104 0.0243641 0.166256 0.0138069 0.99969 0.020712 -1.00539 -0.0246529 -0.0203674 0.999489 125.672
0.999565 -0.0173745 0.0238425 0.196127 0.0168529 0.999618 0.0219069 -1.00689 -0.0242141 -0.0214956 0.999476 126.699
0.999554 -0.0184755 0.0234443 0.212875 0.0179451 0.999583 0.0226385 -1.00657 -0.0238528 -0.0222078 0.999469 127.732
0.999514 -0.0207695 0.0232551 0.235382 0.020259 0.999553 0.0219756 -1.00685 -0.0237012 -0.0214938 0.999488 128.74
0.999486 -0.0228117 0.022535 0.265046 0.022337 0.999528 0.0210946 -1.00841 -0.0230056 -0.0205804 0.999524 129.762
0.999495 -0.02274 0.0222038 0.283286 0.0222722 0.999529 0.0210916 -1.00653 -0.0226729 -0.0205865 0.999531 130.8
0.999521 -0.021842 0.0219359 0.303644 0.0213493 0.99952 0.02245 -1.0068 -0.0224157 -0.0219709 0.999507 131.79
0.999547 -0.02059 0.0219301 0.314366 0.0200427 0.999489 0.0248868 -1.00296 -0.0224313 -0.024436 0.99945 132.825
0.999609 -0.0185224 0.0209538 0.329605 0.0179598 0.999482 0.0267224 -0.999315 -0.0214379 -0.0263356 0.999423 133.827
0.999637 -0.0166278 0.021194 0.348313 0.01603 0.999477 0.028073 -0.995323 -0.0216497 -0.0277231 0.999381 134.835
0.99968 -0.0135696 0.0213545 0.356 0.012976 0.999532 0.027692 -0.991261 -0.0217203 -0.0274061 0.999388 135.837
0.999721 -0.0109628 0.0209184 0.366947 0.0103846 0.999566 0.0275516 -0.983333 -0.0212114 -0.0273267 0.999402 136.832
0.999779 -0.00655161 0.0199859 0.375347 0.0060398 0.999655 0.0255618 -0.979153 -0.0201465 -0.0254355 0.999474 137.809
0.999778 -0.00546916 0.0203559 0.385105 0.00501398 0.999738 0.0223453 -0.97636 -0.0204728 -0.0222382 0.999543 138.81
0.999792 -0.00311744 0.0201606 0.39344 0.00271707 0.999799 0.0198558 -0.976588 -0.0202184 -0.0197969 0.9996 139.777
0.9998 -0.00132842 0.0199572 0.402524 0.000909196 0.999779 0.0210006 -0.971956 -0.0199807 -0.0209783 0.99958 140.767
0.999805 -0.00421549 0.0193088 0.417841 0.00371147 0.999653 0.0260648 -0.968057 -0.019412 -0.025988 0.999474 141.731
0.999797 -0.00676466 0.0189578 0.435864 0.0062031 0.999545 0.0295254 -0.9676 -0.0191489 -0.0294018 0.999384 142.689
0.999787 -0.00893657 0.0186304 0.447016 0.00840221 0.999557 0.0285654 -0.963986 -0.0188774 -0.0284028 0.999418 143.654
0.999775 -0.011576 0.0178042 0.465483 0.0110917 0.999572 0.0270644 -0.958333 -0.0181099 -0.0268608 0.999475 144.572
0.999763 -0.0128362 0.0176071 0.4843 0.0123565 0.999557 0.0270849 -0.953354 -0.017947 -0.0268609 0.999478 145.511
0.999744 -0.0143641 0.0174686 0.498718 0.0138949 0.999547 0.0266875 -0.950308 -0.0178441 -0.0264379 0.999491 146.442
0.999752 -0.0147054 0.0167495 0.505463 0.0142744 0.999571 0.0255628 -0.950701 -0.0171183 -0.0253173 0.999533 147.348
0.99976 -0.0138513 0.0169978 0.518181 0.0134209 0.999593 0.0251749 -0.944813 -0.0173395 -0.0249407 0.999539 148.254
0.999774 -0.0137244 0.0162724 0.525374 0.0132813 0.999546 0.0270304 -0.943768 -0.016636 -0.0268082 0.999502 149.142
0.999758 -0.0143655 0.0166951 0.537256 0.0138696 0.99947 0.029449 -0.939838 -0.0171093 -0.0292103 0.999427 150.023
0.999742 -0.0154738 0.0166094 0.541925 0.0149433 0.999389 0.0316005 -0.933149 -0.0170882 -0.0313442 0.999363 150.91
0.999734 -0.0165487 0.0160983 0.560208 0.0160109 0.999328 0.0329789 -0.931548 -0.0166332 -0.0327123 0.999326 151.753
0.999735 -0.0163346 0.0162061 0.568862 0.0157811 0.999307 0.0337141 -0.924239 -0.0167456 -0.0334494 0.9993 152.598
0.999723 -0.0165549 0.0167066 0.584778 0.0159991 0.999332 0.0328695 -0.918088 -0.0172396 -0.0325932 0.99932 153.414
0.99971 -0.0185577 0.0153416 0.588999 0.0180745 0.999354 0.0310609 -0.916868 -0.0159081 -0.0307746 0.9994 154.205
0.999733 -0.0180694 0.0143939 0.600389 0.0176376 0.999407 0.0295809 -0.909568 -0.0149199 -0.0293191 0.999459 154.992
0.999728 -0.0191452 0.0133284 0.604954 0.018754 0.999407 0.0288834 -0.9102 -0.0138735 -0.0286256 0.999494 155.739
0.999773 -0.0179559 0.011442 0.618421 0.01764 0.999476 0.0271346 -0.903657 -0.0119233 -0.0269266 0.999566 156.447
0.999853 -0.0142888 0.00948598 0.622386 0.0140553 0.999607 0.0242382 -0.907424 -0.00982859 -0.0241014 0.999661 157.157
0.999868 -0.0145853 0.00721056 0.611026 0.0144332 0.999681 0.0207129 -0.907296 -0.00751036 -0.0206061 0.999759 157.832
0.999865 -0.0155141 0.00546002 0.617072 0.0154148 0.999723 0.0177947 -0.915225 -0.00573458 -0.0177081 0.999827 158.485
0.999901 -0.013442 0.00419364 0.616827 0.0133739 0.999785 0.015867 -0.918042 -0.00440602 -0.0158093 0.999865 159.093
0.999937 -0.01076 0.00326046 0.619516 0.0107103 0.999832 0.0148945 -0.925726 -0.00342018 -0.0148587 0.999884 159.711
0.999943 -0.0101941 0.00315231 0.613107 0.0101425 0.999821 0.0159851 -0.927959 -0.0033147 -0.0159523 0.999867 160.3
0.999918 -0.0124803 0.0028925 0.60449 0.0124246 0.999751 0.0185466 -0.9317 -0.00312324 -0.0185092 0.999824 160.874
0.999905 -0.0129799 0.00470852 0.614911 0.0128914 0.999748 0.0183699 -0.942119 -0.00494577 -0.0183075 0.99982 161.433
0.999871 -0.0131933 0.00911332 0.620946 0.0130336 0.999764 0.0173667 -0.949818 -0.0093403 -0.0172457 0.999808 161.987
0.999835 -0.0120482 0.013636 0.624813 0.0118363 0.99981 0.0155147 -0.954391 -0.0138203 -0.0153507 0.999787 162.504
0.99974 -0.0109902 0.0199856 0.6396 0.0107482 0.999868 0.0121735 -0.957623 -0.0201168 -0.0119555 0.999726 163.009
0.999559 -0.00988771 0.0280031 0.656705 0.00964365 0.999914 0.00883704 -0.960749 -0.0280881 -0.00856309 0.999569 163.49
0.999257 -0.00913385 0.0374467 0.676701 0.00888046 0.999937 0.00692732 -0.968197 -0.0375076 -0.00658962 0.999275 163.951
0.998846 -0.00940637 0.047111 0.701982 0.00906029 0.999931 0.0075541 -0.976664 -0.0471787 -0.00711854 0.998861 164.396
0.998297 -0.00933192 0.0575936 0.734392 0.00887334 0.999927 0.00821294 -0.983465 -0.0576661 -0.0076879 0.998306 164.828
0.997509 -0.00924377 0.069935 0.77049 0.00875592 0.999935 0.00727913 -0.992284 -0.0699978 -0.00664866 0.997525 165.233
0.996549 -0.00751238 0.082671 0.805771 0.00705117 0.999958 0.00586949 -0.999055 -0.0827116 -0.00526631 0.99656 165.64
0.99533 -0.00605638 0.0963419 0.849443 0.00554125 0.999969 0.00561356 -1.00682 -0.0963729 -0.00505349 0.995333 166.006
0.993771 -0.00529379 0.111314 0.897164 0.00460786 0.999969 0.0064185 -1.01287 -0.111344 -0.0058656 0.993765 166.385
0.991923 -0.00554237 0.126721 0.958897 0.00464397 0.999962 0.00738391 -1.01977 -0.126757 -0.00673578 0.991911 166.751
0.989753 -0.00537885 0.142688 1.01521 0.00442022 0.999966 0.0070345 -1.02859 -0.142721 -0.0063317 0.989743 167.074
0.987134 -0.00518046 0.159814 1.07852 0.00441487 0.999977 0.00514515 -1.03398 -0.159837 -0.00437339 0.987134 167.413
0.984128 -0.00484585 0.177393 1.14813 0.00428025 0.999985 0.00357094 -1.04264 -0.177407 -0.00275497 0.984134 167.735
0.980533 -0.00409121 0.196311 1.22475 0.00350455 0.999988 0.00333574 -1.04785 -0.196322 -0.00258283 0.980536 168.049
0.976095 -0.00290652 0.217327 1.31965 0.00205633 0.999989 0.00413807 -1.05237 -0.217336 -0.00359225 0.97609 168.373
0.970966 -0.00299821 0.239199 1.39967 0.00172814 0.999983 0.00551922 -1.05649 -0.239212 -0.00494561 0.970955 168.673
0.964728 -0.00462319 0.263208 1.50088 0.00291108 0.999972 0.00689439 -1.06223 -0.263233 -0.00588499 0.964714 168.983
0.957862 -0.00378713 0.287204 1.60443 0.00194513 0.999976 0.00669862 -1.06892 -0.287222 -0.0058577 0.957846 169.273
0.949983 -0.00182283 0.312297 1.71464 1.12941e-05 0.999983 0.00580237 -1.07654 -0.312303 -0.00550863 0.949967 169.568
0.940955 0.00163111 0.338528 1.83894 -0.00334385 0.999984 0.00447621 -1.07896 -0.338516 -0.0053439 0.940946 169.86
0.930705 0.00334157 0.365757 1.96708 -0.00485249 0.999983 0.00321176 -1.08582 -0.36574 -0.00476404 0.930705 170.129
0.918905 0.00307093 0.394466 2.1109 -0.00419853 0.999989 0.00199549 -1.0905 -0.394456 -0.00348985 0.918908 170.414
0.905765 0.000733347 0.423779 2.28275 -0.00101184 0.999999 0.000432176 -1.09278 -0.423778 -0.000820249 0.905766 170.707
0.891303 -0.00113903 0.453407 2.44962 0.00174793 0.999998 -0.000923906 -1.10236 -0.453405 0.001616 0.891303 170.971
0.875268 -0.00124822 0.483637 2.63918 0.00286377 0.999993 -0.00260185 -1.10336 -0.48363 0.00366234 0.875265 171.263
0.858383 -0.000149741 0.513009 2.83007 0.00268607 0.999988 -0.00420253 -1.10949 -0.513002 0.00498536 0.858373 171.532
0.839635 0.000740041 0.543151 3.04093 0.00268414 0.999981 -0.00551177 -1.11572 -0.543145 0.00608576 0.839617 171.81
0.819303 0.00178709 0.573359 3.26801 0.00203831 0.99998 -0.00602945 -1.12305 -0.573358 0.00610863 0.819282 172.102
0.798218 0.00234286 0.602364 3.50388 0.00122137 0.999984 -0.00550786 -1.13202 -0.602367 0.00513218 0.798203 172.379
0.775948 0.00278105 0.630791 3.75857 0.00132421 0.999981 -0.00603767 -1.14053 -0.630796 0.00552022 0.775929 172.662
0.752892 0.00170893 0.658142 4.02433 0.00345496 0.999973 -0.00654889 -1.15037 -0.658135 0.00720446 0.752866 172.924
0.728433 0.000962598 0.685116 4.31604 0.00613896 0.99995 -0.00793206 -1.15531 -0.685089 0.00998388 0.728391 173.194
0.702537 0.000451251 0.711648 4.6425 0.00880325 0.999918 -0.00932459 -1.16152 -0.711593 0.0128157 0.702475 173.471
0.676701 -0.000154883 0.736258 4.95279 0.010794 0.999895 -0.00971047 -1.16898 -0.736179 0.0145182 0.676631 173.722
0.649306 -0.00121179 0.760527 5.30764 0.0112165 0.999905 -0.00798295 -1.17909 -0.760445 0.0137138 0.649258 173.993
0.620774 -0.00198662 0.783988 5.68059 0.0103736 0.99993 -0.00568014 -1.18228 -0.783921 0.0116588 0.620751 174.272
0.592258 -0.0026128 0.805745 6.06184 0.00946377 0.999948 -0.00371374 -1.18958 -0.805693 0.00982487 0.592252 174.516
0.563021 -0.00477655 0.826429 6.47262 0.0100638 0.999949 -0.00107669 -1.20152 -0.826381 0.00892319 0.56304 174.774
0.533378 -0.00532004 0.84586 6.91914 0.00940732 0.999956 0.000357204 -1.21058 -0.845825 0.00776675 0.533405 175.03
0.504244 -0.00539368 0.863545 7.35768 0.00883918 0.99996 0.00108433 -1.22081 -0.863516 0.00708626 0.504272 175.256
0.474409 -0.000454576 0.880305 7.8354 0.00361285 0.999992 -0.00143063 -1.22443 -0.880297 0.00385911 0.474407 175.505
0.445694 0.00337229 0.895179 8.31081 -0.000352898 0.999994 -0.00359144 -1.22308 -0.895185 0.00128478 0.445693 175.733
0.416842 0.00346465 0.908972 8.81332 -0.00115234 0.999994 -0.00328314 -1.23185 -0.908978 0.000321109 0.416844 175.955
0.386927 0.00271542 0.922107 9.36063 -0.00295515 0.999994 -0.00170477 -1.24009 -0.922106 -0.00206534 0.386933 176.175
0.357803 0.00268472 0.933793 9.91606 -0.00680704 0.999977 -0.000266738 -1.25118 -0.933772 -0.00626093 0.357813 176.374
0.328973 0.00351886 0.944333 10.4771 -0.0132606 0.999912 0.000893576 -1.24781 -0.944246 -0.0128164 0.328991 176.568
0.299675 0.00164002 0.95404 11.0871 -0.016179 0.999863 0.00336321 -1.26069 -0.953904 -0.0164432 0.29966 176.76
0.271629 0.00134591 0.962401 11.6903 -0.0200083 0.999791 0.00424896 -1.26871 -0.962194 -0.0204101 0.271599 176.919
0.243634 0.00193885 0.969866 12.341 -0.0224087 0.999742 0.00363057 -1.27096 -0.969608 -0.0226179 0.243615 177.075
0.216756 0.00433112 0.976216 12.9877 -0.023974 0.999712 0.000887726 -1.28119 -0.975932 -0.0235962 0.216797 177.214
0.192944 0.00773866 0.981179 13.6387 -0.0245013 0.999695 -0.00306663 -1.28839 -0.980904 -0.0234485 0.193075 177.337
0.171629 0.00998859 0.985111 14.3328 -0.0234202 0.999707 -0.00605626 -1.30212 -0.984883 -0.0220321 0.171812 177.447
0.153822 0.0103194 0.988045 15.0256 -0.0220538 0.999732 -0.00700808 -1.30981 -0.987852 -0.0207121 0.154009 177.548
0.137956 0.00837836 0.990403 15.7296 -0.0206459 0.999771 -0.00558179 -1.32449 -0.990223 -0.0196777 0.138097 177.645
0.123349 0.00524417 0.99235 16.4748 -0.0190354 0.999815 -0.00291753 -1.33288 -0.992181 -0.0185299 0.123426 177.731
0.109781 0.000324082 0.993956 17.2151 -0.0159814 0.999871 0.00143912 -1.35038 -0.993827 -0.0160428 0.109772 177.806
0.0975486 -0.00262903 0.995228 17.9716 -0.015638 0.999869 0.00417408 -1.35598 -0.995108 -0.0159706 0.0974948 177.882
0.08621 -0.0023451 0.996274 18.748 -0.0170253 0.999848 0.00382675 -1.36783 -0.996132 -0.0172918 0.086157 177.949
0.0764374 0.00116993 0.997074 19.5269 -0.0190655 0.999818 0.000288451 -1.37188 -0.996892 -0.0190318 0.0764458 178.011
0.0665304 0.00490716 0.997773 20.3207 -0.0199435 0.999795 -0.0035873 -1.38785 -0.997585 -0.0196604 0.0666146 178.066
0.0561175 0.00632641 0.998404 21.1428 -0.021201 0.999762 -0.00514337 -1.39924 -0.998199 -0.0208785 0.0562383 178.11
0.0444476 0.00506292 0.998999 21.9634 -0.0237732 0.999709 -0.00400879 -1.40641 -0.998729 -0.0235713 0.0445551 178.153
0.0316582 0.00378909 0.999492 22.8246 -0.0243464 0.999699 -0.00301872 -1.42321 -0.999202 -0.0242384 0.0317409 178.191
0.0190652 0.00312365 0.999814 23.6652 -0.0242464 0.999703 -0.00266095 -1.43432 -0.999524 -0.0241911 0.0191352 178.209
0.0068006 0.0021593 0.999975 24.5249 -0.0225243 0.999744 -0.00200562 -1.45696 -0.999723 -0.0225101 0.0068475 178.22
-0.00591437 -0.000949475 0.999982 25.3979 -0.0206312 0.999787 0.000827267 -1.46758 -0.99977 -0.0206259 -0.00593269 178.212
-0.0174286 -0.00478138 0.999837 26.2617 -0.0185065 0.999819 0.00445869 -1.47763 -0.999677 -0.0184257 -0.0175139 178.198
-0.0284029 -0.00697213 0.999572 27.146 -0.016548 0.999842 0.0065038 -1.49015 -0.99946 -0.0163562 -0.0285138 178.174
-0.0380965 -0.00607463 0.999256 28.0474 -0.0147708 0.999876 0.00551526 -1.49874 -0.999165 -0.0145497 -0.0381815 178.145
-0.0464161 -0.00271455 0.998919 28.9432 -0.0115035 0.999931 0.00218277 -1.51243 -0.998856 -0.0113898 -0.0464441 178.104
-0.0531455 0.00119593 0.998586 29.8232 -0.00763296 0.99997 -0.00160382 -1.52485 -0.998558 -0.0077074 -0.0531348 178.054
-0.057857 0.00287294 0.998321 30.711 -0.00352004 0.999989 -0.00308175 -1.54354 -0.998319 -0.00369243 -0.0578462 177.998
-0.0611286 0.000945588 0.99813 31.6011 -0.00153042 0.999998 -0.00104109 -1.55461 -0.998129 -0.0015912 -0.061127 177.941
-0.0648326 -0.00248139 0.997893 32.5311 0.00104704 0.999996 0.00255464 -1.56804 -0.997896 0.00121046 -0.0648298 177.883
-0.0676846 -0.00425182 0.997698 33.4321 0.00232478 0.999988 0.0044193 -1.58426 -0.997704 0.00261854 -0.0676739 177.817
-0.070167 -0.00439938 0.997526 34.363 0.00354764 0.999983 0.00465976 -1.59561 -0.997529 0.00386583 -0.0701502 177.757
-0.0710543 -0.00386997 0.997465 35.2836 0.00509343 0.999978 0.00424255 -1.60779 -0.997459 0.00538197 -0.071033 177.691
-0.0709111 -0.00410046 0.997474 36.205 0.00772195 0.999959 0.00465964 -1.61842 -0.997453 0.00803287 -0.0708765 177.628
-0.0704899 -0.00411543 0.997504 37.1339 0.0100118 0.999938 0.00483297 -1.63052 -0.997462 0.0103275 -0.0704443 177.565
-0.068223 -0.00421972 0.997661 38.0833 0.0130116 0.999902 0.00511896 -1.63913 -0.997585 0.0133304 -0.0681614 177.499
-0.0658648 -0.00457216 0.997818 39.0285 0.0143908 0.999881 0.00553153 -1.65232 -0.997725 0.0147237 -0.0657912 177.438
-0.0633217 -0.00518811 0.99798 39.9844 0.0153182 0.999864 0.00616984 -1.66289 -0.997876 0.0156779 -0.0632336 177.383
-0.059978 -0.0064646 0.998179 40.9463 0.0156507 0.99985 0.00741584 -1.66924 -0.998077 0.016067 -0.0598678 177.327
-0.0563931 -0.00811529 0.998376 41.9205 0.0171661 0.999811 0.00909658 -1.67792 -0.998261 0.0176512 -0.0562432 177.273
-0.0523028 -0.00924709 0.998589 42.9034 0.0177782 0.99979 0.0101894 -1.68181 -0.998473 0.018286 -0.0521275 177.229
-0.0474454 -0.0085118 0.998838 43.907 0.0196114 0.999763 0.00945124 -1.69066 -0.998681 0.0200371 -0.0472672 177.187
-0.0426169 -0.00688485 0.999068 44.8955 0.0208083 0.999753 0.00777719 -1.69885 -0.998875 0.0211204 -0.0424631 177.149
-0.0370989 -0.00521808 0.999298 45.909 0.0225204 0.999728 0.0060564 -1.70848 -0.999058 0.0227293 -0.0369713 177.115
-0.0313678 -0.0059656 0.99949 46.9012 0.0219746 0.999736 0.00665671 -1.71393 -0.999266 0.0221722 -0.0312285 177.084
-0.0251988 -0.010263 0.99963 47.9399 0.0214873 0.999711 0.0108055 -1.71585 -0.999451 0.0217516 -0.024971 177.066
-0.0189369 -0.0146919 0.999713 48.9527 0.0231523 0.999618 0.015129 -1.72527 -0.999553 0.0234321 -0.0185895 177.05
-0.0129442 -0.0136342 0.999823 49.9939 0.0220619 0.99966 0.0139176 -1.72436 -0.999673 0.0222381 -0.012639 177.044
-0.00658664 -0.00722106 0.999952 51.0284 0.0203768 0.999765 0.00735393 -1.73355 -0.999771 0.0204243 -0.00643795 177.038
0.000453657 -0.000875924 1 52.0903 0.0210166 0.999779 0.000866196 -1.73774 -0.999779 0.0210162 0.000471967 177.045
0.00759317 0.00100905 0.999971 53.1471 0.0230104 0.999735 -0.00118354 -1.75318 -0.999706 0.0230188 0.00756794 177.057
0.0143977 -0.00170904 0.999895 54.2156 0.0243234 0.999703 0.00135848 -1.76577 -0.9996 0.0243013 0.014435 177.073
0.0216393 -0.00517359 0.999753 55.3061 0.0270658 0.999623 0.00458709 -1.77905 -0.999399 0.0269598 0.0217712 177.099
0.0286164 -0.00537545 0.999576 56.3973 0.0284308 0.999585 0.00456156 -1.79352 -0.999186 0.0282883 0.0287574 177.133
0.0350925 -0.00364027 0.999378 57.5049 0.0289766 0.999577 0.0026235 -1.80719 -0.998964 0.0288665 0.0351831 177.176
0.0407152 -0.00314618 0.999166 58.613 0.029127 0.999574 0.00196056 -1.81645 -0.998746 0.0290229 0.0407895 177.231
0.0452614 -0.00395442 0.998968 59.7171 0.0291758 0.999571 0.0026349 -1.83184 -0.998549 0.0290264 0.0453574 177.285
0.0491177 -0.00556489 0.998778 60.8577 0.0291542 0.999566 0.00413554 -1.84634 -0.998367 0.0289154 0.0492586 177.343
0.0526094 -0.00743994 0.998588 61.9967 0.0296522 0.999543 0.00588487 -1.85922 -0.998175 0.0293007 0.052806 177.406
0.0556709 -0.00950999 0.998404 63.1326 0.0300359 0.999518 0.0078458 -1.86742 -0.997997 0.0295512 0.0559297 177.475
0.0595493 -0.0113419 0.998161 64.2868 0.0301038 0.999501 0.00956118 -1.87798 -0.997771 0.0294791 0.059861 177.552
0.0621091 -0.0130312 0.997984 65.4459 0.0285008 0.99953 0.0112776 -1.89182 -0.997662 0.0277429 0.0624513 177.623
0.0649258 -0.0161638 0.997759 66.6067 0.0278021 0.99951 0.014383 -1.88564 -0.997503 0.026806 0.0653434 177.715
0.066244 -0.0168129 0.997662 67.7718 0.028283 0.999488 0.0149657 -1.8944 -0.997403 0.0272255 0.0666856 177.795
0.0673851 -0.0114166 0.997662 68.9073 0.0268689 0.999593 0.00962394 -1.89943 -0.997365 0.0261576 0.0676644 177.878
0.0691024 -0.00865799 0.997572 70.074 0.0302334 0.999521 0.00658062 -1.90736 -0.997151 0.0297052 0.0693311 177.958
0.0705689 -0.0112021 0.997444 71.248 0.0338385 0.999388 0.00882987 -1.92873 -0.996933 0.0331289 0.0709048 178.041
0.0716796 -0.0128709 0.997345 72.385 0.0359889 0.999299 0.0103095 -1.92817 -0.996778 0.0351543 0.0720926 178.129
0.0728596 -0.00947472 0.997297 73.5683 0.0331086 0.999427 0.00707613 -1.94598 -0.996793 0.0325035 0.0731315 178.218
0.072852 -0.00678391 0.99732 74.7159 0.0315991 0.999491 0.00449042 -1.9595 -0.996842 0.0311873 0.0730293 178.315
0.0730744 -0.00613732 0.997308 75.8936 0.0293198 0.999562 0.00400288 -1.97438 -0.996895 0.0289484 0.0732224 178.409
0.0737754 -0.00694992 0.997251 77.0539 0.0307358 0.999517 0.00469191 -1.99048 -0.996801 0.0303052 0.0739533 178.502
0.0744085 -0.0094732 0.997183 78.2299 0.0328739 0.999435 0.00704158 -2.00553 -0.996686 0.0322574 0.0746779 178.593
0.0751821 -0.0136936 0.997076 79.4035 0.036694 0.999267 0.0109569 -2.02064 -0.996494 0.035763 0.0756294 178.679
0.0752667 -0.0183806 0.996994 80.5963 0.0405317 0.99906 0.0153588 -2.02226 -0.996339 0.0392538 0.0759409 178.773
0.0753447 -0.0204706 0.996948 81.7586 0.0434624 0.998907 0.0172261 -2.0282 -0.99621 0.0420318 0.076152 178.863
0.0769911 -0.0150739 0.996918 82.9357 0.0413861 0.999072 0.0119102 -2.03475 -0.996172 0.0403415 0.0775435 178.966
0.0777814 -0.00754966 0.996942 84.1241 0.0385328 0.999247 0.00456078 -2.04317 -0.996226 0.0380602 0.0780138 179.063
0.0781856 -0.00602638 0.996921 85.2931 0.0347867 0.999389 0.00331308 -2.05864 -0.996332 0.0344205 0.0783474 179.161
0.0804391 -0.00984456 0.996711 86.4862 0.03595 0.999329 0.0069691 -2.06635 -0.996111 0.0352712 0.0807391 179.272
0.0816811 -0.0127827 0.996577 87.6717 0.0358883 0.999307 0.00987628 -2.08029 -0.996012 0.0349587 0.0820832 179.377
0.0837614 -0.0147952 0.996376 88.8738 0.0381583 0.999204 0.0116294 -2.09267 -0.995755 0.0370459 0.0842593 179.471
0.0857018 -0.0153255 0.996203 90.0588 0.0372675 0.999231 0.012166 -2.0964 -0.995624 0.0360833 0.0862071 179.581
0.0869434 -0.0146 0.996106 91.2792 0.0366185 0.999264 0.0114501 -2.10637 -0.99554 0.0354804 0.087414 179.694
0.089303 -0.0144793 0.995899 92.4686 0.0339874 0.999356 0.0114818 -2.11381 -0.995424 0.0328227 0.0897377 179.815
0.0908582 -0.0156543 0.995741 93.6813 0.0322626 0.999398 0.012768 -2.11806 -0.995341 0.0309651 0.0913085 179.931
0.0932346 -0.0172995 0.995494 94.8728 0.0327601 0.999361 0.0142985 -2.12574 -0.995105 0.0312794 0.0937418 180.047
0.0961127 -0.0169012 0.995227 96.0762 0.032478 0.999377 0.0138352 -2.12976 -0.994841 0.0309933 0.0966017 180.175
0.0982445 -0.015125 0.995048 97.2925 0.033036 0.999383 0.0119292 -2.13822 -0.994614 0.0317004 0.0986835 180.294
0.10136 -0.0150598 0.994736 98.4943 0.0307473 0.999455 0.0119982 -2.14825 -0.994375 0.0293694 0.101767 180.422
0.103268 -0.0179671 0.994491 99.6924 0.0314862 0.999395 0.0147861 -2.14689 -0.994155 0.0297858 0.103771 180.553
0.104988 -0.0205204 0.994262 100.928 0.0318153 0.999345 0.0172658 -2.15827 -0.993964 0.02982 0.105572 180.689
0.108439 -0.0186973 0.993928 102.13 0.0295025 0.999443 0.0155823 -2.1568 -0.993665 0.0276336 0.10893 180.831
0.110775 -0.014847 0.993735 103.331 0.0296776 0.999492 0.0116247 -2.16266 -0.993402 0.0282039 0.11116 180.97
0.112789 -0.0126511 0.993539 104.545 0.0287995 0.999541 0.00945815 -2.17758 -0.993202 0.0275467 0.113101 181.104
0.115288 -0.0132447 0.993244 105.729 0.027124 0.99958 0.0101809 -2.18281 -0.992962 0.025767 0.115598 181.258
0.116942 -0.0151558 0.993023 106.945 0.0276804 0.999545 0.0119956 -2.19713 -0.992753 0.0260845 0.117309 181.404
0.119652 -0.0163523 0.992681 108.13 0.0279701 0.999523 0.0130936 -2.20473 -0.992422 0.0261987 0.120053 181.558
0.121949 -0.0169254 0.992392 109.335 0.0294193 0.999477 0.0134311 -2.21797 -0.9921 0.0275576 0.122383 181.701
0.123354 -0.0187753 0.992185 110.543 0.0321663 0.999371 0.0149122 -2.22139 -0.991841 0.0300754 0.12388 181.848
0.125084 -0.0206632 0.991931 111.724 0.0343854 0.999273 0.0164801 -2.22862 -0.99155 0.0320465 0.125703 182.001
0.126258 -0.0203984 0.991788 112.928 0.0354088 0.999244 0.016044 -2.23084 -0.991365 0.0330923 0.126885 182.158
0.127105 -0.0186066 0.991715 114.133 0.0345477 0.9993 0.014321 -2.24022 -0.991288 0.0324412 0.127659 182.315
0.128457 -0.0180002 0.991552 115.294 0.0329454 0.999361 0.0138739 -2.24367 -0.991168 0.0308849 0.128968 182.484
0.129085 -0.018938 0.991453 116.516 0.0312202 0.9994 0.015025 -2.25002 -0.991142 0.0290139 0.129599 182.646
0.130436 -0.0191501 0.991272 117.702 0.0286399 0.999469 0.0155399 -2.25749 -0.991043 0.0263629 0.130916 182.805
0.130994 -0.0190408 0.9912 118.873 0.0266423 0.999522 0.0156797 -2.26012 -0.991025 0.0243539 0.131439 182.972
0.131442 -0.0189812 0.991142 120.071 0.0265252 0.999526 0.0156241 -2.26843 -0.990969 0.0242366 0.131883 183.138
0.132652 -0.0183839 0.990992 121.24 0.0271801 0.99952 0.0149038 -2.27148 -0.99079 0.0249582 0.133088 183.298
0.133431 -0.0174047 0.990906 122.416 0.0279342 0.999515 0.0137945 -2.27869 -0.990664 0.0258396 0.133852 183.457
