1 9.31323e-10 1.12777e-10 0 -9.31323e-10 1 -4.65661e-10 7.45058e-09 -1.34605e-10 -9.31323e-10 1 0
0.999999 -0.000219728 0.00176528 0.00461192 0.000218351 1 0.000778752 -0.0220325 -0.00176545 -0.000778367 0.999998 0.430917
0.999996 0.00144441 0.00258146 0.00900222 -0.00144107 0.999998 -0.00129503 -0.0301501 -0.00258333 0.0012913 0.999996 0.857505
0.999992 0.00302288 0.00248741 -0.00211285 -0.003015 0.999991 -0.00316552 -0.039111 -0.00249695 0.003158 0.999992 1.28713
0.999997 0.00176895 0.00164931 -0.000439144 -0.00176226 0.99999 -0.00404551 -0.047445 -0.00165645 0.00404259 0.999991 1.70934
0.999997 -0.00112269 -0.0020495 0.0119638 0.00111369 0.99999 -0.00439015 -0.0582588 0.00205441 0.00438785 0.999988 2.13809
0.999972 -0.00428594 -0.00607566 0.019522 0.00426879 0.999987 -0.00283199 -0.0723975 0.00608772 0.00280598 0.999978 2.55989
0.9999 -0.00633468 -0.012632 0.00857332 0.00630652 0.999978 -0.00226748 -0.0804936 0.0126461 0.00218758 0.999918 2.9879
0.999894 -0.0046826 -0.0138098 -0.0126358 0.00465794 0.999988 -0.00181714 -0.0909372 0.0138181 0.00175262 0.999903 3.405
0.999822 -0.00361621 -0.0185104 -0.0143613 0.00358292 0.999992 -0.00183109 -0.0994871 0.0185168 0.00176444 0.999827 3.81519
0.999681 -0.00307918 -0.0250912 -0.0282798 0.00303628 0.999994 -0.00174738 -0.112237 0.0250965 0.00167064 0.999684 4.20848
0.999606 -0.00270546 -0.0279251 -0.0416011 0.00266771 0.999996 -0.00138907 -0.12324 0.0279287 0.00131403 0.999609 4.61978
0.999552 -0.00351168 -0.0297251 -0.0646764 0.00346675 0.999993 -0.00156307 -0.131709 0.0297304 0.00145932 0.999557 5.00779
0.99932 -0.00386957 -0.0366806 -0.080561 0.00377971 0.99999 -0.00251873 -0.138988 0.03669 0.00237837 0.999324 5.39604
0.99917 -0.00430317 -0.0404963 -0.0889035 0.00418873 0.999987 -0.00291033 -0.147982 0.0405083 0.00273829 0.999175 5.77351
0.998916 -0.0038058 -0.0463974 -0.109998 0.0037026 0.999991 -0.00230989 -0.157821 0.0464058 0.00213559 0.99892 6.15067
0.998629 -0.00263076 -0.0522866 -0.119814 0.00254509 0.999995 -0.00170498 -0.165687 0.0522908 0.00156957 0.998631 6.51047
0.998451 -0.00184172 -0.055612 -0.15591 0.00179413 0.999998 -0.000905624 -0.177682 0.0556135 0.000804444 0.998452 6.85169
0.998315 -0.00122425 -0.0580094 -0.174073 0.00119445 0.999999 -0.000548286 -0.186673 0.05801 0.000478073 0.998316 7.18847
0.998163 -2.41948e-05 -0.0605901 -0.195137 -2.19559e-05 1 -0.000761002 -0.191819 0.0605901 0.000760932 0.998163 7.50824
0.998031 0.000229037 -0.0627271 -0.21206 -0.000331892 0.999999 -0.00162932 -0.200636 0.0627266 0.00164693 0.998029 7.81194
0.997958 0.000568936 -0.0638739 -0.233025 -0.000710961 0.999997 -0.00220082 -0.208356 0.0638725 0.00224174 0.997956 8.09649
0.997805 0.000618403 -0.0662187 -0.251504 -0.000825142 0.999995 -0.00309473 -0.215364 0.0662165 0.00314258 0.9978 8.38387
0.997711 0.00144141 -0.0676102 -0.274392 -0.00174574 0.999989 -0.00444247 -0.221378 0.067603 0.00455033 0.997702 8.64658
0.997648 0.00206977 -0.0685122 -0.299647 -0.00246877 0.999981 -0.00573969 -0.227126 0.068499 0.00589533 0.997634 8.91039
0.997611 0.00217878 -0.0690455 -0.326013 -0.00266371 0.999972 -0.0069321 -0.234598 0.0690285 0.00709945 0.99759 9.16713
0.99753 0.00136463 -0.0702275 -0.337323 -0.00191774 0.999968 -0.00780925 -0.242608 0.0702145 0.00792463 0.9975 9.42418
0.997583 0.000264912 -0.0694865 -0.357687 -0.000889693 0.999959 -0.0089606 -0.251917 0.0694813 0.00900076 0.997543 9.6796
0.997538 0.000387426 -0.0701326 -0.373813 -0.00112185 0.999945 -0.0104329 -0.26207 0.0701247 0.0104859 0.997483 9.94451
0.997473 0.00212572 -0.0710223 -0.395569 -0.00290637 0.999937 -0.0108902 -0.266984 0.0709947 0.0110691 0.997415 10.2045
0.997344 0.00438128 -0.0727083 -0.416965 -0.00506112 0.999945 -0.00916864 -0.271542 0.0726641 0.00951227 0.997311 10.4808
0.997304 0.0042687 -0.0732611 -0.43989 -0.00469999 0.999973 -0.00571565 -0.275895 0.0732347 0.00604456 0.997296 10.7607
0.997288 0.00293065 -0.0735398 -0.456177 -0.00316752 0.99999 -0.00310448 -0.28004 0.07353 0.003329 0.997287 11.0348
0.997336 0.00139979 -0.0729334 -0.482212 -0.00172833 0.999989 -0.00444175 -0.29143 0.0729263 0.00455597 0.997327 11.3006
0.997353 0.00151345 -0.0726918 -0.49784 -0.0020231 0.999974 -0.00693801 -0.304123 0.0726794 0.00706671 0.99733 11.5655
0.997341 0.00228845 -0.0728346 -0.520295 -0.00289614 0.999962 -0.008239 -0.312052 0.0728129 0.00842804 0.99731 11.8247
0.997316 0.0034647 -0.0731332 -0.542598 -0.00414352 0.99995 -0.00913225 -0.320822 0.0730978 0.00941077 0.99728 12.0801
0.997449 0.00307724 -0.0713114 -0.567352 -0.00377347 0.999947 -0.00963068 -0.325178 0.0712779 0.00987521 0.997408 12.3338
0.997575 0.00124465 -0.0695907 -0.582816 -0.00188304 0.999957 -0.0091086 -0.333188 0.0695764 0.00921755 0.997534 12.5298
0.997704 8.5752e-05 -0.067722 -0.599975 -0.000630239 0.999968 -0.0080187 -0.339871 0.0677192 0.00804297 0.997672 12.7835
0.997775 0.00122087 -0.0666623 -0.62298 -0.00198781 0.999933 -0.0114397 -0.342754 0.0666438 0.0115468 0.99771 13.03
0.997845 0.00498442 -0.0654241 -0.638777 -0.006236 0.999801 -0.01894 -0.347042 0.0653167 0.0193072 0.997678 13.2486
0.997855 0.00609436 -0.0651758 -0.653885 -0.00784791 0.999613 -0.0266828 -0.348775 0.064988 0.0271371 0.997517 13.5046
0.99807 0.00417606 -0.0619629 -0.671676 -0.00601033 0.999548 -0.0294459 -0.356654 0.0618119 0.0297615 0.997644 13.7839
0.99832 -4.96916e-05 -0.0579368 -0.693766 -0.0015119 0.999637 -0.0269092 -0.362042 0.0579171 0.0269516 0.997958 14.037
0.998369 -0.000874479 -0.0570849 -0.701329 -0.00050233 0.999709 -0.0240998 -0.38087 0.0570894 0.0240892 0.998079 14.3712
0.998559 0.000954644 -0.0536577 -0.72482 -0.00218 0.999738 -0.0227827 -0.391708 0.0536219 0.0228668 0.9983 14.6765
0.998676 -0.000176109 -0.0514358 -0.745412 -0.000975468 0.999749 -0.0223627 -0.399959 0.0514269 0.0223832 0.998426 15.0024
0.998779 -0.000205556 -0.0494113 -0.764758 -0.000949423 0.999727 -0.0233502 -0.414128 0.0494026 0.0233686 0.998506 15.3409
0.998977 -0.000861406 -0.0452149 -0.783212 -0.000262693 0.999691 -0.0248495 -0.423748 0.0452223 0.0248359 0.998668 15.6923
0.999009 -0.000703564 -0.0445106 -0.794721 -0.000418482 0.999683 -0.0251942 -0.43972 0.0445142 0.0251878 0.998691 16.0484
0.999037 -0.00155629 -0.0438556 -0.81487 0.000513309 0.999717 -0.0237835 -0.453252 0.0438802 0.023738 0.998755 16.4112
0.999158 -0.00249071 -0.0409446 -0.835363 0.00158266 0.999752 -0.022195 -0.470708 0.0409897 0.0221115 0.998915 16.7873
0.999035 -0.00105182 -0.0439218 -0.858973 0.000159356 0.999794 -0.020318 -0.484489 0.0439341 0.0202914 0.998829 17.1906
0.999065 -0.00190683 -0.0431921 -0.872334 0.00105898 0.999807 -0.0196442 -0.499607 0.0432212 0.0195801 0.998874 17.6168
0.999113 -0.00070359 -0.0420993 -0.881105 -7.91522e-05 0.999827 -0.0185882 -0.516696 0.0421051 0.018575 0.998941 18.0458
0.999075 -0.000346894 -0.0429918 -0.891766 -0.000392848 0.999852 -0.0171969 -0.534892 0.0429914 0.0171979 0.998928 18.509
0.998998 -0.000161084 -0.0447558 -0.927229 -0.00053253 0.99988 -0.0154854 -0.552637 0.0447529 0.0154937 0.998878 18.9289
0.999016 0.00119227 -0.0443356 -0.946607 -0.00184959 0.999889 -0.0147879 -0.570803 0.044313 0.0148554 0.998907 19.4345
0.998849 0.00452933 -0.0477549 -0.968938 -0.00527379 0.999866 -0.0154747 -0.584688 0.0476785 0.0157088 0.998739 19.881
0.998816 0.00755892 -0.0480581 -1.00684 -0.00831875 0.999843 -0.0156304 -0.599172 0.0479324 0.0160117 0.998722 20.3703
0.998781 0.00807695 -0.0486899 -1.03945 -0.00870483 0.999882 -0.0126973 -0.610473 0.0485816 0.0131057 0.998733 20.8539
0.998787 0.00597863 -0.0488729 -1.06287 -0.00638862 0.999946 -0.0082371 -0.622091 0.048821 0.00853934 0.998771 21.3286
0.998848 0.00535602 -0.0476887 -1.07903 -0.00557959 0.999974 -0.00455622 -0.636158 0.047663 0.00481705 0.998852 21.833
0.998702 0.00768585 -0.0503601 -1.11264 -0.00780435 0.999967 -0.0021569 -0.651488 0.0503418 0.00254713 0.998729 22.2871
0.998706 0.0112204 -0.0496011 -1.1333 -0.011292 0.999936 -0.00116426 -0.660417 0.0495848 0.00172285 0.998769 22.7806
0.998542 0.0125849 -0.0525015 -1.16434 -0.0126689 0.999919 -0.00126724 -0.673932 0.0524813 0.00193053 0.99862 23.2776
0.998416 0.0116481 -0.0550523 -1.19429 -0.0118404 0.999925 -0.00316923 -0.681755 0.0550112 0.00381605 0.998479 23.791
0.998244 0.00997895 -0.0583984 -1.20899 -0.0102938 0.999934 -0.00509233 -0.689942 0.0583437 0.00568453 0.99828 24.217
0.998083 0.00936497 -0.0611824 -1.25448 -0.00976339 0.999933 -0.00621632 -0.696249 0.0611201 0.00680175 0.998107 24.671
0.998184 0.01036 -0.0593422 -1.28189 -0.0107299 0.999925 -0.00591838 -0.710532 0.0592764 0.00654437 0.99822 25.1772
0.998345 0.01282 -0.056057 -1.32914 -0.0131339 0.9999 -0.00523556 -0.722509 0.0559842 0.00596314 0.998414 25.712
0.998531 0.0141248 -0.0523153 -1.38291 -0.0143887 0.999886 -0.00467032 -0.732356 0.0522433 0.00541621 0.99862 26.232
0.998769 0.0130327 -0.0478554 -1.37839 -0.0132699 0.999901 -0.00464349 -0.742647 0.0477902 0.00527281 0.998844 26.7242
0.998654 0.0128592 -0.0502474 -1.41443 -0.0131257 0.999901 -0.004978 -0.753537 0.0501785 0.00563084 0.998724 27.2253
0.998786 0.0116014 -0.0478752 -1.43105 -0.0118597 0.999917 -0.00511563 -0.766154 0.0478118 0.0056772 0.99884 27.7665
0.99884 0.0102054 -0.0470695 -1.43458 -0.0104611 0.999932 -0.00519086 -0.777493 0.0470133 0.00567723 0.998878 28.262
0.998835 0.00939918 -0.0473366 -1.46371 -0.00965592 0.99994 -0.00519799 -0.792967 0.0472849 0.00564902 0.998866 28.8249
0.998887 0.00843879 -0.0464071 -1.46378 -0.00869492 0.999948 -0.00532015 -0.803117 0.0463598 0.00571773 0.998908 29.321
0.998839 0.0083265 -0.0474562 -1.49087 -0.00861922 0.999945 -0.0059671 -0.815598 0.0474039 0.00636921 0.998856 29.8314
0.998876 0.00742483 -0.0468269 -1.51332 -0.00773308 0.99995 -0.00640515 -0.828954 0.0467769 0.00676006 0.998883 30.3749
0.998942 0.00572635 -0.0456328 -1.53123 -0.00602658 0.999961 -0.00644434 -0.842782 0.0455941 0.00671253 0.998938 30.8807
0.998903 0.00489674 -0.046574 -1.57078 -0.00521192 0.999964 -0.00664832 -0.854119 0.0465398 0.00688377 0.998893 31.4141
0.999017 0.00424859 -0.0441175 -1.57894 -0.00457602 0.999963 -0.0073236 -0.868516 0.0440848 0.00751828 0.999 31.9808
0.998993 0.00402712 -0.0446878 -1.61362 -0.00438405 0.999959 -0.00789213 -0.882804 0.0446542 0.00808009 0.99897 32.5133
0.998896 0.00349542 -0.046848 -1.65392 -0.00389883 0.999956 -0.00852225 -0.896311 0.0468162 0.00869549 0.998866 33.0415
0.998984 0.00367579 -0.044927 -1.6798 -0.00409875 0.999948 -0.00932573 -0.913888 0.0448904 0.00950039 0.998947 33.6523
0.999076 0.00337717 -0.0428402 -1.71726 -0.00379707 0.999946 -0.00972382 -0.928407 0.0428051 0.00987751 0.999035 34.2314
0.999045 0.00351817 -0.0435493 -1.70395 -0.00394726 0.999945 -0.00977081 -0.948475 0.0435125 0.00993338 0.999004 34.8494
0.9991 0.00367735 -0.042263 -1.74495 -0.00408935 0.999945 -0.00966631 -0.962492 0.0422251 0.00983043 0.99906 35.4357
0.999116 0.00413488 -0.0418287 -1.77173 -0.00454245 0.999943 -0.00965343 -0.980036 0.0417864 0.00983491 0.999078 36.0391
0.999028 0.00390427 -0.0439171 -1.78604 -0.00432243 0.999946 -0.00943067 -0.99617 0.0438779 0.00961132 0.998991 36.6037
0.999035 0.00331673 -0.0437895 -1.82717 -0.00367794 0.99996 -0.00817079 -1.01167 0.0437607 0.00832396 0.999007 37.217
0.99885 0.00398218 -0.0477849 -1.83897 -0.00435468 0.999961 -0.00769377 -1.0276 0.0477524 0.00789301 0.998828 37.7927
0.998809 0.00458039 -0.0485682 -1.88438 -0.00494989 0.99996 -0.00749024 -1.04526 0.0485319 0.00772173 0.998792 38.388
0.998747 0.00512211 -0.0497843 -1.93965 -0.00544806 0.999965 -0.0064138 -1.06019 0.0497497 0.00667698 0.99874 38.9985
0.99876 0.0048001 -0.0495551 -1.96408 -0.00511612 0.999967 -0.0062523 -1.07754 0.0495234 0.00649807 0.998752 39.6225
0.998629 0.00470838 -0.0521449 -2.00916 -0.00507205 0.999964 -0.00684406 -1.09174 0.0521108 0.00709916 0.998616 40.231
0.998604 0.0043339 -0.0526517 -2.04713 -0.00472551 0.999962 -0.00731545 -1.11133 0.052618 0.00755403 0.998586 40.8465
0.998642 0.00509896 -0.0518523 -2.09046 -0.00550329 0.999956 -0.00765791 -1.12439 0.0518109 0.00793286 0.998626 41.4356
0.998459 0.00562712 -0.0552172 -2.12528 -0.00608521 0.999948 -0.00813157 -1.13935 0.0551686 0.00845504 0.998441 42.0473
0.998426 0.00490091 -0.0558662 -2.14405 -0.00536793 0.999952 -0.00821268 -1.15252 0.0558233 0.00849964 0.998405 42.6274
0.99843 0.00373749 -0.0558889 -2.1973 -0.00416291 0.999963 -0.0074975 -1.17213 0.0558588 0.00771838 0.998409 43.2518
0.998297 0.00297165 -0.0582672 -2.23045 -0.0033961 0.999968 -0.00718698 -1.18629 0.0582439 0.00737262 0.998275 43.8571
0.998294 0.00361181 -0.0582704 -2.27225 -0.00403789 0.999966 -0.00719609 -1.20456 0.0582424 0.0074191 0.998275 44.4514
0.998142 0.00429635 -0.0607844 -2.30793 -0.00484263 0.999949 -0.00884258 -1.22338 0.0607434 0.0091205 0.998112 45.0778
0.998063 0.00386738 -0.0620916 -2.37151 -0.00463449 0.999915 -0.0122154 -1.24032 0.0620391 0.0124795 0.997996 45.6876
0.997948 0.00154581 -0.0640175 -2.38441 -0.00252527 0.999881 -0.0152219 -1.26171 0.0639863 0.0153524 0.997833 46.2828
0.99785 -0.00107826 -0.0655251 -2.42725 -4.39137e-05 0.999853 -0.017122 -1.28167 0.065534 0.0170881 0.997704 46.8822
0.997847 -0.000651503 -0.0655894 -2.46768 -0.000570491 0.999827 -0.0186105 -1.30193 0.0655902 0.0186078 0.997673 47.4811
0.997736 0.00147369 -0.0672422 -2.50143 -0.00263567 0.999849 -0.0171951 -1.32306 0.0672067 0.0173334 0.997589 48.0994
0.997648 0.00194075 -0.0685211 -2.56114 -0.0027967 0.999919 -0.012398 -1.3392 0.0684915 0.0125605 0.997573 48.7086
0.997658 0.00114375 -0.0683966 -2.59742 -0.00156898 0.99998 -0.00616373 -1.36006 0.0683881 0.0062566 0.997639 49.3303
0.997693 0.000717011 -0.0678796 -2.64825 -0.000619776 0.999999 0.00145353 -1.37518 0.0678806 -0.00140811 0.997693 49.9285
0.997642 0.00153727 -0.0686208 -2.70149 -0.000975067 0.999966 0.00822566 -1.38715 0.0686311 -0.00813935 0.997609 50.5394
0.997819 0.00226111 -0.0659732 -2.74424 -0.00150208 0.999932 0.0115525 -1.40222 0.0659948 -0.0114282 0.997755 51.1979
0.99786 0.00308824 -0.0653099 -2.77159 -0.00234337 0.999931 0.0114788 -1.4081 0.0653409 -0.0113012 0.997799 51.7893
0.997934 0.00396083 -0.0641295 -2.80119 -0.00342941 0.999959 0.00839458 -1.41924 0.0641601 -0.00815731 0.997906 52.4231
0.998053 0.00438641 -0.0622255 -2.85071 -0.00411036 0.999981 0.00456361 -1.42283 0.0622443 -0.00429896 0.998052 53.0159
0.99815 0.00265488 -0.0607504 -2.88348 -0.00259562 0.999996 0.00105426 -1.43396 0.060753 -0.000894621 0.998152 53.6278
0.998184 0.000596906 -0.060239 -2.90485 -0.000686794 0.999999 -0.00147153 -1.44415 0.0602381 0.00151023 0.998183 54.2478
0.998327 0.000233987 -0.0578206 -2.9566 -0.00039554 0.999996 -0.00278262 -1.45853 0.0578197 0.00280084 0.998323 54.8419
0.998517 0.00218407 -0.0543989 -2.9736 -0.00233123 0.999994 -0.00264202 -1.46594 0.0543928 0.00276492 0.998516 55.4221
0.998483 0.00379565 -0.0549381 -3.01867 -0.00393943 0.999989 -0.002509 -1.47996 0.0549279 0.00272162 0.998487 56.051
0.998538 0.0053083 -0.0537902 -3.04714 -0.00547313 0.999981 -0.00291741 -1.49646 0.0537737 0.00320754 0.998548 56.6554
0.9985 0.00434304 -0.0545885 -3.10328 -0.00448126 0.999987 -0.00240992 -1.5068 0.0545773 0.00265093 0.998506 57.25
0.998471 0.00524733 -0.0550389 -3.12869 -0.00544174 0.99998 -0.00338293 -1.52582 0.05502 0.00367726 0.998479 57.8687
0.998432 0.00632667 -0.0556162 -3.15073 -0.006576 0.999969 -0.00430129 -1.5399 0.0555873 0.00466028 0.998443 58.4658
0.998462 0.00751628 -0.0549283 -3.21216 -0.00775461 0.999961 -0.0041271 -1.55146 0.0548951 0.00454669 0.998482 59.0557
0.998328 0.00818986 -0.0572228 -3.22708 -0.00841813 0.999958 -0.00374921 -1.56808 0.0571897 0.00422465 0.998355 59.6551
0.998384 0.00811659 -0.056239 -3.28716 -0.00832068 0.99996 -0.00339581 -1.58177 0.0562092 0.00385828 0.998412 60.2194
0.99838 0.0082792 -0.0562866 -3.34224 -0.00845651 0.99996 -0.00291256 -1.59793 0.0562603 0.00338383 0.998411 60.8199
0.998375 0.00876777 -0.0563032 -3.37043 -0.00891789 0.999957 -0.00241547 -1.61346 0.0562796 0.00291365 0.998411 61.4124
0.998382 0.00916364 -0.0561201 -3.41683 -0.00929637 0.999955 -0.00210442 -1.62816 0.0560983 0.00262273 0.998422 62.0212
0.998247 0.00957917 -0.0584063 -3.45271 -0.0096987 0.999951 -0.00176343 -1.6425 0.0583866 0.0023268 0.998291 62.5869
0.998214 0.00993823 -0.0589155 -3.48683 -0.0100651 0.999948 -0.00185643 -1.65588 0.0588939 0.0024461 0.998261 63.2058
0.998217 0.00982884 -0.0588703 -3.51804 -0.00993882 0.999949 -0.00157587 -1.67214 0.0588518 0.00215816 0.998264 63.7739
0.998029 0.010641 -0.0618515 -3.55613 -0.0107622 0.999941 -0.00162684 -1.68567 0.0618305 0.00228929 0.998084 64.3515
0.998011 0.0110072 -0.062068 -3.61055 -0.0111007 0.999938 -0.00116201 -1.69651 0.0620513 0.0018487 0.998071 64.9242
0.99782 0.0116343 -0.0649575 -3.6517 -0.0117188 0.999931 -0.000919712 -1.71128 0.0649423 0.00167893 0.997888 65.5109
0.997706 0.0125067 -0.0665308 -3.69274 -0.0125482 0.999921 -0.000205989 -1.72185 0.0665229 0.00104036 0.997784 66.0698
0.997546 0.0130505 -0.0687936 -3.74389 -0.0130667 0.999915 0.000213293 -1.73511 0.0687905 0.000686138 0.997631 66.6267
0.997424 0.0138509 -0.0703822 -3.76568 -0.0138338 0.999904 0.000731157 -1.74839 0.0703856 0.000244377 0.99752 67.1995
0.99704 0.0147652 -0.0754562 -3.8172 -0.0147389 0.999891 0.000905876 -1.75917 0.0754613 0.000208945 0.997149 67.782
0.996952 0.015857 -0.0763959 -3.85855 -0.0158432 0.999874 0.000786505 -1.77116 0.0763987 0.000426249 0.997077 68.3405
0.996759 0.016276 -0.0787785 -3.88779 -0.0163223 0.999867 5.65033e-05 -1.78306 0.0787689 0.00122953 0.996892 68.9142
0.996397 0.016293 -0.0832272 -3.95471 -0.0164066 0.999865 -0.000681702 -1.79588 0.0832048 0.00204472 0.99653 69.4628
0.996242 0.0158792 -0.08515 -3.97396 -0.0160718 0.99987 -0.00157647 -1.80891 0.0851138 0.00293905 0.996367 70.0217
0.995915 0.0161442 -0.0888421 -4.05768 -0.0164445 0.999861 -0.00264958 -1.82182 0.088787 0.00409972 0.996042 70.6165
0.995544 0.0161907 -0.0929042 -4.10817 -0.0165918 0.999856 -0.00354749 -1.83491 0.0928334 0.00507313 0.995669 71.1597
0.995227 0.0157521 -0.0963059 -4.15343 -0.0162166 0.99986 -0.00404238 -1.84672 0.0962287 0.00558484 0.995344 71.6968
0.995063 0.0154767 -0.0980357 -4.20426 -0.0159789 0.999863 -0.00433972 -1.85946 0.097955 0.0058848 0.995173 72.1995
0.994951 0.0151754 -0.0992104 -4.2753 -0.0156674 0.999869 -0.00418205 -1.87545 0.0991339 0.0057153 0.995058 72.7477
0.994786 0.0160295 -0.100719 -4.31613 -0.0164694 0.999858 -0.003538 -1.88776 0.100648 0.00517833 0.994909 73.247
0.994811 0.0177412 -0.100186 -4.38779 -0.0181068 0.999832 -0.00274166 -1.89999 0.100121 0.00454149 0.994965 73.7338
0.995156 0.0197227 -0.0963103 -4.42684 -0.0200227 0.999797 -0.00214934 -1.91118 0.0962484 0.00406731 0.995349 74.2208
0.995478 0.0213709 -0.09256 -4.46239 -0.0216323 0.999764 -0.00182188 -1.92554 0.0924993 0.00381593 0.995705 74.7117
0.996334 0.0230473 -0.0823889 -4.50213 -0.0232842 0.999727 -0.00191595 -1.93629 0.0823223 0.00382729 0.996598 75.1461
0.997279 0.0257628 -0.069077 -4.52567 -0.0259425 0.999662 -0.00170525 -1.94788 0.0690097 0.00349264 0.99761 75.5734
0.99841 0.0283092 -0.0487421 -4.5308 -0.0284114 0.999595 -0.00140459 -1.95652 0.0486826 0.00278719 0.998811 76.0107
0.999253 0.0300202 -0.0243557 -4.55011 -0.0300634 0.999547 -0.00141277 -1.96766 0.0243022 0.00214393 0.999702 76.4072
0.999524 0.0297892 0.00798086 -4.52417 -0.0297735 0.999555 -0.0020845 -1.97861 -0.0080394 0.00184589 0.999966 76.8261
0.998736 0.0280797 0.0416929 -4.4908 -0.0279795 0.999604 -0.00298509 -1.98944 -0.0417602 0.00181477 0.999126 77.1502
0.996239 0.0257681 0.0827226 -4.45521 -0.0255323 0.999666 -0.0039068 -2.00258 -0.0827957 0.00178001 0.996565 77.5612
0.991361 0.022813 0.129166 -4.37075 -0.0223625 0.999738 -0.00493714 -2.01429 -0.129245 0.00200601 0.991611 77.9526
0.983085 0.0195206 0.182107 -4.22947 -0.0187155 0.999806 -0.00613907 -2.02715 -0.182192 0.00262701 0.983259 78.3146
0.972584 0.0152583 0.23205 -4.11329 -0.0140002 0.999877 -0.00706749 -2.03828 -0.232129 0.00362498 0.972678 78.6578
0.957197 0.0106665 0.289242 -3.95026 -0.0089703 0.999934 -0.00718921 -2.05096 -0.2893 0.0042869 0.957229 78.9795
0.938479 0.00558977 0.345292 -3.79591 -0.0037133 0.999975 -0.00609564 -2.06146 -0.345317 0.00443846 0.938476 79.3235
0.916131 0.00172487 0.400876 -3.60575 0.000124953 0.99999 -0.00458827 -2.06883 -0.40088 0.00425354 0.916121 79.6139
0.889617 -0.00425366 0.456688 -3.39409 0.00583905 0.999981 -0.00206038 -2.07976 -0.45667 0.00449957 0.889625 79.8969
0.858274 -0.00845982 0.513123 -3.14473 0.0099823 0.99995 -0.000210771 -2.0896 -0.513095 0.00530304 0.858315 80.2087
0.824741 -0.00857856 0.565446 -2.96647 0.0108846 0.999941 -0.00070548 -2.1016 -0.565406 0.00673647 0.824785 80.3951
0.785682 -0.00571251 0.618604 -2.6426 0.00811197 0.999967 -0.00106872 -2.10524 -0.618577 0.00585777 0.785703 80.6993
0.742568 -0.00252219 0.669766 -2.39517 0.00354791 0.999994 -0.000167805 -2.10687 -0.669762 0.00250088 0.742572 80.9317
0.695174 -0.00143634 0.71884 -2.08107 0.000979963 0.999999 0.00105044 -2.10866 -0.718841 -2.58023e-05 0.695175 81.1912
0.644365 -0.0046163 0.764704 -1.78435 0.0035872 0.999989 0.00301395 -2.1229 -0.764709 0.000801059 0.644375 81.4069
0.589978 -0.00616002 0.807396 -1.43218 0.00462096 0.99998 0.00425272 -2.13035 -0.807406 0.00122194 0.589995 81.5963
0.529524 -0.00415463 0.848285 -1.10555 0.00108276 0.999991 0.00422174 -2.12953 -0.848294 -0.00131703 0.529523 81.7518
0.473383 -0.00344055 0.88085 -0.743724 -0.000520132 0.999991 0.00418543 -2.13371 -0.880857 -0.00243947 0.473377 81.9205
0.41539 -0.00433478 0.909633 -0.368449 0.00134927 0.999991 0.00414922 -2.14104 -0.909642 -0.000496201 0.415392 82.0491
0.36029 -0.00565548 0.932823 0.0154503 0.00585651 0.999976 0.00380061 -2.14599 -0.932822 0.00409377 0.360314 82.1627
0.312749 -0.00613955 0.949816 0.400021 0.00991857 0.999946 0.00319767 -2.15416 -0.949784 0.00842074 0.312793 82.2353
0.268013 -0.00557211 0.963399 0.815107 0.0116361 0.999929 0.00254628 -2.15754 -0.963345 0.0105278 0.268059 82.3127
0.228321 -0.00540445 0.973571 1.22554 0.0120877 0.999923 0.00271593 -2.16238 -0.973511 0.0111482 0.228369 82.368
0.192012 -0.00487849 0.981381 1.63551 0.0130661 0.999912 0.00241417 -2.16593 -0.981306 0.0123592 0.192059 82.4135
0.159604 -0.0047148 0.98717 2.06791 0.0151191 0.999883 0.00233109 -2.17116 -0.987065 0.014553 0.159657 82.4615
0.131935 -0.00410853 0.99125 2.49066 0.0172619 0.999849 0.00184662 -2.17789 -0.991108 0.0168672 0.131986 82.4787
0.109104 -0.00316099 0.994025 2.91056 0.0179969 0.999837 0.00120414 -2.18373 -0.993867 0.017758 0.109143 82.4926
0.0857565 -0.00258936 0.996313 3.35066 0.0189004 0.999821 0.000971651 -2.18848 -0.996137 0.0187474 0.0857901 82.5333
0.06849 -0.00188759 0.99765 3.85085 0.0211153 0.999777 0.000442022 -2.19237 -0.997428 0.0210354 0.0685145 82.5512
0.0519969 -0.000299776 0.998647 4.29576 0.0234168 0.999725 -0.00091915 -2.19915 -0.998373 0.0234329 0.0519896 82.5449
0.0383671 0.00131473 0.999263 4.79244 0.0247701 0.999691 -0.00226635 -2.20811 -0.998957 0.0248388 0.0383226 82.5529
0.0288338 0.00178032 0.999583 5.3022 0.0256015 0.999669 -0.00251897 -2.21499 -0.999256 0.0256635 0.0287787 82.5601
0.0207835 0.00165349 0.999783 5.79653 0.0260872 0.999657 -0.00219558 -2.22089 -0.999444 0.0261272 0.0207333 82.5422
0.0177102 0.00169902 0.999842 6.3214 0.0275289 0.999619 -0.00218626 -2.22756 -0.999464 0.0275632 0.0176567 82.5538
0.0156533 0.0019469 0.999876 6.8655 0.0275136 0.999619 -0.00237713 -2.2339 -0.999499 0.0275474 0.0155937 82.5492
0.013507 0.000910549 0.999909 7.4 0.0271243 0.999631 -0.0012767 -2.24163 -0.999541 0.027139 0.0134773 82.5417
0.0146682 0.000182447 0.999893 7.9932 0.0264402 0.99965 -0.000570275 -2.25153 -0.999543 0.0264457 0.0146582 82.5713
0.0182433 -0.000649652 0.999834 8.58824 0.0266802 0.999644 0.000162712 -2.26147 -0.999478 0.0266728 0.0182541 82.5722
0.0197335 -0.00131295 0.999805 9.16584 0.0266227 0.999645 0.000787277 -2.26928 -0.999451 0.0266019 0.0197614 82.6102
0.0246013 -0.00151694 0.999696 9.77643 0.0258763 0.999665 0.00088011 -2.27546 -0.999362 0.0258468 0.0246323 82.6179
0.0272208 -0.00159205 0.999628 10.3937 0.0257835 0.999667 0.000890007 -2.28291 -0.999297 0.0257497 0.0272528 82.6204
0.0327458 -0.00286323 0.99946 11.0524 0.0258927 0.999663 0.00201548 -2.28975 -0.999128 0.0258127 0.0328089 82.6628
0.0351963 -0.00420899 0.999372 11.6983 0.0262452 0.99965 0.00328585 -2.29895 -0.999036 0.0261131 0.0352945 82.6787
0.0410828 -0.00542975 0.999141 12.3682 0.0267557 0.999633 0.00433228 -2.307 -0.998797 0.0265547 0.041213 82.7186
0.0443892 -0.00716252 0.998989 13.0258 0.0283584 0.99958 0.00590668 -2.31473 -0.998612 0.0280676 0.0445737 82.7572
0.0498519 -0.00800058 0.998725 13.6958 0.0291972 0.999552 0.00654981 -2.32085 -0.99833 0.0288335 0.0500632 82.8005
0.0535028 -0.00930402 0.998525 14.3568 0.0296499 0.999531 0.0077247 -2.32719 -0.998127 0.0291928 0.0537536 82.8146
0.0586143 -0.0104891 0.998226 15.0414 0.0294449 0.999528 0.00877378 -2.33143 -0.997846 0.0288784 0.0588955 82.874
0.0623666 -0.0110644 0.997992 15.7298 0.0295522 0.999521 0.00923457 -2.33695 -0.997616 0.0289169 0.0626637 82.8552
0.0669372 -0.0109738 0.997697 16.4385 0.030079 0.999507 0.00897566 -2.34714 -0.997304 0.0294089 0.0672343 82.9628
0.0672392 -0.0108417 0.997678 17.1303 0.0292382 0.999533 0.0088913 -2.35094 -0.997308 0.0285725 0.0675248 83.0049
0.0667198 -0.00992792 0.997723 17.8141 0.028387 0.999565 0.00804795 -2.3544 -0.997368 0.0277853 0.0669726 83.0555
0.065853 -0.0093441 0.997786 18.5635 0.0289801 0.999552 0.00744798 -2.36383 -0.997408 0.0284254 0.0660943 83.1129
0.0648654 -0.00867941 0.997856 19.2575 0.0304844 0.999513 0.00671219 -2.36885 -0.997428 0.0299836 0.0650984 83.1335
0.064617 -0.0084794 0.997874 19.9779 0.0313267 0.999488 0.00646457 -2.37796 -0.997418 0.0308424 0.0648495 83.1843
0.0647524 -0.00957637 0.997856 20.7241 0.0320364 0.999459 0.00751286 -2.38306 -0.997387 0.0314812 0.0650242 83.2272
0.0630152 -0.0102452 0.99796 21.4205 0.0321084 0.999451 0.00823308 -2.39053 -0.997496 0.0315241 0.0633095 83.2842
0.0619062 -0.0108425 0.998023 22.1659 0.0327468 0.999425 0.00882644 -2.39734 -0.997545 0.0321357 0.0622256 83.3185
0.0626051 -0.0105998 0.997982 22.9212 0.0328777 0.999423 0.00855264 -2.40783 -0.997497 0.0322759 0.0629174 83.3398
0.0630641 -0.00946151 0.997965 23.6617 0.0333015 0.999418 0.00737087 -2.41418 -0.997454 0.0327689 0.0633425 83.3829
0.062388 -0.00745655 0.998024 24.3838 0.0334861 0.999425 0.00537374 -2.4248 -0.99749 0.0330847 0.0626018 83.4266
0.0627891 -0.00685493 0.998003 25.172 0.0350261 0.999376 0.0046607 -2.43549 -0.997412 0.0346635 0.06299 83.5034
0.0631258 -0.00694329 0.997982 25.8089 0.0363112 0.99933 0.00465586 -2.44453 -0.997345 0.035944 0.0633356 83.5581
0.0641352 -0.00833786 0.997907 26.6066 0.0370335 0.999296 0.00596934 -2.45722 -0.997254 0.0365731 0.0643988 83.6093
0.0638793 -0.0106917 0.9979 27.2618 0.038011 0.999243 0.00827288 -2.4645 -0.997233 0.0374027 0.0642374 83.6803
0.0653523 -0.0120563 0.99779 28.02 0.037633 0.999245 0.00960907 -2.47394 -0.997152 0.0369218 0.0657567 83.7266
0.0665507 -0.012482 0.997705 28.7239 0.0379628 0.999229 0.00996879 -2.48494 -0.997061 0.0372122 0.0669733 83.7253
0.0671879 -0.011687 0.997672 29.4401 0.0375646 0.999252 0.0091757 -2.49349 -0.997033 0.0368606 0.0675767 83.8002
0.0650758 -0.0108181 0.997822 30.1887 0.0353793 0.999338 0.00852718 -2.50415 -0.997253 0.0347474 0.0654155 83.9228
0.0620782 -0.00990602 0.998022 30.8671 0.0332329 0.999417 0.00785273 -2.51138 -0.997518 0.0326797 0.0623712 83.9687
0.0582724 -0.00982278 0.998253 31.5758 0.0320848 0.999453 0.00796167 -2.51716 -0.997785 0.0315647 0.0585557 84.0067
0.0587293 -0.0105033 0.998219 32.3085 0.0310117 0.999481 0.00869207 -2.53086 -0.997792 0.030446 0.0590245 84.0598
0.0558817 -0.0104375 0.998383 33.0321 0.0309776 0.999482 0.00871515 -2.53729 -0.997957 0.0304405 0.0561761 84.1076
0.0541085 -0.0103155 0.998482 33.7994 0.0307013 0.999491 0.00866219 -2.54917 -0.998063 0.030186 0.0543976 84.1428
0.0521227 -0.010167 0.998589 34.4965 0.0294002 0.99953 0.00864199 -2.5551 -0.998208 0.0289083 0.0523972 84.1946
0.0512817 -0.0105651 0.998628 35.2153 0.0288634 0.999542 0.00909256 -2.56315 -0.998267 0.0283576 0.0515631 84.2363
0.0490648 -0.0112165 0.998733 35.9498 0.0301617 0.999498 0.00974335 -2.57196 -0.99834 0.0296454 0.0493785 84.2952
0.0499783 -0.0116541 0.998682 36.6936 0.0305461 0.999482 0.0101348 -2.58003 -0.998283 0.0299993 0.0503084 84.3058
0.0503448 -0.011998 0.99866 37.4223 0.0316484 0.999445 0.0104119 -2.58748 -0.99823 0.0310818 0.0506966 84.3607
0.0496598 -0.0114581 0.998701 38.1634 0.0312937 0.999461 0.00991072 -2.59617 -0.998276 0.0307609 0.0499916 84.4026
0.0498491 -0.0111052 0.998695 38.8862 0.0317739 0.99945 0.00952766 -2.60392 -0.998251 0.0312575 0.0501745 84.4485
0.0491916 -0.0109074 0.99873 39.6176 0.0313308 0.999465 0.00937228 -2.6126 -0.998298 0.03083 0.049507 84.4893
0.0497865 -0.0112573 0.998697 40.3335 0.0313328 0.999462 0.00970398 -2.61897 -0.998268 0.0308089 0.0501124 84.5623
0.0501864 -0.0114147 0.998675 41.0847 0.0309782 0.999471 0.00986704 -2.62883 -0.998259 0.0304419 0.0505135 84.5806
0.0497188 -0.011872 0.998693 41.7993 0.0309631 0.999467 0.0103398 -2.63444 -0.998283 0.0304086 0.0500599 84.6304
0.0501667 -0.0115847 0.998674 42.5465 0.0301541 0.999495 0.0100795 -2.64405 -0.998286 0.0296085 0.0504907 84.6699
0.0503872 -0.0117006 0.998661 43.2978 0.0291746 0.999522 0.0102387 -2.64999 -0.998304 0.0286196 0.0507045 84.7129
0.0489631 -0.0115876 0.998734 44.0052 0.0285054 0.999542 0.0101995 -2.65629 -0.998394 0.0279699 0.049271 84.7669
0.0483646 -0.0115644 0.998763 44.7589 0.0285081 0.999542 0.0101929 -2.66528 -0.998423 0.0279798 0.0486721 84.8047
0.0473624 -0.0118831 0.998807 45.451 0.0290538 0.999523 0.0105139 -2.67194 -0.998455 0.0285212 0.0476851 84.8247
0.0471492 -0.0115434 0.998821 46.1669 0.0291771 0.999523 0.0101742 -2.67918 -0.998462 0.028663 0.0474635 84.8506
0.0464132 -0.0111708 0.99886 46.9211 0.0297676 0.999509 0.00979483 -2.68644 -0.998479 0.029279 0.046723 84.8956
0.0457996 -0.0106014 0.998895 47.6765 0.0293383 0.999527 0.00926292 -2.69491 -0.99852 0.0288817 0.046089 84.9421
0.0453771 -0.0105142 0.998915 48.3956 0.0287266 0.999545 0.00921585 -2.70156 -0.998557 0.0282772 0.0456584 84.9719
0.0454633 -0.0108599 0.998907 49.1071 0.0284993 0.999548 0.00956973 -2.70906 -0.998559 0.0280331 0.0457523 85.0219
0.0460266 -0.0110843 0.998879 49.8965 0.0284064 0.999549 0.00978284 -2.71779 -0.998536 0.0279243 0.0463207 85.0563
0.0438711 -0.0114372 0.998972 50.6067 0.0271312 0.999579 0.0102526 -2.7249 -0.998669 0.0266535 0.0441629 85.1206
0.0433163 -0.0114304 0.998996 51.3716 0.0263952 0.999599 0.0102928 -2.7321 -0.998713 0.0259228 0.0436006 85.1732
0.0444825 -0.0110068 0.99895 52.146 0.0252654 0.999632 0.00988927 -2.73909 -0.998691 0.024799 0.0447442 85.2007
0.0438367 -0.0109661 0.998979 52.8656 0.0245898 0.999649 0.00989445 -2.7475 -0.998736 0.024131 0.044091 85.2329
0.043248 -0.0110932 0.999003 53.5953 0.0247859 0.999642 0.0100273 -2.75548 -0.998757 0.0243275 0.0435075 85.2731
0.0420922 -0.0112027 0.999051 54.3132 0.0248617 0.999639 0.0101618 -2.76327 -0.998804 0.0244104 0.0423555 85.3043
0.0431141 -0.0116172 0.999003 55.0457 0.0244389 0.999645 0.01057 -2.76942 -0.998771 0.0239588 0.0433827 85.3272
0.0414715 -0.0119485 0.999068 55.7916 0.0243369 0.999644 0.0109451 -2.77644 -0.998843 0.0238603 0.0417475 85.3624
0.0424312 -0.0124772 0.999022 56.5322 0.0253922 0.999613 0.0114061 -2.7845 -0.998777 0.0248834 0.0427316 85.4005
0.0432952 -0.0129781 0.998978 57.2331 0.0270065 0.999565 0.0118153 -2.79126 -0.998697 0.0264673 0.0436269 85.4368
0.042114 -0.0126813 0.999032 57.9673 0.0265056 0.999582 0.011571 -2.80034 -0.998761 0.0259926 0.0424325 85.4744
0.0422307 -0.0123742 0.999031 58.6963 0.0259989 0.999598 0.0112822 -2.80788 -0.99877 0.0254973 0.0425354 85.5062
0.0423737 -0.0122658 0.999027 59.3937 0.0259406 0.999601 0.0111726 -2.81219 -0.998765 0.0254419 0.042675 85.5159
0.0411976 -0.0119647 0.99908 60.126 0.0260148 0.999602 0.0108982 -2.82024 -0.998812 0.0255419 0.0414924 85.5838
0.0419222 -0.0117638 0.999052 60.8361 0.0262461 0.999599 0.0106689 -2.82974 -0.998776 0.0257739 0.0422141 85.6339
0.0412024 -0.0114475 0.999085 61.5374 0.025434 0.999622 0.0104048 -2.8367 -0.998827 0.024982 0.041478 85.6457
0.0404447 -0.0114723 0.999116 62.2791 0.0244964 0.999645 0.0104868 -2.84352 -0.998881 0.0240506 0.0407114 85.6992
0.0407263 -0.0116422 0.999103 62.9656 0.0236755 0.999663 0.0106837 -2.85011 -0.99889 0.0232191 0.0409881 85.7176
0.0416238 -0.0120044 0.999061 63.6536 0.0234541 0.999664 0.0110345 -2.85904 -0.998858 0.0229728 0.0418913 85.7477
0.0425288 -0.0127148 0.999014 64.3664 0.0230665 0.999665 0.0117411 -2.86471 -0.998829 0.0225444 0.0428078 85.7777
0.0437315 -0.0130727 0.998958 65.0814 0.0228362 0.999666 0.0120822 -2.87258 -0.998782 0.022284 0.0440155 85.81
0.0426241 -0.0131922 0.999004 65.7434 0.0228213 0.999665 0.0122272 -2.87944 -0.99883 0.0222774 0.0429109 85.8627
0.0455894 -0.0137884 0.998865 66.4472 0.0232859 0.999648 0.0127364 -2.88685 -0.998689 0.0226788 0.0458944 85.8873
0.0465702 -0.0141149 0.998815 67.1397 0.0229015 0.999652 0.013059 -2.89106 -0.998653 0.0222662 0.0468773 85.9265
0.0487592 -0.0146982 0.998703 67.8114 0.0225297 0.999654 0.0136123 -2.89592 -0.998557 0.0218368 0.0490734 85.9791
0.0509463 -0.0155643 0.99858 68.5151 0.0233267 0.999624 0.0143905 -2.90161 -0.998429 0.0225604 0.0512902 86.0095
0.0519026 -0.0161388 0.998522 69.1752 0.0242292 0.999595 0.0148967 -2.90692 -0.998358 0.0234202 0.0522727 86.0445
0.0546238 -0.0159436 0.99838 69.8333 0.0240113 0.999604 0.0146494 -2.91188 -0.998218 0.0231722 0.054985 86.0798
0.0574803 -0.0161998 0.998215 70.5145 0.0234639 0.999614 0.0148713 -2.91805 -0.998071 0.0225672 0.0578382 86.1404
0.0594509 -0.0160928 0.998102 71.1859 0.0232052 0.999622 0.0147351 -2.92078 -0.997962 0.0222851 0.0598019 86.1762
0.0621737 -0.0164936 0.997929 71.8463 0.0229092 0.999624 0.0150943 -2.92645 -0.997802 0.0219233 0.0625282 86.2297
0.0649549 -0.0173495 0.997737 72.4766 0.0228135 0.999613 0.0158969 -2.93134 -0.997627 0.0217293 0.0653255 86.2735
0.0685481 -0.0179831 0.997486 73.1308 0.0219608 0.999623 0.0165124 -2.93599 -0.997406 0.0207737 0.0689172 86.3477
0.0704781 -0.0174884 0.99736 73.7395 0.0210405 0.99965 0.0160417 -2.9404 -0.997291 0.0198544 0.0708214 86.3674
0.0726732 -0.0167312 0.997216 74.3337 0.020612 0.999671 0.0152702 -2.94678 -0.997143 0.0194449 0.0729941 86.421
0.076572 -0.016174 0.996933 74.9145 0.0197572 0.999697 0.0147013 -2.95275 -0.996868 0.0185709 0.0768683 86.4889
0.0806771 -0.0157589 0.996616 75.4929 0.0175329 0.999743 0.0143891 -2.95588 -0.996586 0.0163127 0.0809327 86.5569
0.0840744 -0.015195 0.996344 76.0612 0.0159705 0.999776 0.0138997 -2.96225 -0.996332 0.0147435 0.0842983 86.5982
0.0894722 -0.0149303 0.995878 76.5895 0.0155999 0.999786 0.0135874 -2.96769 -0.995867 0.0143199 0.089686 86.6533
0.0911448 -0.0144449 0.995733 77.1203 0.01546 0.999795 0.0130887 -2.97254 -0.995718 0.014201 0.0913495 86.7004
0.09502 -0.014423 0.995371 77.6332 0.0154409 0.999796 0.0130131 -2.97931 -0.995356 0.0141329 0.0952233 86.7601
0.0945888 -0.0148587 0.995406 78.1166 0.0134118 0.999817 0.0136501 -2.98487 -0.995426 0.012059 0.0947708 86.8042
0.0957333 -0.0147787 0.995297 78.6058 0.00974958 0.999856 0.0139086 -2.98998 -0.995359 0.00837221 0.0958636 86.8574
0.0934022 -0.0142373 0.995527 79.0929 0.00634651 0.999886 0.0137042 -2.99697 -0.995608 0.00503811 0.0934819 86.9104
0.0845204 -0.0137911 0.996326 79.5022 0.00320684 0.999903 0.0135685 -3.00206 -0.996417 0.00204824 0.0845564 86.9678
0.0740618 -0.0139924 0.997156 79.9614 -0.000718052 0.999901 0.0140843 -3.00397 -0.997253 -0.00175912 0.0740444 86.9907
0.0534027 -0.0142136 0.998472 80.3824 -0.00347302 0.99989 0.0144196 -3.00652 -0.998567 -0.00423776 0.0533474 87.005
0.0260905 -0.0143189 0.999557 80.7696 -0.00406018 0.999888 0.0144296 -3.01253 -0.999651 -0.00443485 0.0260294 87.0066
-0.00714219 -0.0150116 0.999862 81.1295 -0.00503223 0.999875 0.0149759 -3.01641 -0.999962 -0.00492457 -0.00721684 86.9659
-0.0513789 -0.0145915 0.998573 81.519 -0.00438753 0.999887 0.0143849 -3.02063 -0.99867 -0.00364219 -0.0514371 86.9128
-0.100633 -0.0144708 0.994818 81.8726 -0.0034484 0.999893 0.0141958 -3.02725 -0.994918 -0.00200196 -0.100672 86.8667
-0.155832 -0.0143929 0.987679 82.2522 -0.00186045 0.999896 0.0142774 -3.03051 -0.987782 0.000387345 -0.155842 86.7534
-0.217921 -0.0131858 0.975877 82.5808 6.48443e-05 0.999909 0.013525 -3.03569 -0.975967 0.00301066 -0.2179 86.6494
-0.28106 -0.0118339 0.959617 82.8995 0.00386249 0.999902 0.013462 -3.04001 -0.959682 0.00749014 -0.280987 86.4703
-0.347725 -0.0110489 0.937532 83.2099 0.00918977 0.999842 0.0151916 -3.04061 -0.937552 0.0138982 -0.347569 86.3089
-0.413035 -0.0120119 0.910636 83.4767 0.0136641 0.999719 0.0193846 -3.03739 -0.910613 0.0204496 -0.412754 86.0887
-0.476022 -0.0128136 0.87934 83.766 0.016281 0.999594 0.0233795 -3.03532 -0.879283 0.0254457 -0.47562 85.887
-0.538098 -0.013898 0.842768 83.9955 0.0152905 0.999539 0.0262461 -3.0369 -0.842744 0.0270093 -0.537637 85.6791
-0.596398 -0.0162803 0.802524 84.2295 0.0111223 0.999531 0.0285424 -3.03115 -0.802612 0.0259485 -0.595937 85.4459
-0.655819 -0.0198642 0.754657 84.4318 0.00739034 0.999437 0.0327298 -3.02467 -0.754882 0.027042 -0.655303 85.1895
-0.709148 -0.0239321 0.704654 84.6518 0.00352612 0.999291 0.0374874 -3.02485 -0.705051 0.0290688 -0.70856 84.9382
-0.757853 -0.0230416 0.652018 84.803 0.00236615 0.999273 0.0380634 -3.01825 -0.652421 0.0303892 -0.757247 84.628
-0.802776 -0.0201019 0.595942 84.9686 0.00365478 0.999247 0.0386291 -3.0161 -0.59627 0.0331886 -0.802098 84.3295
-0.840411 -0.0158683 0.541718 85.0956 0.00534393 0.99928 0.0375619 -3.01205 -0.541924 0.0344623 -0.839721 84.0174
-0.87284 -0.0125963 0.487844 85.2056 0.00523202 0.999368 0.0351651 -3.002 -0.487979 0.0332459 -0.872222 83.7184
-0.899682 -0.0132458 0.436345 85.3031 0.00167835 0.999427 0.0337993 -2.9901 -0.436543 0.0311409 -0.899144 83.379
-0.921053 -0.0137619 0.389193 85.4433 -0.00051402 0.999417 0.0341229 -2.98155 -0.389436 0.031229 -0.920524 83.0459
-0.93818 -0.0152699 0.34581 85.5191 -0.00271277 0.99932 0.036767 -2.97611 -0.346136 0.033556 -0.937584 82.7375
-0.952067 -0.0154076 0.305503 85.6157 -0.00371149 0.999239 0.0388288 -2.96986 -0.305869 0.0358337 -0.951399 82.3846
-0.963716 -0.0156609 0.26647 85.674 -0.00539537 0.999216 0.0392127 -2.96317 -0.266876 0.0363522 -0.963045 82.0124
-0.97276 -0.0159198 0.231269 85.7322 -0.00702601 0.999206 0.0392293 -2.9551 -0.23171 0.0365358 -0.972099 81.6478
-0.980088 -0.0160895 0.197913 85.7931 -0.00848536 0.999195 0.0392098 -2.94515 -0.198385 0.0367497 -0.979435 81.2606
-0.985597 -0.0160459 0.168348 85.8414 -0.00956633 0.999184 0.0392297 -2.93646 -0.16884 0.0370542 -0.984947 80.8677
-0.989611 -0.015393 0.142945 85.876 -0.00994601 0.9992 0.0387423 -2.92594 -0.143427 0.036918 -0.988972 80.4778
-0.992777 -0.0156184 0.118956 85.9446 -0.0111817 0.99922 0.0378732 -2.91534 -0.119454 0.0362696 -0.992177 80.0546
-0.994911 -0.0149453 0.0996475 85.9547 -0.0112486 0.999231 0.0375563 -2.90672 -0.100132 0.0362443 -0.994314 79.6224
-0.996343 -0.0137297 0.0843356 86 -0.0106235 0.999253 0.0371698 -2.89567 -0.0847829 0.0361379 -0.995744 79.1878
-0.997211 -0.0134272 0.0734195 86.0219 -0.0107465 0.999265 0.0367855 -2.8838 -0.0738595 0.0358939 -0.996623 78.7188
-0.997917 -0.0129605 0.063191 86.0523 -0.0106966 0.999294 0.036033 -2.87358 -0.0636133 0.035282 -0.997351 78.2573
-0.998396 -0.0121209 0.0553083 86.0765 -0.010141 0.999303 0.0359376 -2.863 -0.0557053 0.0353191 -0.997822 77.7912
-0.99862 -0.0110937 0.0513393 86.1128 -0.00926903 0.999322 0.0356441 -2.85059 -0.0516999 0.0351191 -0.998045 77.2694
-0.998693 -0.0102445 0.0500744 86.1153 -0.00848636 0.999344 0.0351975 -2.83611 -0.0504021 0.0347266 -0.998125 76.7544
-0.99864 -0.00917585 0.0513189 86.1445 -0.007375 0.999354 0.0351712 -2.82684 -0.0516085 0.0347449 -0.998063 76.2334
-0.998625 -0.00865539 0.0517074 86.1772 -0.00681806 0.999343 0.0356045 -2.81475 -0.0519815 0.035203 -0.998028 75.7008
-0.998659 -0.00804726 0.0511529 86.2106 -0.00618239 0.999314 0.036511 -2.80261 -0.0514116 0.0361457 -0.998023 75.1489
