1 9.31323e-10 1.12777e-10 0 -9.31323e-10 1 -4.65661e-10 7.45058e-09 -1.34605e-10 -9.31323e-10 1 0
0.99999 -0.0031684 0.00304178 0.00150352 0.00315668 0.999988 0.00385076 -0.0110183 -0.00305395 -0.00384112 0.999988 0.753794
0.999956 -0.00670283 0.00664107 0.0110042 0.00669128 0.999976 0.00175961 -0.0369415 -0.0066527 -0.0017151 0.999977 1.52689
0.999932 -0.00547888 0.0102938 0.0249376 0.00552867 0.999973 -0.00481436 -0.0576088 -0.0102671 0.00487094 0.999935 2.30124
0.999901 0.00149394 0.0139958 0.0180555 -0.00135538 0.99995 -0.00990436 -0.0606484 -0.0140098 0.00988442 0.999853 3.09663
0.999865 -0.000693145 0.0164381 0.0286761 0.000837887 0.999961 -0.00880014 -0.074413 -0.0164313 0.00881272 0.999826 3.89875
0.999772 -0.0112207 0.0181548 0.0627762 0.0112986 0.999927 -0.00419439 -0.0990902 -0.0181064 0.00439856 0.999826 4.70834
0.999606 -0.019485 0.0202054 0.0869979 0.0195205 0.999808 -0.00156146 -0.12551 -0.0201711 0.00195527 0.999795 5.50483
0.999614 -0.0180433 0.0211239 0.100762 0.0180251 0.999837 0.00105276 -0.138107 -0.0211395 -0.000671591 0.999776 6.31873
0.999668 -0.0146299 0.0212078 0.111943 0.0144734 0.999867 0.00751525 -0.144086 -0.021315 -0.00720581 0.999747 7.13858
0.999654 -0.0139463 0.0222944 0.125831 0.0136767 0.999832 0.0122032 -0.15712 -0.0224609 -0.0118941 0.999677 7.9404
0.999686 -0.0121854 0.0218823 0.149926 0.011985 0.999885 0.00926639 -0.168781 -0.0219927 -0.00900123 0.999718 8.77224
0.999723 -0.0105612 0.0210222 0.160724 0.0105116 0.999942 0.00246722 -0.184058 -0.021047 -0.00224556 0.999776 9.57258
0.999748 -0.00861899 0.0207576 0.159847 0.00862962 0.999963 -0.000422589 -0.190232 -0.0207532 0.000601612 0.999785 10.3724
0.999764 -0.00688663 0.0206166 0.1702 0.00674597 0.999954 0.00688425 -0.188821 -0.020663 -0.00674354 0.999764 11.1938
0.999718 -0.0100498 0.0215128 0.18216 0.00971985 0.999834 0.0153871 -0.19725 -0.0216639 -0.0151736 0.99965 12.0264
0.999638 -0.0146701 0.0225662 0.204713 0.0142962 0.999759 0.0166405 -0.205384 -0.0228049 -0.0163119 0.999607 12.8486
0.999529 -0.0155431 0.026469 0.230574 0.015329 0.999848 0.00827057 -0.22095 -0.0265935 -0.00786093 0.999616 13.6733
0.999443 -0.0144249 0.0301108 0.250962 0.0144031 0.999896 0.000939034 -0.223972 -0.0301212 -0.000504821 0.999546 14.487
0.999388 -0.0143785 0.0319018 0.262442 0.0144551 0.999893 -0.00217205 -0.238939 -0.0318672 0.00263187 0.999489 15.2843
0.999255 -0.0179907 0.0341377 0.294873 0.0180369 0.999837 -0.00104678 -0.258751 -0.0341133 0.00166174 0.999417 16.112
0.999152 -0.016997 0.0375157 0.326795 0.016931 0.999855 0.00207628 -0.271526 -0.0375455 -0.00143934 0.999294 16.9196
0.999055 -0.0138255 0.0412016 0.346878 0.0135457 0.999883 0.00706063 -0.284618 -0.0412944 -0.00649586 0.999126 17.7273
0.998951 -0.014248 0.0435265 0.38458 0.0136229 0.9998 0.0146245 -0.288567 -0.0437262 -0.0140162 0.998945 18.5717
0.99884 -0.0147947 0.0458343 0.415426 0.0138761 0.999698 0.0202942 -0.291494 -0.0461206 -0.0196347 0.998743 19.3782
0.998752 -0.0138504 0.047993 0.449403 0.0129121 0.99972 0.0198065 -0.303386 -0.0482539 -0.0191621 0.998651 20.1784
0.99862 -0.0138936 0.0506414 0.482352 0.0132178 0.999819 0.013654 -0.309732 -0.0508219 -0.0129658 0.998624 20.9721
0.998548 -0.0106484 0.0528111 0.51654 0.0103536 0.999929 0.00585251 -0.319652 -0.0528696 -0.00529722 0.998588 21.7492
0.998386 -0.00865007 0.0561329 0.556128 0.00845054 0.999957 0.00379096 -0.325807 -0.0561633 -0.00331049 0.998416 22.5498
0.998239 -0.00737059 0.0588628 0.595345 0.00692091 0.999945 0.00783963 -0.335371 -0.0589173 -0.00741844 0.998235 23.3404
0.998069 -0.00582562 0.0618359 0.643013 0.0049196 0.999879 0.0147941 -0.340052 -0.0619146 -0.0144614 0.997977 24.1361
0.997911 -0.000746981 0.0646046 0.681414 -0.000428897 0.999835 0.0181854 -0.346397 -0.0646075 -0.0181751 0.997745 24.9411
0.997659 0.00303726 0.0683127 0.721865 -0.00418214 0.999853 0.0166225 -0.351586 -0.0682522 -0.0168693 0.997526 25.7324
0.997246 0.00595501 0.0739268 0.769234 -0.00674637 0.999923 0.0104596 -0.357921 -0.0738587 -0.0109295 0.997209 26.4897
0.996917 0.00287824 0.0784108 0.833175 -0.00301495 0.999994 0.00162516 -0.372558 -0.0784056 -0.00185656 0.99692 27.2505
0.996469 0.00282174 0.0839102 0.890522 -0.00256787 0.999992 -0.00313319 -0.385417 -0.0839184 0.00290666 0.996469 28.0045
0.99591 -0.000404475 0.0903482 0.966172 0.000258009 0.999999 0.00163283 -0.392804 -0.0903487 -0.00160284 0.995909 28.7901
0.99529 -0.00426806 0.0968518 1.03851 0.0031125 0.999922 0.0120791 -0.401992 -0.0968958 -0.0117207 0.995226 29.5721
0.994732 -0.00857446 0.102154 1.12729 0.00668297 0.9998 0.0188439 -0.411921 -0.102295 -0.0180619 0.99459 30.3433
0.993638 -0.0121863 0.111957 1.20123 0.0103943 0.999809 0.0165763 -0.42277 -0.112137 -0.0153072 0.993575 31.0826
0.992584 -0.0133145 0.120832 1.29578 0.0122251 0.999878 0.00975342 -0.430529 -0.120947 -0.00820391 0.992625 31.8061
0.991391 -0.0143122 0.130153 1.39088 0.0138028 0.999893 0.00481553 -0.440739 -0.130208 -0.0029776 0.991482 32.5396
0.990135 -0.0175174 0.139017 1.49295 0.0170349 0.999844 0.00465958 -0.448096 -0.139077 -0.00224547 0.990279 33.2838
0.989185 -0.0235274 0.144776 1.61501 0.022704 0.999715 0.00733701 -0.457535 -0.144908 -0.00397065 0.989437 33.9978
0.988205 -0.02897 0.150374 1.72777 0.0277854 0.999564 0.00997331 -0.465785 -0.150597 -0.00567749 0.988579 34.724
0.987159 -0.0346465 0.155937 1.83813 0.0331919 0.999378 0.0119231 -0.477409 -0.156253 -0.00659414 0.987695 35.412
0.986625 -0.0371121 0.158729 1.95105 0.0358656 0.999299 0.0107112 -0.491812 -0.159015 -0.00487506 0.987264 36.1017
0.986639 -0.0368265 0.158708 2.05946 0.0358178 0.999316 0.00921229 -0.497118 -0.158939 -0.00340463 0.987283 36.8046
0.9868 -0.0399237 0.156945 2.17112 0.0392073 0.999202 0.0076591 -0.508568 -0.157126 -0.00140461 0.987578 37.4667
0.987277 -0.038459 0.154287 2.27748 0.0376899 0.999258 0.0079078 -0.514418 -0.154477 -0.00199214 0.987994 38.151
0.987823 -0.0420087 0.149801 2.37515 0.0411042 0.999113 0.00913 -0.522963 -0.150051 -0.00286139 0.988674 38.8313
0.988709 -0.0384491 0.144832 2.46159 0.0374757 0.999253 0.00944411 -0.529825 -0.145087 -0.00390979 0.989411 39.4847
0.98953 -0.039355 0.138856 2.54733 0.038366 0.999216 0.00979323 -0.540599 -0.139133 -0.00436334 0.990264 40.1337
0.990319 -0.0416319 0.132421 2.62949 0.0406674 0.999123 0.00998086 -0.54809 -0.13272 -0.00449902 0.991144 40.7978
0.991234 -0.0459572 0.123872 2.71128 0.044796 0.998922 0.0121446 -0.554367 -0.124296 -0.0064892 0.992224 41.4352
0.991968 -0.0495014 0.116399 2.78422 0.0479405 0.998719 0.0161735 -0.553813 -0.117051 -0.0104634 0.993071 42.0977
0.992644 -0.0524308 0.109128 2.85756 0.0504095 0.998504 0.0212008 -0.55928 -0.110076 -0.0155438 0.993802 42.7415
0.993402 -0.053863 0.101251 2.92673 0.0518018 0.998395 0.022879 -0.565819 -0.102321 -0.017483 0.994598 43.3832
0.994189 -0.0553916 0.0923068 2.98482 0.0536716 0.998338 0.0210149 -0.572109 -0.0933174 -0.0159385 0.995509 44.0434
0.994846 -0.0563447 0.0843012 3.03158 0.0551366 0.998341 0.0165926 -0.573566 -0.0850962 -0.011859 0.996302 44.6749
0.995577 -0.0549127 0.0762275 3.08305 0.0542438 0.998469 0.0108188 -0.576296 -0.0767049 -0.00663603 0.997032 45.3173
0.996329 -0.0527257 0.0674458 3.11665 0.0524217 0.998605 0.00627032 -0.582764 -0.0676823 -0.00271168 0.997703 45.9537
0.997123 -0.0494054 0.0574869 3.14431 0.0492913 0.998779 0.00340194 -0.589355 -0.0575848 -0.000558547 0.998341 46.5973
0.997759 -0.0465631 0.0480561 3.15834 0.0465456 0.998915 0.00148485 -0.600051 -0.0480731 0.000755282 0.998844 47.2417
0.998372 -0.0427414 0.037767 3.16995 0.0427162 0.999086 0.00147294 -0.611437 -0.0377955 0.000142718 0.999286 47.8954
0.998829 -0.0381137 0.0297972 3.17871 0.0380774 0.999273 0.0017834 -0.624083 -0.0298435 -0.000646707 0.999554 48.5558
0.999191 -0.0349818 0.0198334 3.18494 0.0349584 0.999388 0.00152492 -0.632071 -0.0198746 -0.000830342 0.999802 49.2096
0.999368 -0.0333368 0.0123838 3.17928 0.0333191 0.999443 0.00162672 -0.642477 -0.0124311 -0.00121308 0.999922 49.8656
0.99954 -0.0298759 0.00530666 3.17515 0.0298655 0.999552 0.00203168 -0.650435 -0.00536498 -0.00187226 0.999984 50.5308
0.999619 -0.027549 -0.00166389 3.16771 0.0275529 0.999618 0.00235155 -0.663267 0.00159847 -0.0023965 0.999996 51.197
0.999553 -0.0286898 -0.00844135 3.16367 0.0287116 0.999585 0.00247955 -0.672098 0.0083667 -0.00272081 0.999961 51.8784
0.99947 -0.0294563 -0.0138497 3.14238 0.0295132 0.999557 0.00391737 -0.684346 0.0137282 -0.00432404 0.999896 52.5548
0.999468 -0.027893 -0.0169285 3.12362 0.0280025 0.999588 0.00626414 -0.692806 0.0167468 -0.00673484 0.999837 53.2263
0.999441 -0.0270655 -0.0196308 3.1034 0.0272291 0.999596 0.00811545 -0.702963 0.0194032 -0.00864544 0.999774 53.9203
0.999252 -0.0303957 -0.0239248 3.08255 0.0306095 0.999494 0.00862449 -0.707007 0.0236506 -0.00935037 0.999677 54.5971
0.99908 -0.0334297 -0.0268539 3.06768 0.0336441 0.999405 0.00757113 -0.719285 0.0265848 -0.00846765 0.999611 55.2829
0.998895 -0.0361873 -0.0299961 3.0484 0.0363949 0.999317 0.00640493 -0.722876 0.0297438 -0.00748956 0.99953 55.9751
0.998874 -0.0345016 -0.0325575 3.02123 0.034717 0.999379 0.0060721 -0.734129 0.0323277 -0.00719556 0.999452 56.6796
0.998827 -0.034012 -0.0344734 2.99651 0.0342842 0.999385 0.00733754 -0.739383 0.0342026 -0.00851082 0.999379 57.3696
0.998709 -0.0345993 -0.0371934 2.9684 0.0349279 0.999356 0.00822256 -0.753342 0.0368849 -0.00951103 0.999274 58.0587
0.998653 -0.0341934 -0.0390272 2.93849 0.034564 0.999363 0.00886072 -0.760596 0.0386994 -0.0101977 0.999199 58.791
0.99869 -0.033299 -0.0388547 2.9098 0.0336601 0.999396 0.00867754 -0.767337 0.0385423 -0.00997403 0.999207 59.461
0.998772 -0.0313533 -0.0383699 2.88426 0.0316639 0.99947 0.00751423 -0.778022 0.038114 -0.00871994 0.999235 60.1466
0.998828 -0.0303612 -0.0377072 2.8489 0.0306019 0.999515 0.00582295 -0.788363 0.0375121 -0.00697003 0.999272 60.8302
0.998949 -0.0289219 -0.0355556 2.82438 0.0290648 0.999571 0.00350672 -0.80183 0.0354389 -0.00453645 0.999362 61.5087
0.999115 -0.0274895 -0.0318532 2.80335 0.0275443 0.99962 0.00128489 -0.812211 0.0318058 -0.00216113 0.999492 62.1855
0.999278 -0.025853 -0.0278594 2.77962 0.025861 0.999666 -7.35084e-05 -0.826177 0.027852 -0.000647018 0.999612 62.8733
0.999437 -0.0245783 -0.0228383 2.765 0.0245921 0.999698 0.000324613 -0.836974 0.0228234 -0.000886073 0.999739 63.5415
0.999533 -0.024357 -0.0184395 2.76023 0.0243924 0.999701 0.00169465 -0.852165 0.0183927 -0.00214364 0.999829 64.2103
0.999604 -0.0247158 -0.0134711 2.74871 0.0247708 0.999685 0.00393631 -0.86062 0.0133696 -0.00426844 0.999902 64.8765
0.999696 -0.023515 -0.00748241 2.74116 0.0235577 0.999706 0.00567644 -0.871051 0.00734673 -0.00585098 0.999956 65.5255
0.999763 -0.0217234 -0.00173241 2.74628 0.0217326 0.999749 0.00546807 -0.88966 0.00161319 -0.00550442 0.999984 66.1754
0.999763 -0.0209798 0.00584303 2.74713 0.0209464 0.999764 0.0057149 -0.899295 -0.00596154 -0.00559115 0.999967 66.8283
0.999671 -0.0218862 0.0133747 2.75681 0.0218144 0.999747 0.0054908 -0.910926 -0.0134915 -0.00519724 0.999896 67.4449
0.999534 -0.0232748 0.0197721 2.77427 0.0231662 0.999715 0.00570425 -0.920131 -0.0198992 -0.00524355 0.999788 68.0402
0.999342 -0.0250368 0.0262371 2.7976 0.0249037 0.999675 0.00538711 -0.93071 -0.0263635 -0.00473017 0.999641 68.6575
0.999089 -0.0271604 0.032928 2.81945 0.0270126 0.999623 0.00492523 -0.938257 -0.0330494 -0.00403127 0.999446 69.2217
0.998887 -0.0267348 0.0388736 2.85705 0.0266013 0.999638 0.00394956 -0.953292 -0.0389651 -0.00291107 0.999236 69.7887
0.998661 -0.0251301 0.0452253 2.877 0.0250278 0.999683 0.00282708 -0.965463 -0.045282 -0.00169141 0.998973 70.3528
0.998388 -0.0278905 0.0494294 2.90779 0.027768 0.999609 0.00316283 -0.971881 -0.0494983 -0.00178518 0.998773 70.916
0.998206 -0.0283723 0.0527186 2.93557 0.0281791 0.999593 0.00440591 -0.9796 -0.0528222 -0.00291244 0.9986 71.4474
0.997979 -0.0323459 0.0547059 2.97589 0.0320652 0.999468 0.00600094 -0.992009 -0.0548709 -0.00423465 0.998485 72.039
0.997912 -0.0341362 0.054832 3.01033 0.0338669 0.999409 0.00583361 -0.998549 -0.0549988 -0.00396444 0.998479 72.585
0.997795 -0.0371922 0.0549793 3.04213 0.0369757 0.999304 0.00494972 -1.01201 -0.0551251 -0.00290591 0.998475 73.1677
0.997946 -0.0351569 0.0535557 3.08228 0.0349932 0.99938 0.00399037 -1.01898 -0.0536627 -0.00210809 0.998557 73.6762
0.998072 -0.0327473 0.0527321 3.09718 0.0325696 0.999461 0.00422587 -1.02311 -0.052842 -0.00250025 0.9986 74.2514
0.998215 -0.0306814 0.051248 3.12013 0.0304578 0.999523 0.00513874 -1.0293 -0.0513812 -0.00356867 0.998673 74.7925
0.998291 -0.032006 0.0488923 3.14972 0.0317785 0.99948 0.00542219 -1.03825 -0.0490405 -0.0038592 0.99879 75.3217
0.998216 -0.0376525 0.0463336 3.17683 0.0374001 0.999281 0.00630392 -1.05036 -0.0465376 -0.0045598 0.998906 75.8703
0.99818 -0.0410586 0.0441643 3.19759 0.040792 0.999144 0.00692077 -1.05796 -0.0444106 -0.00510662 0.999 76.4107
0.998439 -0.0390648 0.0399149 3.22263 0.038856 0.999227 0.00599475 -1.06776 -0.0401182 -0.00443446 0.999185 76.9271
0.998768 -0.0364145 0.0337103 3.22963 0.036225 0.999324 0.00621436 -1.07206 -0.0339138 -0.00498555 0.999412 77.4574
0.99884 -0.0400379 0.0267498 3.23344 0.0398446 0.999176 0.00772009 -1.08157 -0.0270368 -0.00664531 0.999612 77.9782
0.998905 -0.0434341 0.0174151 3.24217 0.0432827 0.999023 0.00897962 -1.09227 -0.0177881 -0.00821602 0.999808 78.4844
0.998925 -0.0460268 0.00554291 3.24191 0.0459785 0.998906 0.0085622 -1.10133 -0.00593093 -0.00829814 0.999948 78.9808
0.998844 -0.0476643 -0.00624651 3.23223 0.0477114 0.998832 0.00762898 -1.10915 0.00587558 -0.00791819 0.999952 79.4968
0.998891 -0.0435193 -0.0179564 3.21693 0.0436664 0.999015 0.00788197 -1.11526 0.0175957 -0.00865733 0.999808 79.9856
0.998771 -0.0412951 -0.0274146 3.18881 0.0415164 0.999109 0.00755288 -1.12222 0.0270783 -0.00868175 0.999596 80.4781
0.998628 -0.038776 -0.0351842 3.16156 0.0390439 0.999213 0.00696065 -1.131 0.0348866 -0.00832483 0.999357 80.9734
0.998508 -0.037154 -0.0400172 3.13999 0.0374467 0.999277 0.00658902 -1.13766 0.0397435 -0.00807771 0.999177 81.4685
0.998415 -0.0365072 -0.0428364 3.11785 0.036813 0.999302 0.00636997 -1.14708 0.0425739 -0.00793681 0.999062 81.9518
0.998301 -0.0375479 -0.0445516 3.09274 0.0378331 0.999269 0.0055761 -1.15277 0.0443096 -0.00725215 0.998992 82.4393
0.998141 -0.0391507 -0.046707 3.06516 0.039402 0.999214 0.00447038 -1.15833 0.0464952 -0.00630242 0.998899 82.9329
0.99813 -0.0386493 -0.0473592 3.04394 0.0388462 0.99924 0.0032428 -1.16303 0.0471978 -0.00507646 0.998873 83.4203
0.998155 -0.0388243 -0.0466729 3.01669 0.03896 0.999239 0.00200074 -1.16894 0.0465596 -0.00381543 0.998908 83.9195
0.99825 -0.0379586 -0.0453527 2.98808 0.0380827 0.999273 0.00187488 -1.17378 0.0452485 -0.00359875 0.998969 84.4218
0.998269 -0.0390898 -0.0439412 2.96771 0.0392221 0.999228 0.00215151 -1.18283 0.0438232 -0.00387125 0.999032 84.95
0.998401 -0.0390523 -0.0408862 2.9419 0.0391937 0.999228 0.0026616 -1.19033 0.0407507 -0.00425982 0.99916 85.4687
0.998466 -0.0399621 -0.0383269 2.92553 0.0401057 0.999191 0.00298418 -1.1966 0.0381767 -0.00451673 0.999261 86.0073
0.998599 -0.0395418 -0.0351789 2.90852 0.0396861 0.999206 0.00341439 -1.20332 0.0350159 -0.00480572 0.999375 86.5531
0.998732 -0.0394555 -0.0312731 2.89236 0.0396168 0.999205 0.00455594 -1.20899 0.0310685 -0.00578911 0.999501 87.1056
0.998893 -0.0391997 -0.0260008 2.87608 0.0393402 0.999214 0.00491405 -1.21578 0.0257878 -0.00593149 0.99965 87.6678
0.999032 -0.0388677 -0.0206188 2.86568 0.038982 0.999227 0.00517073 -1.22249 0.0204019 -0.00596949 0.999774 88.2501
0.999173 -0.0383682 -0.0134381 2.8564 0.0384537 0.999241 0.00616708 -1.22981 0.0131913 -0.00667873 0.999891 88.8367
0.999267 -0.0377044 -0.00656053 2.8548 0.0377541 0.999258 0.00762933 -1.23654 0.006268 -0.00787143 0.999949 89.4237
0.99935 -0.0360356 0.000690677 2.8593 0.0360281 0.999312 0.00875814 -1.24165 -0.00100581 -0.00872757 0.999961 90.0165
0.999322 -0.0358269 0.008523 2.86206 0.0357421 0.999312 0.00990099 -1.24662 -0.00887186 -0.00958965 0.999915 90.5933
0.999224 -0.0357421 0.0165646 2.88084 0.0355621 0.999307 0.0110386 -1.2518 -0.0169477 -0.0104409 0.999802 91.1869
0.998991 -0.0361 0.0267072 2.895 0.0357826 0.999284 0.0122715 -1.25778 -0.0271311 -0.0113035 0.999568 91.7763
0.99868 -0.0362287 0.0364228 2.92268 0.0357414 0.999264 0.0139421 -1.26285 -0.036901 -0.0126219 0.999239 92.3532
0.99822 -0.0351015 0.0482269 2.95096 0.0343461 0.999275 0.0164042 -1.26522 -0.0487677 -0.0147186 0.998702 92.9136
0.997585 -0.0353162 0.0598088 2.98866 0.0342399 0.999234 0.0189272 -1.26609 -0.0604314 -0.0168337 0.998031 93.471
0.996698 -0.0344077 0.0735443 3.03556 0.0330207 0.999255 0.0199935 -1.26982 -0.0741774 -0.017499 0.997092 94.0091
0.99535 -0.0347727 0.0898299 3.09574 0.0330823 0.999248 0.0202385 -1.27004 -0.090466 -0.0171726 0.995752 94.5606
0.993461 -0.034181 0.108932 3.16256 0.0321536 0.999277 0.0203151 -1.27206 -0.109548 -0.0166797 0.993842 95.0943
0.990731 -0.035578 0.1311 3.2407 0.0330724 0.999227 0.0212406 -1.26911 -0.131755 -0.0167079 0.991142 95.6187
0.987625 -0.0379749 0.15217 3.33974 0.0350087 0.999142 0.0221256 -1.26852 -0.152879 -0.0165245 0.988107 96.1583
0.984047 -0.0430272 0.172628 3.44903 0.039478 0.998934 0.0239423 -1.26526 -0.173474 -0.0167453 0.984696 96.6716
0.979945 -0.0472288 0.193591 3.57574 0.043029 0.99874 0.0258444 -1.26042 -0.194567 -0.0169961 0.980742 97.2061
0.975465 -0.0508318 0.214206 3.7057 0.0459521 0.998559 0.0277017 -1.2557 -0.215306 -0.0171788 0.976396 97.7086
0.970965 -0.0558999 0.232599 3.84398 0.05051 0.9983 0.0290688 -1.25214 -0.233829 -0.0164762 0.972138 98.2242
0.966856 -0.0614801 0.247809 3.99702 0.0556984 0.997988 0.0302813 -1.2488 -0.249172 -0.0154751 0.968336 98.7448
0.964119 -0.0699945 0.256075 4.14867 0.0641304 0.997454 0.0311898 -1.24283 -0.257607 -0.0136485 0.966154 99.2428
0.962958 -0.0784254 0.257995 4.29995 0.0726146 0.996847 0.0319904 -1.23508 -0.25969 -0.0120712 0.965617 99.7378
0.963789 -0.0856204 0.252549 4.44183 0.0799562 0.996264 0.0326262 -1.23348 -0.254399 -0.011252 0.967034 100.234
0.966174 -0.0884921 0.242234 4.55648 0.0831994 0.996019 0.0320131 -1.22742 -0.244103 -0.0107764 0.969689 100.724
0.970003 -0.0894165 0.226052 4.66092 0.0845793 0.995934 0.031014 -1.2247 -0.227906 -0.0109644 0.973622 101.203
0.974739 -0.0895031 0.20463 4.75391 0.0852822 0.995924 0.029372 -1.22341 -0.206425 -0.0111788 0.978399 101.699
0.979381 -0.0897618 0.180986 4.82565 0.0861581 0.995897 0.0276921 -1.22007 -0.182729 -0.0115277 0.983096 102.161
0.983751 -0.0900239 0.155335 4.8775 0.0870339 0.995867 0.0259572 -1.22049 -0.15703 -0.012016 0.987521 102.632
0.987641 -0.0901786 0.128192 4.92063 0.0877209 0.995839 0.0247021 -1.21709 -0.129886 -0.0131517 0.991442 103.092
0.991038 -0.0908691 0.0979075 4.94457 0.0889544 0.995752 0.0237556 -1.21864 -0.0996502 -0.0148334 0.994912 103.551
0.994005 -0.0895094 0.0627877 4.95156 0.0883407 0.995866 0.0211532 -1.22292 -0.0644215 -0.0154796 0.997803 104.018
0.995902 -0.0865699 0.0261794 4.93387 0.0861227 0.996126 0.0177536 -1.23003 -0.0276149 -0.0154262 0.9995 104.455
0.996544 -0.082352 -0.010893 4.89882 0.0825087 0.99648 0.0148215 -1.23506 0.00963405 -0.015669 0.999831 104.902
0.995933 -0.0773305 -0.0462448 4.84272 0.0779757 0.996879 0.0123125 -1.24119 0.0451483 -0.0158684 0.998854 105.339
0.994565 -0.0702808 -0.0768188 4.77144 0.0712646 0.997406 0.0101385 -1.24732 0.075907 -0.0155578 0.996994 105.767
0.992636 -0.0637439 -0.103011 4.69852 0.0649473 0.997854 0.0083669 -1.25317 0.102256 -0.0149955 0.994645 106.205
0.990328 -0.0576222 -0.126211 4.61707 0.0590613 0.998225 0.00768754 -1.26081 0.125544 -0.0150674 0.991974 106.641
0.987949 -0.0526499 -0.145548 4.52766 0.0543254 0.998495 0.00755856 -1.26703 0.14493 -0.0153744 0.989322 107.07
0.985765 -0.0486458 -0.160942 4.44029 0.0503484 0.998711 0.00651507 -1.27375 0.160417 -0.0145255 0.986943 107.493
0.984184 -0.0444804 -0.171475 4.34704 0.0457987 0.998944 0.00373787 -1.28126 0.171127 -0.0115321 0.985181 107.919
0.983311 -0.0396298 -0.177567 4.24947 0.0403421 0.999186 0.000401087 -1.28737 0.177406 -0.00755779 0.984109 108.372
0.983381 -0.0340576 -0.17833 4.15506 0.0344488 0.999406 -0.000903377 -1.29344 0.178255 -0.00525489 0.98397 108.836
0.984027 -0.0287401 -0.175683 4.06059 0.0290816 0.999577 -0.000630464 -1.29771 0.175627 -0.00448876 0.984447 109.31
0.98519 -0.0258896 -0.169502 3.96931 0.0261878 0.999657 -0.000476655 -1.30444 0.169456 -0.00396928 0.98553 109.831
0.987039 -0.0236874 -0.158721 3.885 0.0240062 0.999712 9.17148e-05 -1.31324 0.158673 -0.00390082 0.987324 110.346
0.989137 -0.0204257 -0.145569 3.80477 0.0205253 0.999789 -0.000817601 -1.3158 0.145555 -0.00217913 0.989348 110.889
0.99127 -0.0154971 -0.130931 3.72398 0.0155124 0.999879 -0.000903175 -1.32252 0.130929 -0.00113577 0.991391 111.45
0.993295 -0.0140066 -0.114759 3.65856 0.0141571 0.9999 0.000496894 -1.32514 0.114741 -0.00211822 0.993393 112.027
0.995019 -0.0165968 -0.098297 3.61057 0.0167823 0.999859 0.00106066 -1.33166 0.0982654 -0.00270503 0.995157 112.64
0.996513 -0.0168023 -0.0817297 3.56991 0.016933 0.999856 0.000906564 -1.33791 0.0817027 -0.00228733 0.996654 113.252
0.997609 -0.0203014 -0.0660655 3.5344 0.0203399 0.999793 -9.04244e-05 -1.34477 0.0660536 -0.00125356 0.997815 113.907
0.998533 -0.0177972 -0.0511434 3.49834 0.0177138 0.999841 -0.00208393 -1.35116 0.0511723 0.00117493 0.998689 114.569
0.999154 -0.0178196 -0.0370631 3.47654 0.0176935 0.999837 -0.00372657 -1.35719 0.0371235 0.00306764 0.999306 115.251
0.999561 -0.0187705 -0.0229254 3.46914 0.0186713 0.999815 -0.00453273 -1.36279 0.0230063 0.00410269 0.999727 115.971
0.999713 -0.0217152 -0.0101335 3.47356 0.0216697 0.999755 -0.0045779 -1.37103 0.0102305 0.004357 0.999938 116.683
0.999713 -0.023832 0.00261535 3.47586 0.0238422 0.999708 -0.00395917 -1.3845 -0.00252023 0.00402039 0.999989 117.432
0.999632 -0.024113 0.0124531 3.48952 0.0241471 0.999705 -0.00259462 -1.39226 -0.0123869 0.00289437 0.999919 118.186
0.99948 -0.0252058 0.0201323 3.51098 0.0252267 0.999681 -0.000787298 -1.40188 -0.020106 0.00129476 0.999797 118.963
0.999294 -0.0277977 0.0252705 3.52526 0.027799 0.999614 0.000299646 -1.41359 -0.0252691 0.000403061 0.999681 119.734
0.999147 -0.0297322 0.028672 3.54787 0.0297127 0.999558 0.00110566 -1.42486 -0.0286922 -0.000252797 0.999588 120.527
0.999029 -0.0314075 0.0308979 3.58186 0.0313644 0.999506 0.00187738 -1.44053 -0.0309416 -0.00090646 0.999521 121.324
0.999012 -0.0311195 0.0317161 3.61883 0.0310388 0.999514 0.00303394 -1.44936 -0.0317951 -0.00204651 0.999492 122.109
0.998994 -0.0309872 0.0324059 3.63449 0.0308657 0.999515 0.00424459 -1.46278 -0.0325217 -0.00324009 0.999466 122.916
0.998981 -0.0300978 0.0336293 3.65849 0.0298898 0.999531 0.00666873 -1.47136 -0.0338143 -0.00565676 0.999412 123.693
0.998982 -0.0294071 0.034222 3.68147 0.0290713 0.999525 0.0102676 -1.47838 -0.0345076 -0.00926223 0.999362 124.501
0.998962 -0.0300222 0.034256 3.70391 0.0295541 0.999464 0.0140893 -1.48768 -0.0346606 -0.0130623 0.999314 125.298
0.998951 -0.0303977 0.0342621 3.73336 0.0298387 0.999415 0.0167121 -1.49456 -0.0347501 -0.0156723 0.999273 126.089
0.998964 -0.0316172 0.0327479 3.75179 0.0310912 0.999381 0.0164503 -1.49845 -0.0332478 -0.0154151 0.999328 126.891
0.998962 -0.0329053 0.031508 3.77855 0.032461 0.999368 0.0145092 -1.50417 -0.0319655 -0.0134714 0.999398 127.688
0.998969 -0.0336335 0.0304772 3.79272 0.033257 0.999365 0.0127776 -1.50717 -0.0308876 -0.0117509 0.999454 128.486
0.998978 -0.0344361 0.0292869 3.82225 0.0341045 0.999349 0.011746 -1.51214 -0.0296723 -0.0107352 0.999502 129.278
0.998989 -0.0343024 0.0290647 3.84676 0.0339718 0.999353 0.0117936 -1.51935 -0.0294504 -0.0107943 0.999508 130.068
0.998975 -0.0342595 0.0295931 3.86204 0.0339057 0.999348 0.0123765 -1.52294 -0.0299978 -0.0113604 0.999485 130.85
0.998954 -0.0337632 0.0308341 3.88467 0.0333834 0.999361 0.0127512 -1.53164 -0.031245 -0.0117085 0.999443 131.653
0.998858 -0.0332646 0.0342947 3.91001 0.0328453 0.99938 0.012718 -1.54104 -0.0346965 -0.0115771 0.999331 132.435
0.998844 -0.0300081 0.0375487 3.92972 0.0295174 0.999472 0.0135565 -1.54414 -0.0379357 -0.0124325 0.999203 133.228
0.998629 -0.0290767 0.0435254 3.96471 0.0284667 0.999489 0.0145692 -1.54794 -0.0439268 -0.0133102 0.998946 134.014
0.998332 -0.0282449 0.0503508 3.99486 0.0274667 0.999493 0.016082 -1.55228 -0.0507795 -0.0146722 0.998602 134.801
0.997913 -0.0273907 0.0584715 4.03948 0.0264154 0.9995 0.0173881 -1.5577 -0.0589186 -0.0158072 0.998138 135.576
0.997266 -0.0252147 0.069466 4.0851 0.0240142 0.999548 0.0180626 -1.55913 -0.06989 -0.016345 0.997421 136.339
0.996407 -0.0235508 0.0813518 4.14856 0.0220621 0.999573 0.0191499 -1.56292 -0.0817681 -0.0172863 0.996502 137.138
0.995177 -0.0239181 0.0951385 4.24134 0.0221318 0.999559 0.0197871 -1.56348 -0.0955698 -0.0175861 0.995267 137.897
0.993539 -0.0241288 0.110894 4.32367 0.0220651 0.999561 0.0197997 -1.56766 -0.111323 -0.0172249 0.993635 138.641
0.991507 -0.023974 0.127825 4.42408 0.0215738 0.999565 0.0201287 -1.56876 -0.128252 -0.0172001 0.991593 139.401
0.988893 -0.0257328 0.146382 4.53663 0.0230023 0.999529 0.0203156 -1.56613 -0.146836 -0.0167228 0.98902 140.177
0.986232 -0.0287997 0.162839 4.67421 0.0257825 0.999455 0.0206122 -1.56781 -0.163344 -0.0161301 0.986437 140.926
0.983261 -0.033451 0.179108 4.81718 0.0299831 0.999308 0.022035 -1.5647 -0.179721 -0.0162959 0.983583 141.638
0.980524 -0.0389332 0.192501 4.97372 0.0351618 0.999118 0.0229708 -1.56646 -0.193226 -0.0157548 0.981028 142.36
0.978566 -0.0463296 0.200657 5.13689 0.0422708 0.998807 0.0244674 -1.56494 -0.201551 -0.015461 0.979356 143.123
0.977537 -0.0526547 0.204081 5.29813 0.0486294 0.998512 0.024693 -1.56575 -0.205077 -0.014214 0.978643 143.848
0.97743 -0.0589518 0.202869 5.45054 0.0550619 0.998176 0.0247699 -1.56375 -0.203959 -0.0130404 0.978893 144.538
0.978406 -0.0641378 0.196492 5.61161 0.0604431 0.997865 0.0247487 -1.55916 -0.197659 -0.0123377 0.980193 145.288
0.979961 -0.0688446 0.186916 5.76034 0.0654922 0.997563 0.024059 -1.55638 -0.188117 -0.0113353 0.982081 146.001
0.982044 -0.0716721 0.174507 5.88886 0.0687227 0.997373 0.022894 -1.55686 -0.175689 -0.0104903 0.98439 146.729
0.983949 -0.0739405 0.162411 6.00447 0.071253 0.997209 0.0223185 -1.55624 -0.163608 -0.010388 0.986471 147.449
0.985674 -0.074197 0.151464 6.1158 0.0717546 0.99719 0.0215354 -1.5572 -0.152636 -0.0103587 0.988228 148.145
0.986868 -0.0740152 0.143575 6.20994 0.0715573 0.997189 0.0222153 -1.55406 -0.144816 -0.0116498 0.98939 148.873
0.987909 -0.076365 0.134925 6.30487 0.0739184 0.996998 0.0230585 -1.55303 -0.136281 -0.0128063 0.990588 149.591
0.989033 -0.0773413 0.125825 6.39872 0.0750187 0.996915 0.0231008 -1.55719 -0.127224 -0.0134082 0.991784 150.284
0.989942 -0.0774137 0.118414 6.48469 0.0752003 0.996902 0.0230544 -1.55567 -0.119832 -0.0139178 0.992697 151
0.990741 -0.0778565 0.111228 6.56238 0.075716 0.996856 0.0233465 -1.55295 -0.112696 -0.0147086 0.993521 151.708
0.991492 -0.0793024 0.103224 6.63215 0.077225 0.996725 0.023974 -1.55364 -0.104787 -0.0157985 0.994369 152.386
0.992238 -0.0792804 0.095803 6.701 0.0773902 0.996729 0.023293 -1.55167 -0.0973363 -0.015698 0.995128 153.067
0.993236 -0.0758675 0.0879037 6.75557 0.0742022 0.996999 0.0220639 -1.55418 -0.0893138 -0.015392 0.995885 153.742
0.994024 -0.07492 0.0793882 6.81693 0.0735545 0.997091 0.0199907 -1.55024 -0.0806549 -0.0140319 0.996643 154.43
0.994503 -0.0750516 0.0730223 6.85297 0.0738554 0.997089 0.0189488 -1.55596 -0.0742318 -0.0134515 0.99715 155.064
0.994728 -0.0784111 0.0660963 6.89155 0.0773192 0.996827 0.0189232 -1.55873 -0.0673703 -0.0137129 0.997634 155.721
0.995159 -0.0764955 0.0617072 6.92528 0.0754467 0.996966 0.0191546 -1.55962 -0.0629852 -0.0144063 0.99791 156.341
0.995673 -0.0733429 0.0570541 6.9588 0.0723729 0.997199 0.0188871 -1.56274 -0.0582796 -0.0146762 0.998192 156.937
0.995843 -0.073762 0.0534497 6.98668 0.0728874 0.997175 0.0181333 -1.56923 -0.0546362 -0.0141621 0.998406 157.534
0.995942 -0.0736049 0.0517961 7.01636 0.0728078 0.997199 0.0171141 -1.57345 -0.0529107 -0.0132735 0.998511 158.093
0.996063 -0.072381 0.0511844 7.05191 0.071667 0.997306 0.0156522 -1.57682 -0.0521794 -0.0119223 0.998567 158.65
0.996161 -0.0710035 0.0512117 7.07687 0.0703341 0.997414 0.0147594 -1.57929 -0.0521272 -0.0111009 0.998579 159.16
0.996261 -0.0687969 0.0522547 7.09934 0.0681252 0.997571 0.0145305 -1.58364 -0.0531274 -0.0109164 0.998528 159.677
0.996056 -0.0678586 0.0571624 7.12466 0.0671312 0.997638 0.0145531 -1.58866 -0.0580149 -0.0106583 0.998259 160.18
0.995893 -0.0657048 0.0622846 7.15915 0.0649566 0.99779 0.0139651 -1.59723 -0.0630645 -0.00986195 0.997961 160.656
0.995613 -0.0633183 0.0688939 7.1936 0.0626725 0.997968 0.0114976 -1.60559 -0.0694819 -0.00712941 0.997558 161.134
0.995008 -0.0605885 0.0792929 7.23754 0.0601568 0.998158 0.00782383 -1.61471 -0.0796209 -0.00301477 0.996821 161.579
0.99408 -0.0562992 0.0929263 7.28362 0.0562169 0.998412 0.00350508 -1.62534 -0.0929761 0.0017397 0.995667 162.022
0.992572 -0.0518823 0.110043 7.33098 0.0521044 0.998641 0.000858974 -1.63554 -0.109938 0.00488114 0.993927 162.475
0.990246 -0.0487758 0.130513 7.38908 0.049093 0.998794 0.000787916 -1.63086 -0.130394 0.00562703 0.991446 162.899
0.987051 -0.0484304 0.152922 7.47802 0.048598 0.998815 0.0026434 -1.63857 -0.152869 0.00482255 0.988235 163.336
0.98236 -0.0526246 0.179441 7.58287 0.0524951 0.998606 0.00547326 -1.63755 -0.179479 0.00404308 0.983754 163.778
0.976714 -0.0583919 0.206449 7.69568 0.0579138 0.998287 0.00836356 -1.65224 -0.206584 0.00378746 0.978422 164.183
0.969464 -0.0598663 0.237813 7.84182 0.0587779 0.998203 0.0116715 -1.65924 -0.238085 0.00266303 0.971241 164.603
0.961054 -0.0561047 0.270607 7.96262 0.0543184 0.998424 0.014092 -1.66117 -0.270971 0.00115574 0.962587 165.013
0.951026 -0.0451192 0.305802 8.09063 0.0426958 0.998981 0.0146122 -1.66081 -0.30615 -0.00084013 0.951983 165.405
0.939354 -0.0359929 0.341054 8.24695 0.03345 0.999352 0.0133354 -1.65558 -0.341313 -0.0011184 0.939949 165.789
0.926176 -0.0333208 0.375617 8.40753 0.0311182 0.999444 0.0119309 -1.65623 -0.375805 0.000638429 0.926698 166.16
0.909854 -0.0429629 0.412698 8.62043 0.0419728 0.999053 0.0114685 -1.66382 -0.4128 0.00688744 0.910796 166.52
0.890841 -0.0505284 0.451497 8.83988 0.0511137 0.998633 0.0109086 -1.67376 -0.451431 0.0133599 0.892206 166.865
0.868508 -0.0515938 0.492984 9.09204 0.0515977 0.998575 0.0136056 -1.67003 -0.492983 0.0136203 0.869932 167.231
0.843844 -0.045024 0.534696 9.34968 0.0412788 0.998968 0.0189728 -1.65672 -0.534998 0.0060615 0.844831 167.594
0.816489 -0.0421568 0.57582 9.62637 0.0328083 0.999107 0.0266255 -1.64278 -0.576428 -0.00284774 0.817143 167.963
0.785507 -0.0412038 0.61748 9.93554 0.025403 0.999087 0.0343525 -1.63964 -0.618332 -0.0112983 0.785836 168.319
0.751965 -0.0436909 0.657753 10.2542 0.0233219 0.99894 0.0396916 -1.63336 -0.65879 -0.0145067 0.752187 168.64
0.714518 -0.0470352 0.698034 10.612 0.024471 0.998807 0.0422531 -1.63352 -0.699189 -0.0131091 0.714817 168.956
0.673721 -0.0456815 0.737573 10.958 0.0240397 0.998914 0.039909 -1.62842 -0.738595 -0.00915647 0.674088 169.226
0.629578 -0.0395594 0.77593 11.3387 0.0205949 0.999202 0.0342321 -1.60237 -0.776665 -0.0055715 0.62989 169.486
0.582838 -0.0364688 0.81177 11.7606 0.0182459 0.999328 0.0317946 -1.59233 -0.812383 -0.0037197 0.583112 169.756
0.534736 -0.0358861 0.844257 12.1676 0.0137697 0.999335 0.0337565 -1.57856 -0.844907 -0.00642564 0.534875 169.973
0.484934 -0.0386751 0.873695 12.6368 0.0112068 0.999215 0.0380111 -1.57045 -0.874479 -0.00864158 0.484987 170.21
0.43508 -0.0397947 0.899512 13.0899 0.0136561 0.9992 0.0375997 -1.55856 -0.900288 -0.00407504 0.435275 170.372
0.385628 -0.0376814 0.921885 13.5496 0.0156089 0.999289 0.034316 -1.55599 -0.922522 0.00115634 0.385942 170.536
0.3375 -0.0360663 0.940635 14.0497 0.0164284 0.999339 0.0324227 -1.54352 -0.941182 0.00451042 0.337869 170.687
0.295952 -0.0346657 0.954574 14.5368 0.0130131 0.999395 0.0322589 -1.52595 -0.955114 0.00287485 0.296224 170.821
0.258086 -0.0346287 0.965501 15.0411 0.00705899 0.999398 0.0339575 -1.5119 -0.966096 -0.0019485 0.258175 170.937
0.224863 -0.0374993 0.973669 15.57 0.00576959 0.999293 0.0371537 -1.50166 -0.974373 -0.00273683 0.22492 171.04
0.195877 -0.0422242 0.979719 16.0874 0.0104934 0.999106 0.0409617 -1.4992 -0.980572 0.00225714 0.196145 171.113
0.170547 -0.0435464 0.984387 16.6421 0.0124567 0.999039 0.0420364 -1.4905 -0.985271 0.00509304 0.170926 171.191
0.149664 -0.0408887 0.987891 17.1773 0.00971484 0.999157 0.0398832 -1.47082 -0.988689 0.00362811 0.149935 171.266
0.132293 -0.0388134 0.990451 17.7499 0.00684395 0.999245 0.0382439 -1.4523 -0.991187 0.00171919 0.132459 171.337
0.115826 -0.0412507 0.992413 18.3234 0.00636442 0.999148 0.0407878 -1.43056 -0.993249 0.00159182 0.11599 171.404
0.101208 -0.0453822 0.99383 18.9163 0.0088338 0.998961 0.0447169 -1.41548 -0.994826 0.00425361 0.101503 171.455
0.0851001 -0.0471453 0.995256 19.5301 0.0115979 0.998859 0.0463243 -1.40183 -0.996305 0.00760073 0.0855498 171.487
0.0670698 -0.0471559 0.996633 20.1592 0.0126562 0.998842 0.0464087 -1.37673 -0.997668 0.00950102 0.067589 171.527
0.0509958 -0.0487777 0.997507 20.7857 0.0155491 0.998724 0.0480423 -1.35619 -0.998578 0.0130603 0.0516891 171.543
0.0340537 -0.0491961 0.998209 21.441 0.0149482 0.998701 0.0487104 -1.33124 -0.999308 0.0132626 0.0347449 171.565
0.0174829 -0.0478179 0.998703 22.1098 0.0120631 0.998793 0.047611 -1.30661 -0.999774 0.011215 0.0180387 171.569
0.00177978 -0.0467958 0.998903 22.7909 0.00978731 0.998857 0.0467762 -1.2805 -0.999951 0.00969332 0.00223576 171.572
-0.0130095 -0.0435928 0.998965 23.4805 0.0119379 0.998971 0.0437485 -1.26042 -0.999844 0.0124946 -0.0124757 171.561
-0.0237904 -0.0386599 0.998969 24.162 0.011696 0.999173 0.0389463 -1.2434 -0.999649 0.0126104 -0.0233186 171.531
-0.0339227 -0.0356153 0.99879 24.9043 0.00973206 0.999306 0.0359642 -1.22266 -0.999377 0.0109403 -0.0335526 171.507
-0.0425318 -0.0343825 0.998504 25.6474 0.00515307 0.999387 0.0346324 -1.19302 -0.999082 0.00661834 -0.0423285 171.495
-0.0466236 -0.0350644 0.998297 26.4058 0.0031272 0.999374 0.0352482 -1.17688 -0.998908 0.00476527 -0.0464848 171.457
-0.0492447 -0.0363811 0.998124 27.1613 0.00339015 0.999325 0.0365921 -1.16148 -0.998781 0.00518575 -0.0490881 171.424
-0.0495615 -0.0369387 0.998088 27.9536 0.00359453 0.999303 0.0371622 -1.14414 -0.998765 0.00542947 -0.0493942 171.39
-0.0488527 -0.0371497 0.998115 28.74 0.00281938 0.999299 0.0373318 -1.12047 -0.998802 0.00463782 -0.0487138 171.357
-0.0480902 -0.0390244 0.99808 29.5511 0.00558196 0.99921 0.0393375 -1.10183 -0.998828 0.00746299 -0.0478344 171.321
-0.0471893 -0.0412321 0.998035 30.3675 0.00768436 0.999103 0.0416396 -1.08368 -0.998856 0.00963419 -0.0468301 171.28
-0.0452049 -0.0424847 0.998074 31.183 0.00569831 0.999068 0.0427851 -1.05824 -0.998962 0.00762143 -0.0449206 171.256
-0.0437781 -0.0432694 0.998104 31.9999 0.00600208 0.999032 0.0435729 -1.03809 -0.999023 0.00789824 -0.043476 171.225
-0.0406194 -0.0436642 0.99822 32.8208 0.00905308 0.998988 0.0440661 -1.01227 -0.999134 0.0108269 -0.040183 171.194
-0.0402916 -0.0437225 0.998231 33.6649 0.0121766 0.998947 0.0442453 -0.994729 -0.999114 0.0139378 -0.0397168 171.166
-0.0389964 -0.0429783 0.998315 34.5019 0.0129617 0.998969 0.0435128 -0.973045 -0.999155 0.0146367 -0.0383991 171.141
-0.0366727 -0.0423031 0.998432 35.3563 0.0146487 0.998974 0.0428641 -0.94495 -0.99922 0.0161976 -0.0360154 171.109
-0.0335449 -0.0414531 0.998577 36.2044 0.017604 0.99896 0.0420603 -0.921677 -0.999282 0.0189898 -0.0327803 171.078
-0.029997 -0.0412156 0.9987 37.0554 0.0224917 0.998869 0.0418981 -0.908582 -0.999297 0.0237193 -0.029036 171.05
-0.0261825 -0.0412028 0.998808 37.9351 0.0252264 0.998805 0.0418639 -0.882838 -0.999339 0.0262924 -0.0251118 171.031
-0.021755 -0.0414388 0.998904 38.8232 0.0259969 0.998779 0.0419998 -0.858025 -0.999425 0.0268821 -0.0206511 171.016
-0.0174045 -0.0414395 0.99899 39.6739 0.0266325 0.998767 0.0418942 -0.837899 -0.999494 0.0273347 -0.0162794 171.005
-0.0141869 -0.0417756 0.999026 40.5776 0.024674 0.998808 0.0421169 -0.815723 -0.999595 0.0252475 -0.0131393 170.998
-0.0126173 -0.0434652 0.998975 41.427 0.0209416 0.998824 0.0437232 -0.791855 -0.999701 0.0214719 -0.0116922 170.996
-0.0116688 -0.0464664 0.998852 42.3178 0.0177733 0.998752 0.0466694 -0.767664 -0.999774 0.0182974 -0.0108284 170.996
-0.0135601 -0.0496141 0.998677 43.2183 0.0172866 0.998607 0.0498453 -0.737853 -0.999759 0.0179397 -0.0126835 171
-0.0161994 -0.0531564 0.998455 44.0955 0.0153994 0.998454 0.0534062 -0.717097 -0.99975 0.0162407 -0.0153558 170.987
-0.0185108 -0.0559521 0.998262 44.9952 0.00995974 0.998373 0.056143 -0.683563 -0.999779 0.0109817 -0.0179234 170.991
-0.022359 -0.0565452 0.99815 45.8609 0.00735101 0.998363 0.056722 -0.65269 -0.999723 0.00860565 -0.0219067 170.971
-0.0247271 -0.054989 0.998181 46.7499 0.00212041 0.998481 0.0550581 -0.621079 -0.999692 0.00347798 -0.0245729 170.965
-0.0280751 -0.0523988 0.998232 47.624 0.00074158 0.998624 0.0524402 -0.591568 -0.999606 0.00221253 -0.0279977 170.945
-0.0304991 -0.0488611 0.99834 48.4783 0.00132863 0.998802 0.0489243 -0.568836 -0.999534 0.00281856 -0.0303976 170.933
-0.0325666 -0.0444602 0.99848 49.3706 -0.00331039 0.999009 0.0443758 -0.541733 -0.999464 -0.00186019 -0.0326815 170.916
-0.0343842 -0.0426181 0.9985 50.2184 -0.00359407 0.999089 0.0425195 -0.516384 -0.999402 -0.00212668 -0.034506 170.89
-0.0359262 -0.0431201 0.998424 51.074 -0.00135518 0.99907 0.0430992 -0.501744 -0.999354 0.00019535 -0.0359512 170.873
-0.0363623 -0.0452908 0.998312 51.949 0.00133592 0.998969 0.0453693 -0.478217 -0.999338 0.00298339 -0.0362644 170.845
-0.0370903 -0.0454368 0.998279 52.7863 -0.00072872 0.998967 0.0454411 -0.461348 -0.999312 0.000957955 -0.0370851 170.824
-0.0361637 -0.0457832 0.998297 53.674 -0.00177822 0.998951 0.0457488 -0.434566 -0.999344 -0.000120751 -0.0362071 170.792
-0.0362008 -0.0484704 0.998169 54.5068 0.00178171 0.998818 0.0485666 -0.410984 -0.999343 0.0035366 -0.0360717 170.761
-0.0365344 -0.0522981 0.997963 55.3636 0.00634049 0.998597 0.0525635 -0.389001 -0.999312 0.00824795 -0.0361515 170.734
-0.03635 -0.0517442 0.997999 56.2132 0.0104168 0.998585 0.0521539 -0.366063 -0.999285 0.0122918 -0.0357596 170.703
-0.0361716 -0.0474695 0.998218 57.0323 0.011133 0.99879 0.0479001 -0.341746 -0.999284 0.0128457 -0.0355993 170.682
-0.0359933 -0.0421499 0.998463 57.8738 0.0105333 0.999039 0.042554 -0.323535 -0.999296 0.0120488 -0.0355148 170.649
-0.0359755 -0.0408183 0.998519 58.7 0.0140432 0.999046 0.0413458 -0.298065 -0.999254 0.0155099 -0.035368 170.618
-0.0359765 -0.0429902 0.998428 59.56 0.019003 0.998864 0.0436937 -0.278462 -0.999172 0.0205451 -0.0351187 170.583
-0.0367682 -0.0457643 0.998276 60.3923 0.0217211 0.998678 0.0465828 -0.256673 -0.999088 0.0233964 -0.0357256 170.564
-0.036763 -0.0460157 0.998264 61.2658 0.0226527 0.998644 0.0468675 -0.233119 -0.999067 0.0243364 -0.0356708 170.543
-0.0369746 -0.0430473 0.998389 62.0955 0.0258224 0.998697 0.0440169 -0.208512 -0.998982 0.0274083 -0.0358149 170.498
-0.0366318 -0.0395274 0.998547 62.9389 0.0270283 0.998813 0.0405294 -0.186679 -0.998963 0.0284737 -0.0355199 170.477
-0.0377867 -0.0404507 0.998467 63.7991 0.0270291 0.998774 0.041486 -0.159489 -0.99892 0.0285553 -0.036647 170.45
-0.0396183 -0.0435271 0.998267 64.6788 0.0272709 0.998632 0.0446253 -0.138234 -0.998843 0.0289916 -0.038377 170.423
-0.0412194 -0.0456619 0.998106 65.541 0.0277011 0.998519 0.0468248 -0.118711 -0.998766 0.0295787 -0.0398935 170.397
-0.042301 -0.0456724 0.998061 66.4247 0.0232675 0.998639 0.046685 -0.0902189 -0.998834 0.0251972 -0.0411807 170.369
-0.0424584 -0.0453274 0.99807 67.2879 0.0229464 0.998663 0.0463305 -0.0638468 -0.998835 0.0248692 -0.0413615 170.329
-0.0426238 -0.0443467 0.998107 68.1751 0.0238625 0.998684 0.0453914 -0.0403809 -0.998806 0.025752 -0.0415095 170.29
-0.0429425 -0.043163 0.998145 69.0508 0.0245121 0.99872 0.0442425 -0.0206291 -0.998777 0.0263665 -0.0418296 170.255
