1 0 -1.81899e-10 0 9.31323e-10 1 0 0 -6.54836e-11 0 1 0
0.999996 -0.00223277 -0.00192924 0.0063365 0.00223111 0.999997 -0.000863643 -0.0268546 0.00193117 0.000859335 0.999998 0.566655
0.999991 -0.00307719 -0.00274308 0.000477435 0.00307122 0.999993 -0.00217817 -0.046198 0.00274976 0.00216972 0.999994 1.12958
0.999981 -0.00359672 -0.00492236 -0.00470148 0.00357906 0.999987 -0.00358989 -0.063219 0.00493521 0.00357221 0.999981 1.68045
0.999963 -0.00541372 -0.00671344 -0.00760109 0.0053793 0.999972 -0.00513406 -0.0798592 0.00674105 0.00509775 0.999964 2.23238
0.999933 -0.00807534 -0.00831263 -0.0129982 0.00801736 0.999943 -0.00698541 -0.0961849 0.00836856 0.00691829 0.999941 2.79483
0.999903 -0.00972027 -0.00995774 -0.0142652 0.00964299 0.999923 -0.00777961 -0.111368 0.0100326 0.00768283 0.99992 3.35537
0.999885 -0.0101954 -0.0112364 -0.0226374 0.0101161 0.999924 -0.00708907 -0.128271 0.0113078 0.00697458 0.999912 3.93464
0.999862 -0.0106723 -0.0127009 -0.0395994 0.0105791 0.999917 -0.0073798 -0.145758 0.0127786 0.00724442 0.999892 4.51729
0.999858 -0.00999638 -0.0135621 -0.0489365 0.00986069 0.999901 -0.0100359 -0.167224 0.013661 0.00990071 0.999858 5.10605
0.99985 -0.00863489 -0.0149886 -0.0716413 0.00842738 0.999869 -0.0138532 -0.188849 0.0151062 0.0137249 0.999792 5.70638
0.999836 -0.00715112 -0.0166396 -0.084078 0.00686259 0.999826 -0.0173332 -0.204831 0.0167606 0.0172161 0.999711 6.30771
0.999837 -0.00536204 -0.0172538 -0.108206 0.00505675 0.999831 -0.0176894 -0.222618 0.0173457 0.0175993 0.999695 6.92811
0.999802 -0.00351104 -0.0195701 -0.132617 0.00329135 0.999931 -0.0112469 -0.23492 0.0196082 0.0111803 0.999745 7.57275
0.999799 -0.00335636 -0.0197656 -0.151838 0.00334457 0.999994 -0.000629524 -0.252145 0.0197676 0.00056329 0.999804 8.23382
0.999811 -0.00289511 -0.0191994 -0.164294 0.00301857 0.999975 0.00640493 -0.270199 0.0191804 -0.00646168 0.999795 8.91032
0.999755 -0.00221824 -0.0220377 -0.192582 0.00234725 0.99998 0.00583013 -0.28739 0.0220243 -0.00588043 0.99974 9.59143
0.999725 0.000431928 -0.0234526 -0.21996 -0.000459566 0.999999 -0.00117313 -0.296766 0.0234521 0.00118359 0.999724 10.278
0.99966 9.00626e-05 -0.0260899 -0.242516 -0.000278989 0.999974 -0.00723785 -0.30288 0.0260886 0.00724267 0.999633 11.0013
0.999617 -0.00211911 -0.027584 -0.272653 0.00195324 0.99998 -0.00603878 -0.311096 0.0275963 0.00598259 0.999601 11.7209
0.999574 -0.00354491 -0.0289838 -0.291509 0.0036359 0.999989 0.00308719 -0.321574 0.0289725 -0.00319125 0.999575 12.4904
0.999559 -0.00441154 -0.0293672 -0.318514 0.00473159 0.99993 0.0108376 -0.330092 0.0293173 -0.0109718 0.99951 13.2585
0.999471 -0.00534178 -0.0320799 -0.345209 0.00578161 0.99989 0.0136334 -0.335618 0.0320036 -0.0138116 0.999392 14.0529
0.999418 -0.00749684 -0.0332644 -0.375293 0.00793408 0.999884 0.0130318 -0.340569 0.0331629 -0.0132882 0.999362 14.852
0.999436 -0.00763463 -0.0326915 -0.41072 0.00798752 0.999911 0.0106778 -0.344981 0.0326071 -0.0109329 0.999408 15.6703
0.999409 -0.00557036 -0.0339101 -0.434541 0.00580004 0.999961 0.00667879 -0.343876 0.0338715 -0.00687152 0.999403 16.507
0.999477 -0.00838716 -0.0312353 -0.47062 0.0084377 0.999963 0.00148651 -0.35658 0.0312217 -0.00174928 0.999511 17.3569
0.999423 -0.0111901 -0.0320725 -0.494161 0.0110458 0.999928 -0.00467265 -0.370871 0.0321225 0.00431569 0.999475 18.2235
0.999507 -0.00994783 -0.0297888 -0.53516 0.00966187 0.999906 -0.00972814 -0.390776 0.0298828 0.00943553 0.999509 19.1068
0.999474 -0.00857773 -0.031288 -0.560668 0.00822954 0.999903 -0.0112406 -0.405664 0.0313814 0.0109772 0.999447 20.009
0.999476 -0.00918479 -0.0310329 -0.601281 0.00885731 0.999904 -0.0106735 -0.429242 0.0311279 0.0103931 0.999461 20.9289
0.999507 -0.00832091 -0.0302588 -0.637928 0.00797318 0.999901 -0.0115943 -0.455989 0.0303523 0.0113473 0.999475 21.8701
0.999543 -0.00494998 -0.0298361 -0.674494 0.00454053 0.999895 -0.0137756 -0.484839 0.0299012 0.0136339 0.99946 22.806
0.999581 -0.000791916 -0.0289362 -0.714856 0.000357585 0.999887 -0.015012 -0.511536 0.0289448 0.0149954 0.999469 23.7631
0.999595 0.000678003 -0.0284617 -0.747287 -0.00109682 0.999891 -0.0147022 -0.542659 0.0284487 0.0147275 0.999487 24.7068
0.999598 0.00153525 -0.0283217 -0.781736 -0.00195146 0.99989 -0.0146739 -0.576498 0.0282961 0.0147232 0.999491 25.6879
0.999599 0.0018316 -0.0282574 -0.814786 -0.00224421 0.999891 -0.014577 -0.608746 0.0282277 0.0146346 0.999494 26.6778
0.999562 0.00239464 -0.0295046 -0.850577 -0.0027993 0.999902 -0.0136818 -0.642441 0.029469 0.0137584 0.999471 27.6648
0.999539 0.00322101 -0.0301942 -0.889025 -0.00357527 0.999925 -0.011686 -0.673652 0.0301543 0.0117886 0.999476 28.6763
0.999585 0.0035632 -0.0286012 -0.918821 -0.00386947 0.999936 -0.0106601 -0.70284 0.0285613 0.0107664 0.999534 29.6667
0.999625 0.00369688 -0.0271243 -0.959706 -0.00401055 0.999926 -0.0115188 -0.738527 0.0270797 0.0116233 0.999566 30.6824
0.999594 0.00560482 -0.0279216 -0.987611 -0.0059478 0.999908 -0.0122156 -0.769429 0.0278505 0.0123767 0.999535 31.7058
0.999591 0.00579385 -0.0280039 -1.03496 -0.00611897 0.999915 -0.0115378 -0.800748 0.0279347 0.0117045 0.999541 32.7273
0.999597 0.00453794 -0.0280168 -1.08314 -0.0047908 0.999948 -0.0089649 -0.831887 0.0279746 0.00909551 0.999567 33.7642
0.999563 0.00451512 -0.0291949 -1.11275 -0.00467268 0.999975 -0.00533109 -0.858486 0.0291701 0.00546518 0.99956 34.8121
0.999549 0.00471088 -0.0296659 -1.1583 -0.00479281 0.999985 -0.00269133 -0.887774 0.0296528 0.0028323 0.999556 35.8795
0.999508 0.00457736 -0.0310354 -1.18238 -0.00465169 0.999987 -0.00232346 -0.912267 0.0310243 0.00246669 0.999516 36.9417
0.999572 0.00496985 -0.0288138 -1.23029 -0.00507303 0.999981 -0.00350874 -0.936665 0.0287958 0.00365341 0.999579 38.0034
0.9996 0.00593103 -0.0276351 -1.269 -0.00604679 0.999973 -0.00410736 -0.961429 0.02761 0.00427283 0.99961 39.0586
0.999575 0.00559797 -0.028604 -1.30805 -0.00567517 0.999981 -0.00261845 -0.985936 0.0285887 0.00277967 0.999587 40.1296
0.999513 0.00463839 -0.0308543 -1.34583 -0.00465702 0.999989 -0.000532147 -1.01308 0.0308515 0.000675577 0.999524 41.225
0.999419 0.00537888 -0.0336623 -1.37452 -0.00531976 0.999984 0.0018454 -1.03894 0.0336717 -0.00166526 0.999432 42.2918
0.999473 0.00582215 -0.0319393 -1.42186 -0.00576525 0.999982 0.00187334 -1.06328 0.0319496 -0.00168822 0.999488 43.3788
0.999468 0.00687686 -0.0318866 -1.46182 -0.0069278 0.999975 -0.00148725 -1.09101 0.0318756 0.00170736 0.99949 44.4401
0.99945 0.00987513 -0.0316522 -1.50708 -0.0100627 0.999933 -0.00577203 -1.12032 0.0315931 0.00608736 0.999482 45.5098
0.999438 0.0109036 -0.0317116 -1.53837 -0.0111069 0.999919 -0.00624195 -1.14873 0.031641 0.00659065 0.999478 46.5727
0.999488 0.00947595 -0.0305657 -1.58098 -0.00958791 0.999948 -0.00351845 -1.17381 0.0305307 0.00380971 0.999527 47.6193
0.999474 0.0107995 -0.0305858 -1.61231 -0.0108533 0.99994 -0.00159465 -1.20248 0.0305668 0.00192577 0.999531 48.7258
0.999509 0.00848258 -0.0301533 -1.66964 -0.00849583 0.999964 -0.000311423 -1.22659 0.0301496 0.000567447 0.999545 49.7729
0.999519 0.00965483 -0.0294795 -1.69811 -0.00967256 0.999953 -0.000458945 -1.25317 0.0294737 0.000743866 0.999565 50.8829
0.999539 0.00834529 -0.0291967 -1.7404 -0.00841236 0.999962 -0.00217519 -1.27967 0.0291774 0.0024198 0.999571 51.9187
0.999528 0.00953888 -0.0291897 -1.77522 -0.0096849 0.999941 -0.00486533 -1.30641 0.0291415 0.00514574 0.999562 53.0139
0.999541 0.0076705 -0.0293178 -1.81324 -0.0078743 0.999946 -0.00684236 -1.33723 0.0292638 0.00707008 0.999547 54.0919
0.999546 0.00644189 -0.0294356 -1.84927 -0.006748 0.999924 -0.010312 -1.37299 0.029367 0.0105059 0.999514 55.1718
0.999539 0.00538316 -0.0298815 -1.88146 -0.00573888 0.999914 -0.0118316 -1.40858 0.0298152 0.0119977 0.999483 56.2448
0.999539 0.00447726 -0.0300272 -1.90362 -0.00477483 0.99994 -0.0098456 -1.4464 0.0299814 0.00998444 0.999501 57.3186
0.999539 0.00248502 -0.0302743 -1.94519 -0.0026099 0.999988 -0.00408609 -1.47585 0.0302638 0.00416321 0.999533 58.3819
0.999594 0.000562117 -0.0284762 -1.97981 -0.000510468 0.999998 0.00182093 -1.49957 0.0284772 -0.00180566 0.999593 59.4669
0.999597 -0.00157914 -0.0283325 -2.01904 0.0016659 0.999994 0.00303916 -1.52523 0.0283275 -0.00308514 0.999594 60.548
0.999592 -0.00254153 -0.0284339 -2.04929 0.00255002 0.999997 0.000262273 -1.55253 0.0284331 -0.000334672 0.999596 61.6312
0.999615 -0.00493668 -0.027288 -2.08271 0.00485717 0.999984 -0.00297963 -1.57559 0.0273023 0.00284594 0.999623 62.706
0.999625 -0.00199792 -0.0273124 -2.11201 0.00181569 0.999976 -0.00669539 -1.60735 0.0273251 0.00664329 0.999605 63.7974
0.999639 -0.00135006 -0.0268429 -2.14386 0.00106072 0.999941 -0.0107904 -1.64039 0.0268559 0.0107581 0.999582 64.8605
0.999683 0.00214545 -0.0250919 -2.19193 -0.00244081 0.999928 -0.0117463 -1.67324 0.0250649 0.0118038 0.999616 65.9109
0.999753 0.00548473 -0.0215481 -2.23239 -0.00566918 0.999948 -0.00850836 -1.70176 0.0215003 0.00862841 0.999732 67.0067
0.999743 0.00623301 -0.0218152 -2.26416 -0.00636725 0.999961 -0.00608941 -1.73389 0.0217764 0.00622675 0.999744 68.0829
0.999768 0.00679971 -0.020446 -2.30084 -0.00690979 0.999962 -0.00531815 -1.76661 0.0204091 0.00545819 0.999777 69.1802
0.999788 0.00463432 -0.0200482 -2.32295 -0.00472136 0.99998 -0.00429642 -1.79529 0.0200279 0.00439016 0.99979 70.2517
0.999776 0.00441991 -0.0207028 -2.33591 -0.00447807 0.999986 -0.00276382 -1.82679 0.0206903 0.00285591 0.999782 71.3364
0.99977 0.00220641 -0.0213134 -2.37213 -0.00222467 0.999997 -0.000833265 -1.85712 0.0213116 0.00088049 0.999772 72.4283
0.999739 0.000565875 -0.0228584 -2.38352 -0.00054907 1 0.000741449 -1.88153 0.0228588 -0.000728704 0.999738 73.5014
0.999801 3.20496e-05 -0.0199451 -2.42253 -3.06964e-05 1 6.80862e-05 -1.91319 0.0199451 -6.74608e-05 0.999801 74.5949
0.999753 0.000432521 -0.0222206 -2.44536 -0.000513542 0.999993 -0.00364072 -1.94326 0.0222188 0.00365124 0.999747 75.6639
0.999724 0.00238099 -0.0233637 -2.47461 -0.00250584 0.999983 -0.00531591 -1.97291 0.0233506 0.00537299 0.999713 76.7243
0.999717 0.00346574 -0.0235418 -2.5159 -0.00355573 0.999987 -0.00378174 -2.00148 0.0235284 0.00386438 0.999716 77.7886
0.999688 0.00467757 -0.0245436 -2.55235 -0.00466799 0.999989 0.000447514 -2.02918 0.0245454 -0.000332804 0.999699 78.8594
0.999637 0.00524971 -0.0264096 -2.59403 -0.00513314 0.999977 0.00447976 -2.05277 0.0264325 -0.00434257 0.999641 79.9647
0.999609 0.00650063 -0.0272014 -2.62551 -0.0063563 0.999965 0.00538913 -2.07611 0.0272355 -0.00521413 0.999615 81.0233
0.999601 0.00683377 -0.0273966 -2.67809 -0.00673977 0.999971 0.00352208 -2.09593 0.0274199 -0.00333603 0.999618 82.0687
0.999621 0.00685522 -0.0266646 -2.70943 -0.00678489 0.999973 0.00272723 -2.12085 0.0266826 -0.00254528 0.999641 83.1152
0.9996 0.00687554 -0.0274512 -2.74526 -0.00680069 0.999973 0.00281898 -2.14559 0.0274698 -0.00263116 0.999619 84.1682
0.999587 0.00537802 -0.0282128 -2.78287 -0.00529094 0.999981 0.00316013 -2.17174 0.0282293 -0.00300955 0.999597 85.1968
0.999568 0.00510549 -0.0289613 -2.80691 -0.00496231 0.999975 0.00501363 -2.19587 0.0289862 -0.00486774 0.999568 86.1981
0.999573 0.00391836 -0.0289614 -2.85616 -0.00371193 0.999967 0.00717819 -2.21721 0.0289886 -0.00706762 0.999555 87.1968
0.999572 0.00307048 -0.029103 -2.88627 -0.00282264 0.999959 0.00855315 -2.24 0.0291281 -0.00846734 0.99954 88.1855
0.999473 0.00223792 -0.0323855 -2.9185 -0.00195801 0.99996 0.00867222 -2.2619 0.0324036 -0.00860424 0.999438 89.1516
0.999336 0.00152043 -0.0363996 -2.96645 -0.0012164 0.999964 0.0083733 -2.28311 0.036411 -0.00832346 0.999302 90.065
0.999273 0.00159579 -0.0380974 -3.00908 -0.00131413 0.999972 0.007417 -2.30277 0.0381081 -0.00736154 0.999247 90.9555
0.999087 0.000995872 -0.0427103 -3.06228 -0.000664513 0.99997 0.00777177 -2.32149 0.0427167 -0.00773629 0.999057 91.8708
0.998884 0.00170239 -0.0472063 -3.09902 -0.00128325 0.99996 0.00890769 -2.33923 0.0472196 -0.00883717 0.998845 92.7166
0.99872 0.00337767 -0.0504598 -3.15387 -0.00288031 0.999947 0.00992607 -2.35873 0.0504907 -0.00976803 0.998677 93.5695
0.998623 0.00374473 -0.0523194 -3.2085 -0.00314959 0.999929 0.011453 -2.375 0.0523586 -0.0112724 0.998565 94.3765
0.998501 0.00589538 -0.0544146 -3.25946 -0.00524132 0.999912 0.0121549 -2.39169 0.0544815 -0.0118514 0.998445 95.1631
0.99835 0.00754621 -0.0569202 -3.3118 -0.00683845 0.999897 0.0126187 -2.40676 0.0570095 -0.0122086 0.998299 95.8999
0.998239 0.00923697 -0.0585957 -3.36665 -0.00855444 0.999893 0.0118882 -2.42266 0.0586993 -0.011366 0.998211 96.6352
0.998031 0.0112088 -0.0617149 -3.41302 -0.010712 0.999907 0.00837554 -2.44067 0.061803 -0.00769796 0.998059 97.3279
0.997788 0.0135754 -0.0650714 -3.47107 -0.0133098 0.999901 0.00451246 -2.45673 0.0651262 -0.00363639 0.99787 97.9808
0.99775 0.0157173 -0.0651742 -3.53428 -0.0156288 0.999876 0.00186798 -2.47277 0.0651955 -0.000845178 0.997872 98.618
0.997749 0.0176264 -0.0646994 -3.57404 -0.0175842 0.999845 0.00122248 -2.48864 0.0647109 -8.2043e-05 0.997904 99.2074
0.997703 0.0202703 -0.0646413 -3.61501 -0.0202188 0.999795 0.00145121 -2.50641 0.0646574 -0.000140901 0.997908 99.7832
0.997719 0.0234661 -0.0632965 -3.67018 -0.0233191 0.999723 0.0030597 -2.52215 0.0633508 -0.0015767 0.99799 100.368
0.99797 0.0264805 -0.0579212 -3.69546 -0.0262621 0.999645 0.00452904 -2.53863 0.0580205 -0.00299872 0.998311 100.882
0.998408 0.0270079 -0.0495126 -3.73281 -0.0267245 0.999623 0.0063761 -2.55047 0.0496661 -0.00504275 0.998753 101.406
0.9988 0.0273703 -0.0406046 -3.7463 -0.0270288 0.999595 0.00893688 -2.5616 0.0408328 -0.00782866 0.999135 101.888
0.999283 0.0260467 -0.0274891 -3.7656 -0.0257761 0.999616 0.0101545 -2.57214 0.027743 -0.00943862 0.999571 102.366
0.999573 0.0255256 -0.0142199 -3.7539 -0.0253821 0.999626 0.0101806 -2.58455 0.0144745 -0.00981529 0.999847 102.813
0.999692 0.0248241 0.000706739 -3.7535 -0.0248296 0.999649 0.00927825 -2.59506 -0.000476167 -0.00929294 0.999957 103.249
0.999568 0.0237404 0.0173436 -3.73043 -0.0238586 0.999693 0.00664497 -2.60908 -0.0171806 -0.00705589 0.999828 103.668
0.998986 0.0229171 0.0387529 -3.70884 -0.023018 0.999733 0.00215988 -2.61883 -0.038693 -0.0030497 0.999246 104.068
0.997724 0.0214671 0.063919 -3.6649 -0.0213534 0.999769 -0.00246059 -2.63198 -0.0639571 0.0010901 0.997952 104.478
0.995608 0.0190153 0.0916678 -3.60673 -0.0185907 0.999812 -0.00548335 -2.64175 -0.0917549 0.0037551 0.995775 104.854
0.992368 0.0163476 0.122222 -3.53749 -0.0156289 0.999854 -0.00683645 -2.6533 -0.122316 0.00487408 0.992479 105.234
0.987879 0.0137562 0.154616 -3.45683 -0.0125622 0.999883 -0.00869681 -2.6649 -0.154718 0.00664907 0.987936 105.597
0.981672 0.0115559 0.190226 -3.35244 -0.00982102 0.999901 -0.0100602 -2.67805 -0.190323 0.00800764 0.981689 105.978
0.973663 0.00753723 0.227869 -3.23671 -0.00523779 0.999929 -0.0106941 -2.69254 -0.227933 0.00921893 0.973633 106.32
0.963631 0.00511549 0.267186 -3.10405 -0.00219904 0.999935 -0.0112135 -2.70823 -0.267226 0.0102181 0.96358 106.675
0.951237 0.00557889 0.308412 -2.9563 -0.00192434 0.999924 -0.0121525 -2.72529 -0.308456 0.0109664 0.951175 106.997
0.935694 0.00777346 0.352726 -2.81157 -0.00349928 0.999913 -0.0127536 -2.73392 -0.352794 0.0106992 0.93564 107.329
0.917406 0.00730209 0.397885 -2.62545 -0.00291558 0.999928 -0.0116285 -2.74835 -0.397942 0.00950796 0.917361 107.652
0.897093 0.0064523 0.441794 -2.44218 -0.00195932 0.999942 -0.0106254 -2.756 -0.441837 0.00866634 0.897053 107.944
0.873568 0.00494139 0.486677 -2.22965 0.000547932 0.999938 -0.0111362 -2.77056 -0.486702 0.0099949 0.873511 108.235
0.849094 0.00492816 0.528219 -2.01431 0.00218875 0.999915 -0.0128473 -2.7871 -0.528238 0.0120647 0.849011 108.491
0.821806 0.00675713 0.569727 -1.79293 0.00299873 0.999865 -0.0161842 -2.80286 -0.569759 0.0150087 0.821675 108.758
0.792488 0.0108223 0.609791 -1.56028 0.00179622 0.999797 -0.0200783 -2.81725 -0.609885 0.0170071 0.792308 108.998
0.758598 0.0168284 0.651342 -1.30388 -0.00174396 0.999715 -0.0237981 -2.83326 -0.651557 0.0169173 0.758411 109.256
0.721997 0.021773 0.691553 -1.04098 -0.00438155 0.999629 -0.0268981 -2.83869 -0.691882 0.0163903 0.721825 109.475
0.683536 0.0218788 0.729589 -0.750742 -0.00235649 0.999612 -0.0277684 -2.8524 -0.729913 0.0172614 0.683322 109.688
0.64349 0.0186486 0.765227 -0.433913 0.00141119 0.999673 -0.0255487 -2.87409 -0.765453 0.0175202 0.643253 109.889
0.602067 0.0166445 0.798272 -0.119909 0.0031735 0.999725 -0.0232384 -2.88054 -0.798439 0.0165244 0.601849 110.067
0.556505 0.0147379 0.830713 0.226267 0.00352864 0.999792 -0.0201015 -2.89542 -0.830837 0.0141179 0.556337 110.248
0.50996 0.0127432 0.860104 0.553126 0.00455073 0.999836 -0.0175116 -2.90273 -0.860186 0.0128443 0.509819 110.402
0.460299 0.00771558 0.887731 0.925879 0.00719759 0.999897 -0.0124225 -2.92804 -0.887735 0.0121076 0.460196 110.543
0.409391 0.00805726 0.912323 1.29036 0.00523184 0.999924 -0.0111786 -2.93736 -0.912344 0.00934955 0.409318 110.668
0.358071 0.0122982 0.933613 1.65043 0.00219451 0.999899 -0.014013 -2.95189 -0.933692 0.00706649 0.358008 110.774
0.30762 0.0176265 0.951346 2.05491 -0.000172663 0.999829 -0.018469 -2.96557 -0.951509 0.00551715 0.30757 110.869
0.26133 0.0199114 0.965044 2.44992 0.0020504 0.999774 -0.0211831 -2.97496 -0.965247 0.00751451 0.26123 110.942
0.21894 0.0193898 0.975546 2.87655 0.00904272 0.999719 -0.0218997 -2.99269 -0.975696 0.0136163 0.218703 111.008
0.183963 0.0188479 0.982753 3.29961 0.0173 0.999599 -0.0224094 -3.00845 -0.982781 0.0211241 0.183563 111.042
0.152628 0.0193005 0.988095 3.74654 0.0208956 0.999523 -0.0227514 -3.02388 -0.988063 0.0241194 0.152152 111.09
0.124913 0.0178529 0.992007 4.20562 0.0191377 0.999609 -0.0203996 -3.0406 -0.991983 0.0215329 0.124523 111.132
0.0994324 0.0151696 0.994929 4.68947 0.0135842 0.99977 -0.016601 -3.04963 -0.994952 0.015166 0.0992034 111.175
0.0749274 0.0118371 0.997119 5.19535 0.00925254 0.999878 -0.0125651 -3.05967 -0.997146 0.0101674 0.0748088 111.215
0.0533027 0.00883528 0.998539 5.71567 0.0132711 0.999866 -0.00955544 -3.07745 -0.99849 0.013761 0.0531783 111.214
0.0325479 0.00895663 0.99943 6.24609 0.0201031 0.999752 -0.00961419 -3.09949 -0.999268 0.0204045 0.0323598 111.211
0.0140071 0.0107598 0.999844 6.80427 0.0261425 0.999596 -0.0111233 -3.11705 -0.99956 0.0262942 0.0137202 111.202
0.000319712 0.0162801 0.999867 7.36795 0.0262854 0.999522 -0.0162829 -3.12921 -0.999654 0.0262871 -0.00010837 111.197
-0.0121724 0.0210353 0.999705 7.96681 0.022269 0.999536 -0.0207606 -3.13672 -0.999678 0.0220098 -0.0126352 111.201
-0.0175387 0.0213341 0.999619 8.58146 0.0239952 0.999493 -0.0209104 -3.15134 -0.999558 0.0236193 -0.0180418 111.178
-0.0214138 0.0177053 0.999614 9.22818 0.0323662 0.999331 -0.017007 -3.17386 -0.999247 0.0319895 -0.0219726 111.16
-0.0207227 0.0160573 0.999656 9.89431 0.0341061 0.9993 -0.0153445 -3.19571 -0.999203 0.0337764 -0.0212559 111.141
-0.0189566 0.0152571 0.999704 10.5674 0.0331278 0.999344 -0.0146234 -3.21607 -0.999271 0.0328408 -0.0194496 111.136
-0.0172625 0.0161044 0.999721 11.2425 0.0289042 0.99946 -0.0156011 -3.23319 -0.999433 0.0286269 -0.0177187 111.134
-0.0159169 0.0170385 0.999728 11.9811 0.0271517 0.999493 -0.0166022 -3.25574 -0.999505 0.0268801 -0.0163715 111.127
-0.0153812 0.0177558 0.999724 12.6528 0.0270916 0.999483 -0.0173347 -3.27662 -0.999515 0.0268175 -0.0158542 111.127
-0.0143027 0.017105 0.999751 13.4027 0.0266846 0.999504 -0.016719 -3.30079 -0.999542 0.0264388 -0.0147521 111.118
-0.0139096 0.0159659 0.999776 14.1449 0.0260004 0.99954 -0.0156004 -3.3199 -0.999565 0.0257775 -0.0143183 111.115
-0.0135908 0.0145268 0.999802 14.9428 0.0260869 0.999559 -0.0141686 -3.3492 -0.999567 0.0258891 -0.0139638 111.108
-0.013882 0.0120739 0.999831 15.7129 0.0274614 0.999555 -0.0116893 -3.37165 -0.999527 0.0272945 -0.0142074 111.104
-0.0144929 0.0107278 0.999837 16.475 0.0262055 0.999603 -0.0103454 -3.39207 -0.999551 0.0260513 -0.0147683 111.093
-0.0159704 0.00994101 0.999823 17.2727 0.0218146 0.999716 -0.0095915 -3.41567 -0.999635 0.0216576 -0.0161827 111.09
-0.0169886 0.00711382 0.99983 18.0838 0.0267176 0.999621 -0.00665836 -3.4357 -0.999499 0.0265999 -0.0171722 111.075
-0.0185121 0.00511191 0.999816 18.882 0.0266808 0.999633 -0.00461697 -3.46144 -0.999473 0.0265904 -0.0186417 111.061
-0.0194181 0.00444529 0.999802 19.719 0.027745 0.999607 -0.00390557 -3.47815 -0.999426 0.0276637 -0.0195338 111.045
-0.0205311 0.00882667 0.99975 20.5183 0.0226553 0.999708 -0.00836105 -3.50047 -0.999532 0.022478 -0.0207251 111.04
-0.0214114 0.0134175 0.999681 21.32 0.0220097 0.999674 -0.012946 -3.52229 -0.999528 0.0217254 -0.0216997 111.027
-0.0225089 0.0149508 0.999635 22.1677 0.0238893 0.999611 -0.0144125 -3.55297 -0.999461 0.0235562 -0.0228573 111.015
-0.0241107 0.0128771 0.999626 23.0282 0.0205758 0.999712 -0.0123819 -3.57605 -0.999498 0.0202695 -0.0243687 111.002
-0.0253829 0.00880092 0.999639 23.835 0.017432 0.999813 -0.00835982 -3.60271 -0.999526 0.0172135 -0.0255316 110.993
-0.0251921 0.00366946 0.999676 24.7061 0.0170213 0.99985 -0.00324116 -3.6263 -0.999538 0.0169341 -0.0252508 110.972
-0.0257543 -0.00186385 0.999667 25.5321 0.0136491 0.999904 0.00221594 -3.64516 -0.999575 0.0137016 -0.0257264 110.963
-0.0254841 -0.0034835 0.999669 26.3717 0.0105374 0.999937 0.00375306 -3.66066 -0.99962 0.0106295 -0.0254458 110.953
-0.0246946 0.00323789 0.99969 27.2236 0.0140994 0.999897 -0.00289026 -3.6906 -0.999596 0.0140237 -0.0247377 110.943
-0.0236465 0.0134702 0.99963 28.0482 0.0157316 0.99979 -0.0131003 -3.72025 -0.999597 0.015416 -0.0238535 110.921
-0.0232132 0.0189062 0.999552 28.883 0.0170743 0.999683 -0.0185122 -3.74827 -0.999585 0.016637 -0.0235286 110.907
-0.0218269 0.0145895 0.999655 29.7078 0.0187369 0.999724 -0.0141814 -3.76945 -0.999586 0.0184209 -0.0220942 110.891
-0.0209063 0.0063504 0.999761 30.5481 0.0219674 0.999741 -0.0058909 -3.79777 -0.99954 0.021839 -0.0210404 110.877
-0.020803 0.00311488 0.999779 31.3787 0.0238195 0.999713 -0.00261904 -3.8244 -0.9995 0.0237597 -0.0208712 110.858
-0.020906 0.00352415 0.999775 32.2034 0.0225468 0.999741 -0.00305256 -3.85022 -0.999527 0.0224779 -0.02098 110.85
-0.0222908 0.0043324 0.999742 33.024 0.0193552 0.999805 -0.00390112 -3.87421 -0.999564 0.0192633 -0.0223703 110.844
-0.0235053 0.00431545 0.999714 33.8324 0.016789 0.999851 -0.0039213 -3.89415 -0.999583 0.016692 -0.0235742 110.836
-0.0266266 0.00433434 0.999636 34.6427 0.0167301 0.999853 -0.00388965 -3.9188 -0.999506 0.0166204 -0.0266952 110.821
-0.0279596 0.00479077 0.999598 35.452 0.0155144 0.99987 -0.00435812 -3.94509 -0.999489 0.0153863 -0.0280303 110.807
-0.0302365 0.00491346 0.999531 36.2451 0.0144537 0.999886 -0.00447797 -3.96738 -0.999438 0.0143115 -0.0303041 110.795
-0.0328328 0.00382453 0.999454 37.0471 0.0122945 0.999919 -0.00342242 -3.98792 -0.999385 0.0121754 -0.0328772 110.774
-0.0344974 0.00294761 0.9994 37.8314 0.0125737 0.999918 -0.00251511 -4.01354 -0.999326 0.0124794 -0.0345316 110.755
-0.036944 0.00283585 0.999313 38.6214 0.0121653 0.999923 -0.00238784 -4.03683 -0.999243 0.0120688 -0.0369756 110.731
-0.0385279 0.00347442 0.999251 39.3997 0.0119272 0.999924 -0.00301688 -4.05908 -0.999186 0.0118021 -0.0385665 110.71
-0.0397993 0.00392682 0.9992 40.1788 0.0117439 0.999925 -0.00346189 -4.07885 -0.999139 0.0115967 -0.0398424 110.685
-0.0407775 0.00276525 0.999164 40.9398 0.0130969 0.999912 -0.00223282 -4.09969 -0.999082 0.0129949 -0.0408101 110.655
-0.0421411 0.0017958 0.99911 41.7082 0.0137862 0.999904 -0.00121575 -4.12248 -0.999016 0.0137227 -0.0421618 110.627
-0.0438132 0.00122851 0.999039 42.4692 0.0124899 0.999922 -0.00068185 -4.14427 -0.998962 0.012448 -0.0438251 110.601
-0.0449778 0.000637262 0.998988 43.2278 0.0112119 0.999937 -0.000133066 -4.16624 -0.998925 0.0111946 -0.0449821 110.578
-0.0461173 -0.000819955 0.998936 43.9623 0.0105528 0.999943 0.00130797 -4.18179 -0.99888 0.0106018 -0.0461061 110.551
-0.0462414 -0.00068503 0.99893 44.6921 0.0106511 0.999943 0.00117878 -4.19934 -0.998874 0.0106942 -0.0462315 110.52
-0.0465445 0.00126792 0.998915 45.3735 0.010729 0.999942 -0.000769306 -4.22114 -0.998859 0.0106816 -0.0465554 110.495
-0.0466633 0.00434201 0.998901 46.0866 0.0100275 0.999942 -0.0038781 -4.24384 -0.99886 0.00983556 -0.0467041 110.469
-0.0466834 0.00580115 0.998893 46.7574 0.00929832 0.999942 -0.00537268 -4.26227 -0.998866 0.00903721 -0.0467346 110.447
-0.0469469 0.0064907 0.998876 47.4711 0.00946225 0.999937 -0.00605287 -4.28448 -0.998853 0.00916745 -0.0470053 110.416
-0.0467198 0.00642396 0.998887 48.1649 0.0112119 0.99992 -0.0059062 -4.30296 -0.998845 0.0109235 -0.046788 110.388
-0.0475144 0.0057553 0.998854 48.8565 0.012279 0.999911 -0.0051773 -4.32576 -0.998795 0.0120189 -0.0475809 110.364
-0.0479877 0.00605059 0.99883 49.5411 0.00934375 0.999941 -0.00560841 -4.3425 -0.998804 0.00906368 -0.0480414 110.339
-0.0472235 0.00608825 0.998866 50.2332 0.00654032 0.999962 -0.00578572 -4.36417 -0.998863 0.00625968 -0.0472615 110.316
-0.0482168 0.00452517 0.998827 50.9122 0.00747994 0.999963 -0.00416923 -4.38391 -0.998809 0.00727013 -0.0482489 110.299
-0.0484857 0.00360761 0.998817 51.5834 0.0071525 0.999969 -0.00326457 -4.40012 -0.998798 0.00698575 -0.0485101 110.266
-0.051864 0.00323557 0.998649 52.2239 0.00370063 0.999988 -0.00304772 -4.42152 -0.998647 0.00353756 -0.0518754 110.247
-0.0568426 0.00345684 0.998377 52.9064 0.000847058 0.999994 -0.00341421 -4.43726 -0.998383 0.00065161 -0.0568452 110.22
-0.0627101 0.00687485 0.998008 53.5579 0.00364579 0.999971 -0.00665929 -4.46202 -0.998025 0.00322092 -0.0627333 110.171
-0.0694101 0.00948784 0.997543 54.2183 0.00425769 0.999949 -0.00921446 -4.47299 -0.997579 0.00360766 -0.0694469 110.12
-0.0763054 0.0106853 0.997027 54.8972 0.00329015 0.99994 -0.0104647 -4.49421 -0.997079 0.00248186 -0.0763359 110.071
-0.0833241 0.0102707 0.99647 55.5933 0.00179398 0.999947 -0.0101565 -4.51586 -0.996521 0.000941359 -0.0833381 110.028
-0.088678 0.00941731 0.996016 56.2708 0.0028466 0.999954 -0.0092011 -4.54074 -0.996056 0.00201932 -0.0887007 109.976
-0.0936795 0.0091049 0.995561 56.935 -0.00120434 0.999956 -0.00925842 -4.56039 -0.995602 -0.00206632 -0.0936645 109.918
-0.097344 0.00891188 0.995211 57.6521 -0.00244598 0.999955 -0.0091936 -4.57642 -0.995248 -0.00332921 -0.0973178 109.859
-0.100005 0.0057589 0.99497 58.3209 -0.00272479 0.999978 -0.00606176 -4.59315 -0.994983 -0.00331729 -0.0999869 109.796
-0.10248 0.00280069 0.994731 59.0567 0.000486324 0.999996 -0.00276541 -4.61128 -0.994735 0.000200365 -0.102481 109.726
-0.103591 0.000317871 0.99462 59.7631 0.000857176 1 -0.000230313 -4.62957 -0.99462 0.000828707 -0.103591 109.656
-0.104986 1.44164e-05 0.994474 60.48 -4.28781e-05 1 -1.90209e-05 -4.64192 -0.994474 -4.46392e-05 -0.104986 109.588
-0.105626 0.00270708 0.994402 61.2046 0.000528978 0.999996 -0.00266612 -4.65882 -0.994406 0.000244406 -0.105627 109.517
-0.105717 0.00722603 0.99437 61.9244 0.00714649 0.999953 -0.00650682 -4.67554 -0.994371 0.00641838 -0.105764 109.438
-0.106665 0.0110422 0.994234 62.6867 0.0123485 0.999876 -0.00978002 -4.70097 -0.994218 0.0112341 -0.106788 109.351
-0.107574 0.0125645 0.994118 63.4063 0.0124628 0.999859 -0.0112884 -4.71814 -0.994119 0.0111752 -0.107716 109.277
-0.10763 0.0104724 0.994136 64.1551 0.0112305 0.999894 -0.00931714 -4.7385 -0.994128 0.0101618 -0.107736 109.206
-0.107005 0.00677592 0.994235 64.9092 0.01265 0.999905 -0.0054531 -4.75452 -0.994178 0.0119935 -0.107081 109.132
-0.107676 0.00435016 0.994177 65.6564 0.0174014 0.999846 -0.00249028 -4.77799 -0.994034 0.0170319 -0.107735 109.051
-0.10879 0.0045867 0.994054 66.3771 0.0197191 0.999803 -0.00245516 -4.80072 -0.993869 0.0193347 -0.108859 108.972
-0.110404 0.00498994 0.993874 67.1345 0.01672 0.999855 -0.00316263 -4.82157 -0.993746 0.0162684 -0.110472 108.893
-0.112484 0.00543455 0.993639 67.9069 0.0171474 0.999847 -0.00352736 -4.84325 -0.993506 0.0166415 -0.11256 108.817
-0.114676 0.00570195 0.993387 68.6075 0.0174184 0.999841 -0.00372822 -4.86097 -0.99325 0.0168757 -0.114757 108.741
-0.116928 0.00569645 0.993124 69.3798 0.0178006 0.999835 -0.00363914 -4.88299 -0.992981 0.0172527 -0.11701 108.652
-0.119 0.0052027 0.992881 70.1045 0.0158708 0.999869 -0.00333714 -4.89994 -0.992767 0.0153607 -0.119067 108.577
-0.120311 0.00590975 0.992719 70.8575 0.0146762 0.999884 -0.00417374 -4.91444 -0.992628 0.0140672 -0.120383 108.491
-0.121421 0.00665499 0.992579 71.6113 0.0129094 0.999904 -0.0051249 -4.94068 -0.992517 0.0121913 -0.121496 108.408
-0.122571 0.00720961 0.992434 72.3687 0.0120011 0.999911 -0.00578173 -4.95271 -0.992387 0.0112016 -0.122646 108.327
-0.123548 0.00690867 0.992315 73.141 0.0113723 0.99992 -0.00554571 -4.97549 -0.992274 0.0105998 -0.123616 108.236
-0.124867 0.00546875 0.992158 73.9061 0.0112852 0.999928 -0.00409129 -4.99232 -0.992109 0.0106858 -0.12492 108.148
-0.12589 0.00346021 0.992038 74.6973 0.00992486 0.999948 -0.00222833 -5.01172 -0.991995 0.00956531 -0.125918 108.056
-0.127281 0.00175654 0.991865 75.4823 0.0066327 0.999978 -0.000919759 -5.02868 -0.991845 0.00646167 -0.12729 107.961
-0.129545 0.000738434 0.991573 76.2486 0.00651016 0.999979 0.000105831 -5.04415 -0.991552 0.00646901 -0.129547 107.869
-0.131689 0.00069343 0.991291 77.0446 0.00719444 0.999974 0.000256248 -5.06415 -0.991265 0.00716553 -0.13169 107.77
-0.133564 0.00225216 0.991038 77.8255 0.00632669 0.999979 -0.00141981 -5.07802 -0.99102 0.00608035 -0.133576 107.665
-0.134466 0.00595997 0.9909 78.6297 0.00908122 0.999947 -0.00478206 -5.09991 -0.990877 0.00835556 -0.134513 107.559
-0.135874 0.00909272 0.990684 79.4237 0.00901005 0.999928 -0.00794181 -5.12033 -0.990685 0.00784703 -0.135947 107.46
-0.13608 0.0129473 0.990613 80.2417 0.0101211 0.999881 -0.0116781 -5.14506 -0.990646 0.00843697 -0.136195 107.342
-0.135989 0.0139594 0.990612 81.0605 0.0122208 0.999848 -0.0124119 -5.16755 -0.990635 0.0104182 -0.136139 107.231
-0.135893 0.0132149 0.990635 81.8693 0.0154334 0.999818 -0.0112202 -5.19564 -0.990603 0.0137641 -0.136072 107.121
-0.135662 0.0118265 0.990685 82.7025 0.0166124 0.999815 -0.00966063 -5.21733 -0.990616 0.015147 -0.135833 107.011
-0.134947 0.010001 0.990802 83.5399 0.0165614 0.999832 -0.00783647 -5.24275 -0.990714 0.0153516 -0.13509 106.902
-0.133128 0.00789932 0.991067 84.378 0.0163502 0.99985 -0.00577302 -5.26559 -0.990964 0.0154356 -0.133237 106.798
-0.131856 0.00485157 0.991257 85.2297 0.017551 0.999843 -0.00255898 -5.28416 -0.991113 0.0170601 -0.131921 106.688
-0.12959 0.00156006 0.991566 86.0755 0.0177703 0.999842 0.000749368 -5.30766 -0.991408 0.0177175 -0.129598 106.58
-0.128014 0.00150284 0.991771 86.9395 0.0164674 0.999864 0.000610457 -5.32734 -0.991636 0.01641 -0.128022 106.479
-0.127018 0.00533127 0.991886 87.7764 0.0180227 0.999833 -0.00306605 -5.34962 -0.991737 0.017487 -0.127093 106.379
-0.124844 0.0111759 0.992114 88.6325 0.018337 0.999792 -0.00895493 -5.37193 -0.992007 0.0170744 -0.125023 106.277
-0.123685 0.0144334 0.992216 89.4916 0.0153814 0.999802 -0.0126263 -5.39981 -0.992202 0.0137 -0.123883 106.178
-0.122167 0.0128761 0.992426 90.3583 0.0142311 0.999836 -0.0112204 -5.41627 -0.992408 0.0127526 -0.12233 106.084
-0.121164 0.0100005 0.992582 91.1884 0.0156833 0.999844 -0.00815922 -5.44692 -0.992509 0.0145783 -0.121302 105.988
-0.120304 0.00852811 0.992701 92.0753 0.0162687 0.999846 -0.00661791 -5.47076 -0.992604 0.0153538 -0.120425 105.884
-0.119935 0.00782928 0.992751 92.9301 0.0159832 0.999855 -0.00595434 -5.49871 -0.992653 0.0151532 -0.120043 105.79
-0.11968 0.0073556 0.992785 93.7838 0.0152833 0.999868 -0.00556567 -5.52477 -0.992695 0.0145069 -0.119777 105.696
-0.118909 0.00631552 0.992885 94.6519 0.0180096 0.999829 -0.00420284 -5.54537 -0.992742 0.0173817 -0.119002 105.595
-0.118107 0.00540269 0.992986 95.5165 0.020419 0.999787 -0.00301103 -5.57214 -0.992791 0.0199202 -0.118192 105.497
-0.117246 0.0061044 0.993084 96.3576 0.0221216 0.999749 -0.00353363 -5.59681 -0.992857 0.0215543 -0.117352 105.402
-0.116621 0.00852367 0.99314 97.2072 0.0230521 0.999717 -0.00587317 -5.61998 -0.992909 0.0222091 -0.116785 105.307
-0.115295 0.00885301 0.993292 98.06 0.0182904 0.99981 -0.00678807 -5.6462 -0.993163 0.0173851 -0.115435 105.219
-0.115223 0.00645768 0.993319 98.9185 0.016912 0.999847 -0.00453837 -5.66653 -0.993196 0.016276 -0.115314 105.137
-0.115395 0.00387404 0.993312 99.7509 0.0123465 0.999921 -0.00246551 -5.69257 -0.993243 0.0119794 -0.115433 105.056
-0.11635 0.00445793 0.993198 100.606 0.00968168 0.999947 -0.00335405 -5.71945 -0.993161 0.00922559 -0.116387 104.971
-0.117673 0.00818697 0.993019 101.435 0.00481268 0.999959 -0.00767388 -5.74819 -0.993041 0.00387607 -0.117708 104.887
-0.118653 0.0104282 0.992881 102.26 0.0026883 0.999945 -0.0101811 -5.76726 -0.992932 0.00146114 -0.118675 104.796
-0.118615 0.0113234 0.992876 103.092 0.00403125 0.999932 -0.0109222 -5.79857 -0.992932 0.00270699 -0.118653 104.71
-0.119442 0.0105998 0.992785 103.898 0.00497767 0.999937 -0.0100773 -5.82553 -0.992829 0.00373811 -0.119487 104.616
-0.119985 0.0115805 0.992708 104.731 0.0051204 0.999926 -0.0110458 -5.85642 -0.992763 0.00375773 -0.120035 104.525
-0.120533 0.0137998 0.992613 105.528 0.00607119 0.999895 -0.0131638 -5.8883 -0.992691 0.00443966 -0.120605 104.43
-0.120977 0.0153571 0.992537 106.342 0.00586668 0.999874 -0.0147556 -5.91993 -0.992638 0.00403782 -0.121052 104.335
-0.122159 0.0153879 0.992391 107.146 0.00377623 0.99988 -0.0150392 -5.95083 -0.992503 0.00191033 -0.122202 104.238
-0.124189 0.0147084 0.99215 107.953 0.00236159 0.999892 -0.0145276 -5.98183 -0.992256 0.000538892 -0.12421 104.151
-0.127033 0.0157336 0.991774 108.743 0.00237112 0.999876 -0.0155584 -6.01302 -0.991896 0.000375185 -0.127055 104.048
-0.130672 0.0179541 0.991263 109.519 0.00178564 0.999839 -0.017874 -6.05193 -0.991424 -0.000565601 -0.130683 103.956
-0.13367 0.0192166 0.99084 110.308 0.000898266 0.999814 -0.0192694 -6.0833 -0.991026 -0.0016857 -0.133662 103.856
-0.13715 0.0192869 0.990363 111.083 0.00100972 0.999813 -0.0193311 -6.11272 -0.99055 -0.00165128 -0.137144 103.753
-0.139775 0.0186181 0.990008 111.855 0.00190751 0.999826 -0.0185334 -6.14823 -0.990181 -0.000702052 -0.139786 103.649
-0.143094 0.0190957 0.989525 112.632 0.0034736 0.999817 -0.018792 -6.18073 -0.989703 0.000748185 -0.143134 103.538
-0.143933 0.0235961 0.989306 113.4 -0.000392131 0.999714 -0.0239014 -6.21653 -0.989587 -0.00382812 -0.143882 103.433
-0.146081 0.0299096 0.98882 114.162 -0.00356652 0.99952 -0.0307601 -6.2561 -0.989266 -0.00802011 -0.145904 103.338
-0.14918 0.0325284 0.988275 114.918 0.000562746 0.999461 -0.0328117 -6.2945 -0.98881 -0.00433871 -0.149118 103.221
-0.151633 0.0300263 0.987981 115.679 0.00195226 0.999546 -0.0300782 -6.33121 -0.988435 -0.00263204 -0.151622 103.102
-0.155483 0.0244156 0.987537 116.45 0.00213839 0.9997 -0.0243796 -6.36711 -0.987836 -0.00167888 -0.155489 102.994
-0.157023 0.0218551 0.987353 117.212 0.000797062 0.999758 -0.0220029 -6.40425 -0.987595 -0.00266798 -0.157002 102.876
-0.159815 0.0238029 0.98686 117.963 7.74115e-05 0.999709 -0.0241003 -6.44458 -0.987147 -0.00377521 -0.159771 102.762
-0.161907 0.0263814 0.986453 118.708 -0.0038823 0.999618 -0.0273707 -6.47937 -0.986798 -0.00826123 -0.161743 102.643
-0.164247 0.0299391 0.985965 119.456 -0.00357616 0.999515 -0.0309463 -6.5128 -0.986413 -0.00860879 -0.16406 102.528
-0.167181 0.0339288 0.985342 120.195 -5.58272e-05 0.999407 -0.0344226 -6.55978 -0.985926 -0.0058098 -0.16708 102.401
-0.168277 0.0377798 0.985016 120.928 0.000668096 0.999269 -0.0382124 -6.60211 -0.98574 -0.00577219 -0.16818 102.277
-0.171717 0.0395061 0.984354 121.674 -0.000956569 0.999189 -0.0402684 -6.6406 -0.985146 -0.00785636 -0.17154 102.156
-0.173736 0.0378933 0.984063 122.406 -7.28667e-05 0.999259 -0.0384914 -6.67806 -0.984792 -0.00675904 -0.173605 102.035
-0.177937 0.0348836 0.983423 123.142 0.00545186 0.999391 -0.0344635 -6.72732 -0.984027 -0.000770856 -0.178019 101.888
-0.18321 0.0322433 0.982545 123.858 0.00602272 0.99948 -0.031676 -6.76941 -0.983055 0.000114239 -0.183309 101.758
-0.189492 0.0316308 0.981373 124.587 0.00642817 0.999499 -0.0309738 -6.80826 -0.981861 0.000439136 -0.189601 101.618
-0.198508 0.0316486 0.979588 125.306 0.00565951 0.999499 -0.031145 -6.85128 -0.980083 -0.000638551 -0.198588 101.483
-0.20862 0.0320007 0.977473 126.022 0.00441183 0.999485 -0.0317797 -6.88748 -0.977987 -0.00231745 -0.208654 101.326
-0.220605 0.0327169 0.974814 126.735 0.0046832 0.999461 -0.0324842 -6.92895 -0.975352 -0.00260094 -0.22064 101.173
-0.232523 0.0334202 0.972017 127.437 0.00598824 0.99944 -0.0329306 -6.96844 -0.972572 -0.00183647 -0.232593 101.001
-0.24476 0.0335025 0.969005 128.142 0.00853102 0.999439 -0.0323999 -7.006 -0.969546 0.000336395 -0.244908 100.819
-0.255578 0.0333619 0.966213 128.845 0.0114751 0.999439 -0.0314738 -7.04921 -0.96672 0.00304341 -0.255817 100.63
-0.265928 0.0336635 0.963405 129.548 0.0156372 0.999409 -0.0306053 -7.08492 -0.963866 0.00692617 -0.266297 100.431
-0.275079 0.0340248 0.960819 130.233 0.0205535 0.999353 -0.029505 -7.12243 -0.961202 0.011632 -0.275601 100.223
-0.282389 0.0342336 0.958689 130.922 0.0260682 0.999268 -0.0280041 -7.1599 -0.958946 0.0170832 -0.283075 100.013
-0.288679 0.033985 0.956823 131.588 0.0265549 0.99927 -0.0274809 -7.19864 -0.957058 0.0174751 -0.28937 99.8074
-0.293253 0.0318254 0.955505 132.276 0.0291511 0.999279 -0.0243366 -7.23072 -0.95559 0.0207172 -0.293969 99.5966
-0.296251 0.0299928 0.954639 132.954 0.0355403 0.999161 -0.0203625 -7.26273 -0.954449 0.0278958 -0.297068 99.3801
-0.297437 0.0279551 0.954332 133.639 0.0417621 0.998995 -0.0162473 -7.29456 -0.953828 0.0350223 -0.298306 99.159
-0.297575 0.0283004 0.954279 134.295 0.0463595 0.99881 -0.0151646 -7.31892 -0.953572 0.0397273 -0.298533 98.9464
-0.298429 0.0316929 0.953905 134.962 0.0471032 0.99872 -0.0184456 -7.35292 -0.953269 0.0394273 -0.29954 98.7387
-0.296935 0.0340408 0.954291 135.61 0.0449248 0.998756 -0.0216482 -7.37805 -0.95384 0.0364432 -0.298095 98.5392
-0.295629 0.0346381 0.954675 136.276 0.0465388 0.998678 -0.0218232 -7.40911 -0.954169 0.0379778 -0.29685 98.3399
-0.294066 0.0329567 0.955217 136.941 0.0476384 0.998669 -0.0197903 -7.4346 -0.954597 0.0396854 -0.295244 98.134
-0.29264 0.0314471 0.955706 137.578 0.050883 0.998555 -0.0172766 -7.46604 -0.954868 0.0435733 -0.293817 97.9376
-0.29081 0.0312888 0.956269 138.222 0.0520207 0.998504 -0.0168507 -7.49585 -0.955366 0.0448454 -0.292002 97.745
-0.288114 0.0332611 0.957018 138.862 0.0517342 0.998478 -0.0191272 -7.52543 -0.956198 0.0439998 -0.289396 97.5534
-0.284609 0.0341451 0.958035 139.495 0.0529014 0.998402 -0.0198681 -7.5533 -0.957183 0.0450268 -0.28596 97.3642
-0.279216 0.0338644 0.959631 140.109 0.0544545 0.998328 -0.0193858 -7.58072 -0.958683 0.0468434 -0.280594 97.1847
-0.274056 0.0325144 0.961164 140.748 0.0564279 0.99825 -0.0176797 -7.60801 -0.960057 0.0493912 -0.275411 97.007
-0.269063 0.0305607 0.962638 141.366 0.0562855 0.998287 -0.0159603 -7.63718 -0.961477 0.0498882 -0.270322 96.8351
-0.264725 0.0289026 0.963891 141.976 0.0559127 0.998329 -0.0145792 -7.66559 -0.962701 0.0500342 -0.265899 96.6678
-0.260647 0.0279524 0.96503 142.583 0.0571712 0.998273 -0.0134738 -7.69057 -0.96374 0.05166 -0.261795 96.5079
-0.257032 0.0265332 0.966039 143.189 0.0600603 0.998129 -0.0114344 -7.70862 -0.964535 0.0550816 -0.258144 96.3403
-0.253004 0.0246974 0.96715 143.797 0.062059 0.99803 -0.00925147 -7.73797 -0.965473 0.0576797 -0.254039 96.179
-0.249439 0.0236539 0.968102 144.414 0.0610892 0.998095 -0.00864662 -7.76008 -0.966462 0.0569837 -0.250409 96.0288
-0.245501 0.0238257 0.969104 145.011 0.0580919 0.998263 -0.00982627 -7.78284 -0.967654 0.0538847 -0.246459 95.8881
-0.241506 0.0275432 0.970008 145.591 0.0590756 0.99816 -0.0136344 -7.80595 -0.968599 0.0540111 -0.242689 95.7376
-0.235589 0.0305967 0.971371 146.187 0.0616799 0.99796 -0.0164748 -7.82857 -0.969894 0.0560328 -0.236995 95.6006
-0.229409 0.0315491 0.972819 146.764 0.0608796 0.997983 -0.0180086 -7.84615 -0.971424 0.0550934 -0.230867 95.4632
-0.220722 0.0300733 0.974873 147.341 0.057436 0.998191 -0.0177884 -7.8705 -0.973644 0.0520665 -0.22205 95.3541
