1 0 -2.98314e-10 -4.65661e-10 9.31323e-10 1 0 0 5.09317e-11 0 1 0
0.999996 0.00275485 0.000524107 -0.0128975 -0.00275561 0.999995 0.00145536 -0.0307746 -0.000520095 -0.0014568 0.999999 0.752278
0.999986 0.0052639 0.000985054 -0.0289665 -0.00526612 0.999984 0.00226281 -0.054659 -0.000973127 -0.00226797 0.999997 1.52264
0.999981 0.00608781 0.00139724 -0.0414889 -0.00609004 0.99998 0.00159854 -0.0758622 -0.00138748 -0.00160702 0.999998 2.27668
0.999964 0.00843447 0.00101541 -0.0435427 -0.00843598 0.999963 0.00149545 -0.0947428 -0.00100276 -0.00150397 0.999998 3.00218
0.999965 0.00829019 0.00144411 -0.0536976 -0.0082923 0.999965 0.00146386 -0.115142 -0.00143193 -0.00147578 0.999998 3.71301
0.999965 0.00814166 0.00211409 -0.0523057 -0.00814635 0.999964 0.00222155 -0.135557 -0.00209592 -0.00223869 0.999995 4.41845
0.999957 0.00901313 0.00213674 -0.0643297 -0.0090243 0.999945 0.00527953 -0.150538 -0.00208904 -0.00529859 0.999984 5.09964
0.999961 0.0080955 0.00367439 -0.0665711 -0.0081286 0.999926 0.00908561 -0.163801 -0.00360057 -0.00911512 0.999952 5.74934
0.99996 0.0076009 0.00463473 -0.0613946 -0.0076593 0.99989 0.0127174 -0.17961 -0.00453756 -0.0127524 0.999908 6.38228
0.999964 0.00674873 0.00510979 -0.0677785 -0.00682408 0.999866 0.014877 -0.193798 -0.00500871 -0.0149113 0.999876 7.00071
0.999956 0.00646105 0.00685937 -0.0640949 -0.00656145 0.99987 0.0147167 -0.206191 -0.00676339 -0.014761 0.999868 7.56556
0.999936 0.00787927 0.00809463 -0.0663119 -0.00798125 0.999888 0.0126434 -0.22011 -0.0079941 -0.0127072 0.999887 8.11156
0.999938 0.00728623 0.00846186 -0.0707651 -0.00736727 0.999927 0.00958624 -0.228911 -0.0083914 -0.00964798 0.999918 8.64692
0.999937 0.00582002 0.00964863 -0.0499088 -0.00589679 0.999951 0.00794716 -0.23595 -0.0096019 -0.00800356 0.999922 9.14336
0.999932 0.00199978 0.011481 -0.0426364 -0.00206791 0.99998 0.00592541 -0.249035 -0.0114689 -0.00594875 0.999917 9.60594
0.999915 -0.000103587 0.0130354 -0.0320641 4.09335e-05 0.999988 0.00480656 -0.265406 -0.0130357 -0.00480562 0.999904 10.0412
0.999878 0.00421473 0.0150424 -0.0290834 -0.00426026 0.999986 0.00299641 -0.275024 -0.0150296 -0.00306013 0.999882 10.4595
0.999812 0.00778328 0.0177871 -0.0361762 -0.00782095 0.999967 0.00204906 -0.284952 -0.0177706 -0.00218779 0.99984 10.8305
0.999737 0.00883671 0.0211551 -0.0207707 -0.00889698 0.999957 0.00275666 -0.291012 -0.0211298 -0.00294415 0.999772 11.1823
0.99971 0.00503066 0.0235467 -0.00708406 -0.0051208 0.99998 0.0037693 -0.301934 -0.0235273 -0.00388878 0.999716 11.5071
0.999656 -0.000371785 0.0262156 0.0090153 0.000278994 0.999994 0.00354316 -0.309875 -0.0262167 -0.00353463 0.99965 11.7923
0.999592 -0.00352879 0.0283254 0.00965058 0.00339063 0.999982 0.0049242 -0.318165 -0.0283423 -0.00482615 0.999587 12.0426
0.999522 -0.00502211 0.0305071 0.038504 0.00484454 0.999971 0.00589188 -0.325519 -0.0305358 -0.00574127 0.999517 12.2833
0.999455 -0.00358474 0.0328276 0.0404009 0.00342361 0.999982 0.00496347 -0.331435 -0.0328448 -0.00484837 0.999449 12.4834
0.999403 -0.00248942 0.0344686 0.0477869 0.00236594 0.999991 0.00362271 -0.338223 -0.0344773 -0.00353899 0.999399 12.6696
0.999327 -0.000614916 0.0366843 0.0500268 0.000513717 0.999996 0.00276801 -0.344107 -0.0366858 -0.0027473 0.999323 12.8402
0.999265 0.00238051 0.0382534 0.0437685 -0.00246411 0.999995 0.00213852 -0.351786 -0.0382482 -0.00223121 0.999266 13.0055
0.999222 0.00305038 0.0393304 0.058492 -0.00308999 0.999995 0.000946229 -0.359052 -0.0393273 -0.00106702 0.999226 13.1519
0.999153 0.00303654 0.0410365 0.0599377 -0.0029979 0.999995 -0.00100303 -0.36509 -0.0410393 0.00087916 0.999157 13.3081
0.999117 0.00167375 0.0419841 0.0710276 -0.00157593 0.999996 -0.00236281 -0.369904 -0.0419879 0.00229456 0.999115 13.4513
0.99906 0.000795824 0.0433332 0.0693417 -0.000655086 0.999994 -0.00326189 -0.374908 -0.0433356 0.00323044 0.999055 13.592
0.999011 0.00134078 0.0444358 0.086301 -0.00112949 0.999988 -0.00477978 -0.379497 -0.0444416 0.00472486 0.999001 13.7169
0.99895 0.00193406 0.0457739 0.0814262 -0.0016231 0.999975 -0.0068296 -0.382556 -0.045786 0.00674813 0.998928 13.8426
0.998933 0.00226242 0.0461342 0.0942243 -0.00185396 0.999959 -0.00889444 -0.387002 -0.0461524 0.00879942 0.998896 13.9656
0.998901 0.00176641 0.0468449 0.0969744 -0.00124176 0.999936 -0.0112265 -0.391812 -0.0468618 0.0111559 0.998839 14.0916
0.998946 0.000355148 0.0459056 0.112892 0.000250962 0.999913 -0.0131969 -0.397073 -0.0459063 0.0131945 0.998859 14.2194
0.999045 0.000265345 0.0436968 0.110327 0.000364559 0.999896 -0.0144067 -0.40105 -0.0436961 0.0144089 0.998941 14.3378
0.999171 -0.000202748 0.0406971 0.116286 0.000825317 0.999883 -0.0152814 -0.403254 -0.0406892 0.0153023 0.999055 14.4556
0.999319 0.000932242 0.0368952 0.109932 -0.000326262 0.999865 -0.0164269 -0.408747 -0.0369056 0.0164037 0.999184 14.5903
0.999522 0.00150089 0.0308782 0.114404 -0.000963677 0.999848 -0.0174052 -0.413201 -0.0308997 0.0173672 0.999372 14.7173
0.999707 0.000883905 0.0241872 0.104337 -0.000439708 0.999831 -0.0183641 -0.416659 -0.0241993 0.0183481 0.999539 14.8373
0.99986 0.00118286 0.0167014 0.107821 -0.000865055 0.999819 -0.0190231 -0.419842 -0.0167209 0.0190059 0.99968 14.9577
0.999965 0.000935066 0.00831877 0.102427 -0.000768124 0.999799 -0.0200487 -0.42085 -0.00833584 0.0200416 0.999764 15.0868
0.999998 5.9613e-05 -0.00189797 0.0950747 -0.000100271 0.99977 -0.0214295 -0.425931 0.00189626 0.0214296 0.999769 15.2304
0.999889 -0.00144108 -0.014858 0.0767545 0.00109872 0.999734 -0.0230245 -0.429404 0.0148873 0.0230056 0.999624 15.3796
0.999521 -0.00241925 -0.0308616 0.0639146 0.00165297 0.99969 -0.024831 -0.436839 0.0309121 0.0247681 0.999215 15.5303
0.998712 -0.00170723 -0.0507061 0.0316228 0.000400466 0.999668 -0.0257705 -0.442487 0.0507333 0.025717 0.998381 15.7029
0.997372 -0.00112289 -0.0724443 0.00555174 -0.000721193 0.999676 -0.025424 -0.449936 0.0724494 0.0254094 0.997048 15.8863
0.995347 -0.00072099 -0.0963542 -0.0493994 -0.00159679 0.999711 -0.0239756 -0.45608 0.0963437 0.0240179 0.995058 16.0821
0.992427 0.000730724 -0.122836 -0.0999791 -0.00351073 0.999743 -0.022417 -0.464242 0.122788 0.0226784 0.992174 16.3178
0.988181 0.00164432 -0.153283 -0.164198 -0.00479402 0.999785 -0.020181 -0.470508 0.153217 0.0206773 0.987976 16.5439
0.982489 0.00249339 -0.186306 -0.241374 -0.00571765 0.999843 -0.016771 -0.479185 0.186235 0.0175425 0.982349 16.8027
0.974863 0.003549 -0.222776 -0.342308 -0.00653654 0.999898 -0.0126746 -0.482616 0.222709 0.0138121 0.974787 17.0569
0.964841 0.00500002 -0.262788 -0.449588 -0.00712319 0.999949 -0.00712734 -0.492727 0.262739 0.00874864 0.964827 17.3125
0.95267 0.00946993 -0.30386 -0.596956 -0.0106985 0.99994 -0.00237873 -0.491941 0.303819 0.005517 0.952714 17.5909
0.938162 0.0134668 -0.345934 -0.741094 -0.0134561 0.999907 0.00243274 -0.497547 0.345934 0.0023726 0.938256 17.8809
0.921144 0.0159483 -0.388894 -0.903673 -0.0140244 0.999871 0.0077854 -0.498692 0.388969 -0.00171746 0.921249 18.1561
0.901493 0.0198947 -0.432336 -1.09749 -0.0146301 0.999773 0.0155 -0.504758 0.432546 -0.00764801 0.901579 18.4629
0.879315 0.0244016 -0.475615 -1.29974 -0.0156584 0.999628 0.0223372 -0.50535 0.475983 -0.0121941 0.87937 18.7413
0.8544 0.0293159 -0.518788 -1.52707 -0.0176477 0.999468 0.027414 -0.505829 0.519316 -0.0142671 0.854464 19.0189
0.826064 0.0335378 -0.562577 -1.78031 -0.0195166 0.999331 0.0309174 -0.505612 0.563238 -0.0145602 0.826167 19.3098
0.795314 0.0368618 -0.605076 -2.05178 -0.0216563 0.99924 0.0324096 -0.492668 0.605811 -0.0126721 0.795508 19.5692
0.761182 0.0402655 -0.647287 -2.34651 -0.022917 0.999117 0.0352022 -0.487587 0.648133 -0.0119614 0.761433 19.8495
0.724099 0.0442683 -0.688274 -2.66729 -0.0239688 0.99895 0.039034 -0.47058 0.68928 -0.0117674 0.7244 20.1061
0.685466 0.0456499 -0.726672 -3.00157 -0.021722 0.998871 0.0422593 -0.456342 0.727781 -0.0131825 0.685683 20.3543
0.643695 0.0460739 -0.763894 -3.37242 -0.0195216 0.99885 0.0437952 -0.444874 0.765033 -0.0132783 0.643854 20.6244
0.600904 0.0454344 -0.798029 -3.75899 -0.0144683 0.998838 0.0459727 -0.432106 0.79919 -0.0160791 0.600863 20.8747
0.55668 0.0458952 -0.829458 -4.1677 -0.00956504 0.998761 0.0488435 -0.422602 0.830672 -0.0192564 0.556429 21.0975
0.50909 0.0472787 -0.859414 -4.62323 -0.00773381 0.998701 0.05036 -0.396659 0.860678 -0.0189913 0.508795 21.303
0.460397 0.0469388 -0.886471 -5.08284 -0.0060772 0.998744 0.0497274 -0.370943 0.887693 -0.0175071 0.460104 21.4866
0.407375 0.0467955 -0.912062 -5.56554 -0.00181525 0.998726 0.0504312 -0.353626 0.913259 -0.0188888 0.406941 21.674
0.351991 0.0460966 -0.934868 -6.07812 0.00359604 0.998713 0.0505986 -0.332772 0.935996 -0.0211721 0.351372 21.8247
0.299312 0.0461847 -0.953037 -6.59966 0.00597135 0.998718 0.0502737 -0.31887 0.954137 -0.0207384 0.298652 21.9575
0.24572 0.0509134 -0.968003 -7.18089 0.00655685 0.99851 0.0541823 -0.277207 0.969319 -0.0196608 0.24502 22.0508
0.190413 0.0563947 -0.980083 -7.76642 0.00984986 0.998189 0.0593502 -0.248302 0.981655 -0.0209547 0.189512 22.141
0.141105 0.0589616 -0.988237 -8.33877 0.0152208 0.997978 0.061716 -0.230575 0.989878 -0.0237501 0.139922 22.203
0.0925974 0.0600957 -0.993888 -8.99638 0.0180126 0.997913 0.0620172 -0.205708 0.995541 -0.0236451 0.0913216 22.2344
0.0536772 0.0591689 -0.996804 -9.63486 0.0184891 0.998013 0.0602363 -0.177211 0.998387 -0.0216633 0.0524765 22.2258
0.0175887 0.0552509 -0.998318 -10.2969 0.0143815 0.998355 0.0555063 -0.143483 0.999742 -0.0153335 0.0167652 22.2158
-0.00964781 0.05489 -0.998446 -10.9706 0.0122226 0.998424 0.0547707 -0.103393 0.999879 -0.0116752 -0.0103035 22.1959
-0.0321128 0.0589674 -0.997743 -11.6846 0.0111174 0.998217 0.0586376 -0.0695231 0.999422 -0.0092093 -0.0327112 22.1442
-0.0512938 0.0646404 -0.996589 -12.4167 0.0123277 0.997868 0.0640888 -0.02986 0.998608 -0.00899825 -0.0519813 22.1004
-0.0591376 0.0678434 -0.995942 -13.1634 0.0134241 0.997652 0.0671628 0.0061423 0.99816 -0.00939781 -0.0599094 22.0438
-0.0573138 0.0652401 -0.996222 -13.9479 0.0126681 0.99783 0.0646165 0.0414078 0.998276 -0.0089168 -0.0580158 21.9914
-0.0561166 0.0608336 -0.996569 -14.7082 0.0193267 0.998021 0.059834 0.0895873 0.998237 -0.0159027 -0.0571813 21.9645
-0.0546642 0.0608053 -0.996652 -15.5266 0.0301547 0.997789 0.0592208 0.11554 0.998049 -0.0268165 -0.0563769 21.9454
-0.0536 0.0605565 -0.996725 -16.3258 0.0325854 0.997734 0.0588655 0.15927 0.998031 -0.0293235 -0.0554518 21.9131
-0.0434524 0.0573802 -0.997406 -17.2094 0.0301214 0.997971 0.0561004 0.209239 0.998601 -0.0276056 -0.0450926 21.8771
-0.0306933 0.0523331 -0.998158 -18.0656 0.0339376 0.998107 0.0512869 0.233319 0.998953 -0.0323009 -0.0324112 21.8389
-0.0256843 0.0417365 -0.998798 -18.9363 0.0300075 0.99871 0.0409612 0.255006 0.99922 -0.0289194 -0.0269036 21.8408
-0.0206182 0.0329457 -0.999244 -19.8296 0.0226073 0.999217 0.0324784 0.287475 0.999532 -0.0219206 -0.0213469 21.8309
-0.0203733 0.0307168 -0.999321 -20.7481 0.0162356 0.999406 0.0303884 0.30874 0.999661 -0.0156055 -0.0208599 21.7691
-0.0253325 0.0356367 -0.999044 -21.6858 0.00714082 0.999345 0.0354664 0.329173 0.999654 -0.00623554 -0.0255704 21.7305
-0.0332002 0.0433474 -0.998508 -22.6561 0.00310047 0.999059 0.0432682 0.36506 0.999444 -0.00165933 -0.0333033 21.6791
-0.0375609 0.0533233 -0.997871 -23.6556 0.000613609 0.998576 0.0533379 0.393324 0.999294 0.00139111 -0.0375401 21.6466
-0.0309754 0.0628251 -0.997544 -24.6867 -0.000933051 0.99802 0.0628841 0.445947 0.99952 0.00287862 -0.0308555 21.5941
-0.0315826 0.0707406 -0.996995 -25.6777 0.00142002 0.997494 0.070731 0.490338 0.9995 0.000818114 -0.0316039 21.5747
-0.0357163 0.0731076 -0.996684 -26.7167 0.00279055 0.997324 0.0730545 0.535926 0.999358 -0.000172066 -0.0358247 21.5354
-0.0360409 0.0692918 -0.996945 -27.7135 0.00164466 0.997596 0.0692776 0.59451 0.999349 0.000857187 -0.0360682 21.5024
-0.0351685 0.0649368 -0.99727 -28.7528 -0.00634573 0.997852 0.0651985 0.643382 0.999361 0.00862133 -0.0346809 21.3974
-0.0425048 0.0596487 -0.997314 -29.7745 -0.00903706 0.998152 0.060084 0.679128 0.999055 0.0115666 -0.0418872 21.3548
-0.047168 0.0548322 -0.997381 -30.8036 -0.00694595 0.99845 0.0552194 0.720452 0.998863 0.00953235 -0.046714 21.2999
-0.0554309 0.051987 -0.997108 -31.8584 -0.0105852 0.998557 0.052651 0.763639 0.998406 0.0134731 -0.0548006 21.2206
-0.0589598 0.0551031 -0.996738 -32.9073 -0.0082052 0.998415 0.0556811 0.802023 0.998227 0.0114614 -0.0584142 21.1575
-0.0700896 0.0598369 -0.995745 -33.9809 -0.0107265 0.998096 0.0607333 0.840054 0.997483 0.0149376 -0.0693144 21.0854
-0.0764001 0.0627825 -0.995099 -35.0574 -0.0119097 0.997887 0.0638728 0.887501 0.997006 0.0167313 -0.075491 20.9852
-0.0809933 0.0650645 -0.994589 -36.0881 -0.016249 0.997648 0.0665879 0.935147 0.996582 0.0215542 -0.0797455 20.8797
-0.0844846 0.0667099 -0.994189 -37.1879 -0.0196479 0.997451 0.0685984 0.984859 0.996231 0.0253292 -0.0829585 20.7732
-0.0863965 0.0674494 -0.993975 -38.2566 -0.0243987 0.997263 0.0697933 1.04209 0.995962 0.0302816 -0.0845144 20.6721
-0.0904454 0.0676613 -0.9936 -39.3371 -0.0249682 0.997222 0.0701807 1.09106 0.995588 0.0311559 -0.0885047 20.585
-0.0902316 0.0668734 -0.993673 -40.4546 -0.0259643 0.997246 0.0694716 1.14351 0.995582 0.0320685 -0.0882468 20.4755
-0.0920647 0.0662888 -0.993544 -41.4926 -0.027707 0.997225 0.0691018 1.19239 0.995368 0.0338899 -0.0899726 20.3616
-0.0929504 0.0657145 -0.9935 -42.5944 -0.0282708 0.997243 0.0686071 1.24671 0.995269 0.0344641 -0.0908363 20.2441
-0.0944911 0.0632856 -0.993512 -43.6874 -0.0334758 0.997211 0.0667051 1.29689 0.994963 0.0395616 -0.0921091 20.1278
-0.0932684 0.0584197 -0.993926 -44.7434 -0.038909 0.997301 0.0622692 1.34441 0.99488 0.0444804 -0.0907436 20.0016
-0.0954906 0.0576805 -0.993758 -45.8706 -0.0424465 0.997176 0.0619576 1.3964 0.994525 0.0480979 -0.0927726 19.8879
-0.0944371 0.0612742 -0.993643 -46.9234 -0.0420371 0.996968 0.0654745 1.44494 0.994643 0.0479531 -0.091575 19.7768
-0.0889658 0.0646745 -0.993933 -48.0768 -0.0403372 0.996837 0.0684741 1.49995 0.995218 0.0461843 -0.0860756 19.6545
-0.0864804 0.0649631 -0.994133 -49.1854 -0.0398662 0.996847 0.0686084 1.5495 0.995456 0.0455656 -0.0836179 19.5494
-0.0850319 0.0642156 -0.994307 -50.2756 -0.0400841 0.996893 0.0678105 1.60297 0.995572 0.0456219 -0.0821937 19.4526
-0.0819878 0.0648153 -0.994524 -51.3764 -0.0427856 0.996734 0.0684866 1.65562 0.995715 0.0481663 -0.0789469 19.3493
-0.0768993 0.0653914 -0.994892 -52.5146 -0.049094 0.996388 0.0692844 1.71159 0.99583 0.0541712 -0.0734112 19.2477
-0.0737783 0.0654394 -0.995125 -53.6367 -0.0512434 0.996278 0.0693143 1.76617 0.995957 0.0561075 -0.0701504 19.1526
-0.0691965 0.0639844 -0.995549 -54.7305 -0.0541619 0.996228 0.0677926 1.82029 0.996132 0.0586119 -0.06547 19.0657
-0.0637843 0.0632789 -0.995956 -55.89 -0.0533992 0.996342 0.0667233 1.87224 0.996534 0.0574392 -0.0601719 18.9728
-0.0541218 0.063488 -0.996514 -57.0041 -0.051545 0.996469 0.0662846 1.92321 0.997203 0.0549527 -0.0506582 18.8878
-0.0476371 0.0644166 -0.996785 -58.1356 -0.0511097 0.996454 0.0668378 1.97795 0.997556 0.0541293 -0.0441758 18.8303
-0.040897 0.0657322 -0.996999 -59.3024 -0.0491171 0.996495 0.0677138 2.02617 0.997955 0.051739 -0.0375251 18.7634
-0.0364547 0.0666677 -0.997109 -60.425 -0.0503573 0.996382 0.0684602 2.08522 0.998066 0.0527074 -0.0329656 18.7268
-0.0329853 0.0664746 -0.997243 -61.5645 -0.0491039 0.996473 0.0680474 2.13666 0.998249 0.0512131 -0.0296048 18.6752
-0.0306628 0.0622928 -0.997587 -62.725 -0.0498777 0.996717 0.0637715 2.18937 0.998285 0.0517127 -0.0274551 18.6382
-0.0257031 0.0569422 -0.998047 -63.8567 -0.0493876 0.997085 0.0581592 2.2316 0.998449 0.050786 -0.0228159 18.6032
-0.0253656 0.0563731 -0.998088 -64.9955 -0.0510056 0.997035 0.05761 2.27866 0.998376 0.0523693 -0.022415 18.5715
-0.0196795 0.0584088 -0.998099 -66.1452 -0.0486497 0.997054 0.0593069 2.32641 0.998622 0.0497243 -0.0167799 18.5384
-0.0136069 0.058726 -0.998181 -67.3109 -0.0485684 0.997057 0.0593219 2.36788 0.998727 0.0492872 -0.0107146 18.5147
-0.0109687 0.0584089 -0.998233 -68.5174 -0.0511128 0.996955 0.0588958 2.42091 0.998633 0.0516684 -0.00794984 18.4936
-0.00800554 0.0596556 -0.998187 -69.6752 -0.05153 0.996868 0.0599901 2.4633 0.998639 0.0519168 -0.00490642 18.4759
-0.00986692 0.0593942 -0.998186 -70.8637 -0.0521203 0.996847 0.0598297 2.50764 0.998592 0.0526161 -0.00674017 18.4569
-0.00830782 0.0582825 -0.998266 -72.0326 -0.0535769 0.99684 0.0586452 2.55336 0.998529 0.0539712 -0.00515898 18.4501
-0.00712227 0.0568517 -0.998357 -73.1985 -0.0512972 0.997047 0.0571431 2.59819 0.998658 0.0516199 -0.00418491 18.4186
-0.00737589 0.056451 -0.998378 -74.3902 -0.0476123 0.997253 0.0567391 2.64026 0.998839 0.0479536 -0.00466787 18.3984
-0.00749027 0.0572025 -0.998335 -75.5696 -0.0454847 0.99731 0.0574851 2.68092 0.998937 0.0458395 -0.00486828 18.3811
-0.00735304 0.0595979 -0.998195 -76.7552 -0.0455159 0.997168 0.0598718 2.7239 0.998937 0.045874 -0.00461956 18.3695
-0.0114674 0.0625188 -0.997978 -77.9492 -0.0465498 0.996928 0.0629879 2.77288 0.99885 0.047178 -0.00852195 18.3388
-0.0114672 0.0633529 -0.997925 -79.1377 -0.0490698 0.996753 0.0638423 2.82076 0.99873 0.0497 -0.00832125 18.3202
-0.014112 0.061354 -0.998016 -80.3068 -0.0506002 0.996793 0.0619943 2.86687 0.998619 0.0513747 -0.0109622 18.2982
-0.013684 0.0588168 -0.998175 -81.47 -0.0509519 0.996931 0.059442 2.91193 0.998607 0.0516723 -0.0106452 18.2721
-0.00972312 0.0584945 -0.99824 -82.6519 -0.0489185 0.997065 0.058902 2.95322 0.998756 0.0494052 -0.00683311 18.2394
-0.0122439 0.0597318 -0.99814 -83.831 -0.0473013 0.997062 0.0602476 2.9966 0.998806 0.0479509 -0.00938254 18.2307
-0.0150104 0.0623539 -0.997941 -85.0087 -0.0465863 0.996926 0.0629912 3.0403 0.998801 0.0474359 -0.0120594 18.2004
-0.0115688 0.0650441 -0.997815 -86.1964 -0.046619 0.996762 0.0655159 3.09001 0.998846 0.0472751 -0.00849906 18.1808
-0.0123842 0.0653254 -0.997787 -87.3697 -0.0474547 0.996701 0.0658433 3.14286 0.998797 0.0481651 -0.00924332 18.1712
-0.011418 0.0634333 -0.997921 -88.517 -0.0476025 0.99682 0.0639079 3.18675 0.998801 0.0482332 -0.00836211 18.1364
-0.0106287 0.062354 -0.997998 -89.6599 -0.046057 0.996964 0.0627799 3.23508 0.998882 0.046632 -0.00772458 18.1103
-0.00792194 0.0634733 -0.997952 -90.8474 -0.04503 0.996948 0.0637669 3.27985 0.998954 0.045443 -0.00503956 18.0998
-0.00646506 0.0661712 -0.997787 -91.9792 -0.0413475 0.996937 0.0663828 3.33253 0.999124 0.0416851 -0.00370924 18.0844
-0.00728573 0.0681998 -0.997645 -93.1263 -0.0403963 0.996837 0.0684396 3.37874 0.999157 0.0407998 -0.00450767 18.0773
-0.00511118 0.0699577 -0.997537 -94.3143 -0.0408842 0.996701 0.0701086 3.43391 0.999151 0.0411418 -0.00223415 18.0533
-0.00389567 0.0714655 -0.997436 -95.503 -0.0429736 0.99651 0.071567 3.49277 0.999069 0.0431422 -0.000810936 18.0328
-0.00427506 0.0706813 -0.99749 -96.6361 -0.0448947 0.99648 0.0708022 3.5458 0.998983 0.0450846 -0.00108679 18.028
-0.00199152 0.067563 -0.997713 -97.7759 -0.0489287 0.996513 0.0675794 3.59379 0.9988 0.0489514 0.0013212 18.0065
-0.00183194 0.0653604 -0.99786 -98.9289 -0.0504078 0.996587 0.0653696 3.64733 0.998727 0.0504197 0.00146899 17.9931
-0.00349277 0.0644281 -0.997916 -100.085 -0.0500978 0.996658 0.0645222 3.69604 0.998738 0.0502187 -0.00025339 17.9765
-0.00758334 0.0640917 -0.997915 -101.236 -0.0485894 0.996742 0.0643856 3.74432 0.99879 0.0489764 -0.00444445 17.9704
-0.0076678 0.0664015 -0.997764 -102.377 -0.0484737 0.996595 0.0666962 3.79819 0.998795 0.0488767 -0.00442297 17.938
-0.00681588 0.0688898 -0.997601 -103.51 -0.046769 0.996511 0.0691341 3.84526 0.998883 0.047128 -0.00357019 17.912
-0.00750947 0.0676939 -0.997678 -104.677 -0.0508562 0.996389 0.0679892 3.90342 0.998678 0.0512487 -0.0040397 17.9012
-0.010019 0.0683966 -0.997608 -105.835 -0.0542568 0.996151 0.0688416 3.96339 0.998477 0.0548167 -0.0062695 17.8858
-0.0122913 0.0678746 -0.997618 -107.011 -0.0567146 0.99604 0.068466 4.02307 0.998315 0.057421 -0.00839312 17.8563
-0.0154164 0.0641169 -0.997823 -108.192 -0.0571669 0.996253 0.0648992 4.07571 0.998246 0.058043 -0.0116933 17.8349
-0.016889 0.0593321 -0.998096 -109.376 -0.0599377 0.996383 0.0602445 4.12499 0.998059 0.060841 -0.0132717 17.8023
-0.0180344 0.0582558 -0.998139 -110.528 -0.0550886 0.996727 0.0591688 4.17888 0.998319 0.0560531 -0.0147662 17.7685
-0.0219672 0.0581198 -0.998068 -111.747 -0.0495614 0.997018 0.0591495 4.22515 0.998529 0.050765 -0.0190212 17.7553
-0.0247048 0.0592195 -0.997939 -112.956 -0.0500841 0.996917 0.0603987 4.27397 0.998439 0.0514731 -0.0216627 17.7182
-0.0252787 0.0634786 -0.997663 -114.203 -0.0481028 0.996749 0.0646392 4.33155 0.998523 0.0496244 -0.022143 17.6667
-0.0282323 0.0641463 -0.997541 -115.398 -0.046039 0.996796 0.0654014 4.38527 0.998541 0.0477723 -0.0251886 17.6405
-0.0317644 0.0596066 -0.997716 -116.596 -0.0473083 0.997012 0.0610706 4.43534 0.998375 0.0491401 -0.0288496 17.6032
-0.0325412 0.0560191 -0.997899 -117.847 -0.0475722 0.99721 0.0575317 4.49149 0.998338 0.0493445 -0.0297854 17.5454
-0.0326397 0.0540986 -0.998002 -119.067 -0.0465995 0.997366 0.0555881 4.53869 0.99838 0.0483208 -0.0300328 17.4909
-0.0326085 0.0554174 -0.997931 -120.327 -0.0483759 0.997204 0.0569578 4.58386 0.998297 0.0501331 -0.0298365 17.4461
-0.0314316 0.0598171 -0.997714 -121.593 -0.0526693 0.996722 0.0614168 4.63725 0.998117 0.0544793 -0.028178 17.3803
-0.0343304 0.0637093 -0.997378 -122.853 -0.058225 0.996144 0.0656346 4.69234 0.997713 0.0603256 -0.0304885 17.3264
-0.0430346 0.0630115 -0.997085 -124.119 -0.0644528 0.995755 0.0657093 4.75226 0.996992 0.0670927 -0.0387907 17.2667
-0.0455878 0.0604395 -0.99713 -125.364 -0.0684605 0.995632 0.0634787 4.80652 0.996612 0.0711579 -0.041251 17.1926
-0.0470139 0.0586823 -0.997169 -126.612 -0.0705265 0.995587 0.0619143 4.85968 0.996401 0.0732376 -0.0426678 17.1098
-0.0496307 0.0581271 -0.997075 -127.863 -0.0698254 0.99566 0.0615203 4.90865 0.996324 0.0726745 -0.0453566 17.0447
-0.0484395 0.0572483 -0.997184 -129.106 -0.0684632 0.995818 0.0604956 4.95218 0.996477 0.0712008 -0.0443175 16.9731
-0.0458371 0.0580306 -0.997262 -130.374 -0.0691515 0.995732 0.06112 5.00215 0.996553 0.0717638 -0.0416286 16.9142
-0.0397284 0.0627768 -0.997237 -131.642 -0.0694247 0.995439 0.0654294 5.05627 0.996796 0.0718322 -0.035189 16.8474
-0.0223294 0.0674913 -0.99747 -132.836 -0.0678626 0.995315 0.0688647 5.10865 0.997445 0.0692286 -0.0176446 16.8147
-0.0146668 0.066625 -0.99767 -134.1 -0.0695864 0.99529 0.0674891 5.16414 0.997468 0.0704141 -0.00996153 16.7824
-0.0183938 0.0643035 -0.997761 -135.322 -0.0700556 0.995394 0.0654425 5.22098 0.997373 0.0711024 -0.0138042 16.7718
-0.0315143 0.0626897 -0.997535 -136.523 -0.0678776 0.995593 0.064712 5.27097 0.997196 0.0697497 -0.0271202 16.7467
-0.0360946 0.0617277 -0.99744 -137.793 -0.0682621 0.995607 0.0640844 5.32325 0.997014 0.0704004 -0.0317224 16.7036
-0.0339762 0.0633163 -0.997415 -139.002 -0.0678873 0.99554 0.0655098 5.37193 0.997114 0.0699376 -0.0295263 16.6429
-0.0286008 0.067025 -0.997341 -140.277 -0.068612 0.995265 0.068853 5.42918 0.997233 0.0703988 -0.0238667 16.5882
-0.0270411 0.068257 -0.997301 -141.53 -0.0701296 0.995078 0.0700063 5.48338 0.997171 0.0718334 -0.0221212 16.5559
-0.0245695 0.0656094 -0.997543 -142.743 -0.07267 0.995087 0.0672378 5.54212 0.997053 0.0741435 -0.019681 16.5122
-0.0180929 0.0625633 -0.997877 -143.986 -0.0722178 0.995352 0.0637144 5.59877 0.997225 0.0732172 -0.0134906 16.4761
-0.00370285 0.0615261 -0.998099 -145.216 -0.0702306 0.995625 0.0616342 5.64443 0.997524 0.0703253 0.000634368 16.4485
0.00179813 0.060953 -0.998139 -146.419 -0.068801 0.995783 0.0606852 5.68964 0.997629 0.0685638 0.00598418 16.4492
-0.00229616 0.0604957 -0.998166 -147.664 -0.0663297 0.995961 0.0605147 5.73805 0.997795 0.066347 0.00172578 16.4455
-0.00132679 0.0595759 -0.998223 -148.88 -0.0636281 0.996196 0.0595395 5.77733 0.997973 0.0635941 0.00246896 16.4313
0.00210141 0.0598345 -0.998206 -150.111 -0.0624795 0.996266 0.0595866 5.82437 0.998044 0.0622422 0.00583199 16.4225
0.00202078 0.0614256 -0.99811 -151.37 -0.0607341 0.996277 0.0611898 5.87311 0.998152 0.0604956 0.00574388 16.4213
0.00702941 0.0634845 -0.997958 -152.582 -0.0575448 0.996355 0.0629771 5.92128 0.998318 0.0569846 0.010657 16.4176
0.0111128 0.0621666 -0.998004 -153.845 -0.0567407 0.996497 0.0614409 5.96802 0.998327 0.0559447 0.0146013 16.4218
0.0112008 0.0617955 -0.998026 -155.049 -0.0570735 0.996501 0.0610606 6.01705 0.998307 0.056277 0.0146885 16.443
0.0146607 0.0665465 -0.997676 -156.248 -0.0585544 0.996128 0.0655828 6.06249 0.998177 0.0574568 0.0185005 16.4564
0.016951 0.0728081 -0.997202 -157.503 -0.0605743 0.995588 0.0716606 6.12264 0.99802 0.05919 0.0212866 16.4602
0.020155 0.0732491 -0.99711 -158.71 -0.0668567 0.995179 0.0717558 6.17957 0.997559 0.0652172 0.024955 16.4675
0.0204245 0.0694572 -0.997376 -159.964 -0.0698437 0.995246 0.0678786 6.24064 0.997349 0.068274 0.0251785 16.4826
0.0243705 0.0650407 -0.997585 -161.177 -0.0742953 0.99524 0.0630728 6.29157 0.996938 0.0725788 0.0290867 16.4968
0.0244195 0.061654 -0.997799 -162.344 -0.0752699 0.995377 0.0596622 6.34478 0.996864 0.0736473 0.0289473 16.5284
0.0238027 0.0585778 -0.997999 -163.567 -0.0701282 0.995921 0.0567832 6.38467 0.997254 0.0686362 0.0278136 16.551
0.0274439 0.053813 -0.998174 -164.778 -0.0672336 0.996388 0.0518682 6.42732 0.99736 0.0656873 0.0309628 16.5823
0.0273134 0.0509361 -0.998328 -165.994 -0.0612829 0.996908 0.049187 6.4562 0.997747 0.059837 0.0303505 16.6126
0.0300792 0.0533713 -0.998122 -167.217 -0.0591733 0.996917 0.0515236 6.49394 0.997794 0.0575123 0.0331446 16.6296
0.0273809 0.058913 -0.997888 -168.434 -0.0575344 0.9967 0.0572642 6.53552 0.997968 0.0558449 0.0306801 16.6657
0.0315538 0.0614944 -0.997609 -169.673 -0.0581809 0.996526 0.0595875 6.57902 0.997807 0.0561616 0.035022 16.6775
0.0375212 0.0596273 -0.997515 -170.863 -0.0620351 0.996432 0.0572291 6.6199 0.997369 0.0597336 0.0410863 16.7044
0.0405651 0.0590652 -0.99743 -172.049 -0.0633103 0.996397 0.0564293 6.66424 0.997169 0.0608585 0.0441584 16.7428
0.0410068 0.0594589 -0.997388 -173.297 -0.0612265 0.996501 0.0568887 6.70789 0.997281 0.0587337 0.0445038 16.7799
0.0436335 0.0577945 -0.997375 -174.494 -0.0613791 0.996594 0.0550641 6.74566 0.99716 0.0588154 0.0470323 16.8185
0.0496992 0.0568767 -0.997143 -175.64 -0.0632809 0.996551 0.0536889 6.78123 0.996758 0.0604318 0.053127 16.8552
0.050283 0.0580876 -0.997044 -176.812 -0.0630308 0.996502 0.0548772 6.81353 0.996744 0.0600851 0.0537684 16.8976
0.0524037 0.0597872 -0.996835 -177.905 -0.0637857 0.996368 0.056406 6.84217 0.996587 0.0606279 0.0560269 16.9347
0.051313 0.0614663 -0.996789 -179.019 -0.0642184 0.996242 0.0581267 6.86855 0.996616 0.0610296 0.0550674 16.9871
0.0492591 0.0625782 -0.996824 -180.095 -0.0649054 0.996126 0.059327 6.89992 0.996675 0.0617769 0.05313 17.0318
0.0500703 0.0633408 -0.996735 -181.09 -0.063375 0.996177 0.0601218 6.92606 0.996733 0.0601578 0.0538932 17.0639
0.0481127 0.0627199 -0.996871 -182.117 -0.0649197 0.996113 0.059539 6.95583 0.99673 0.061852 0.0519975 17.1106
0.0508791 0.062808 -0.996728 -183.08 -0.0655965 0.996076 0.0594184 6.98175 0.996548 0.0623587 0.0547994 17.142
0.0506611 0.0626254 -0.99675 -184.042 -0.066243 0.996045 0.0592142 7.01308 0.996517 0.0630279 0.0546093 17.1824
0.0486184 0.0612813 -0.996936 -184.983 -0.0644007 0.996232 0.0580974 7.03905 0.996739 0.0613788 0.0523818 17.2277
0.0469588 0.0581328 -0.997204 -185.919 -0.0628499 0.996499 0.0551321 7.06126 0.996918 0.0600852 0.050448 17.2663
0.0419703 0.0548136 -0.997614 -186.848 -0.0619921 0.996713 0.052156 7.08641 0.997194 0.0596552 0.0452304 17.2809
0.0357112 0.0520916 -0.998004 -187.755 -0.0646471 0.996669 0.0497087 7.11252 0.997269 0.0627429 0.0389599 17.2991
0.0325013 0.0512818 -0.998155 -188.661 -0.0666034 0.996574 0.0490319 7.13803 0.99725 0.064887 0.0358055 17.3094
0.0320852 0.051663 -0.998149 -189.608 -0.0687599 0.996411 0.0493628 7.16535 0.997117 0.0670488 0.0355224 17.3337
0.0278085 0.0533669 -0.998188 -190.487 -0.067621 0.996387 0.0513867 7.18917 0.997324 0.0660694 0.0313167 17.3565
0.0239914 0.0548705 -0.998205 -191.419 -0.0642587 0.996512 0.053233 7.21158 0.997645 0.0628662 0.0274337 17.369
0.0238469 0.054865 -0.998209 -192.322 -0.0628558 0.9966 0.053275 7.23848 0.997738 0.0614728 0.0272144 17.3908
0.020951 0.0539347 -0.998325 -193.204 -0.0626129 0.996654 0.0525305 7.25921 0.997818 0.0614074 0.0242579 17.4099
0.0232352 0.0527378 -0.998338 -194.143 -0.0650941 0.996568 0.0511293 7.28902 0.997609 0.0637979 0.0265884 17.4115
0.0287881 0.0518752 -0.998239 -195.029 -0.0682031 0.996427 0.0498141 7.31685 0.997256 0.0666489 0.0322233 17.4269
0.0323018 0.0502692 -0.998213 -195.921 -0.0709504 0.99633 0.0478785 7.33996 0.996957 0.069277 0.0357499 17.4537
0.0343657 0.0481671 -0.998248 -196.822 -0.0713737 0.996406 0.0456211 7.36412 0.996857 0.0696808 0.0376801 17.4616
0.0391415 0.0454004 -0.998202 -197.728 -0.0713156 0.996547 0.0425287 7.38656 0.996686 0.0695227 0.0422441 17.4981
0.0369678 0.0451015 -0.998298 -198.658 -0.0711208 0.996567 0.0423896 7.41009 0.996782 0.0694327 0.0400486 17.5234
0.0263061 0.0472759 -0.998535 -199.592 -0.0681878 0.996639 0.0453898 7.43409 0.997326 0.0668939 0.0294413 17.5516
0.0218293 0.0485341 -0.998583 -200.528 -0.0660214 0.996711 0.0469998 7.45802 0.997579 0.0649019 0.0249618 17.5508
0.0198741 0.0448109 -0.998798 -201.484 -0.0614853 0.997159 0.043514 7.4776 0.99791 0.0605466 0.0225729 17.5808
0.0174997 0.0415045 -0.998985 -202.404 -0.0613159 0.997302 0.0403605 7.49966 0.997965 0.0605474 0.0199973 17.5999
0.0181988 0.0423793 -0.998936 -203.369 -0.0648913 0.997045 0.0411169 7.52717 0.997727 0.064074 0.0208951 17.6115
0.00786372 0.0450544 -0.998954 -204.354 -0.0642644 0.996942 0.0444578 7.55658 0.997902 0.0638476 0.0107351 17.6371
0.0130359 0.0452715 -0.99889 -205.304 -0.0626025 0.997052 0.0443712 7.57499 0.997953 0.0619546 0.0158316 17.6315
0.0148643 0.0466686 -0.9988 -206.285 -0.0627337 0.996986 0.0456502 7.60514 0.99792 0.0619799 0.0177472 17.6514
0.0163021 0.0508657 -0.998572 -207.26 -0.0618718 0.996843 0.0497675 7.63693 0.997951 0.0609721 0.0193978 17.6534
0.0177991 0.055145 -0.99832 -208.267 -0.0592573 0.996781 0.0540035 7.66747 0.998084 0.0581965 0.0210096 17.6747
0.0194057 0.0560604 -0.998239 -209.282 -0.0589996 0.996751 0.0548299 7.69693 0.998069 0.0578317 0.0226502 17.6822
0.0211671 0.0567583 -0.998164 -210.234 -0.0616049 0.996564 0.0553609 7.73443 0.997876 0.06032 0.024591 17.6947
0.024175 0.0581204 -0.998017 -211.293 -0.0635153 0.996381 0.0564866 7.77816 0.997688 0.0620238 0.027779 17.7015
0.0278449 0.0589677 -0.997872 -212.297 -0.0644827 0.996285 0.0570746 7.81269 0.99753 0.0627562 0.0315438 17.7346
0.0299584 0.0564823 -0.997954 -213.332 -0.0675673 0.996233 0.0543566 7.85276 0.997265 0.0658006 0.0336619 17.7577
0.0326929 0.0537785 -0.998018 -214.383 -0.0688774 0.996299 0.0514296 7.88838 0.997089 0.0670595 0.036276 17.791
0.0354518 0.0525491 -0.997989 -215.38 -0.0674619 0.996465 0.0500724 7.91915 0.997092 0.0655511 0.0388715 17.8089
0.0359282 0.0548266 -0.997849 -216.431 -0.0677973 0.996327 0.0523019 7.95424 0.997052 0.0657723 0.0395133 17.843
0.0381833 0.0579851 -0.997587 -217.482 -0.0681743 0.99614 0.0552915 7.99472 0.996942 0.0658986 0.041989 17.8698
0.0394745 0.0577605 -0.99755 -218.582 -0.0679892 0.996169 0.0549901 8.03136 0.996905 0.0656519 0.0432504 17.8909
0.0400037 0.0551751 -0.997675 -219.641 -0.0668565 0.996385 0.052423 8.06886 0.99696 0.064604 0.0435479 17.935
0.0408546 0.052318 -0.997795 -220.687 -0.065432 0.996625 0.0495776 8.10183 0.99702 0.0632622 0.04414 17.9636
0.0403514 0.0510262 -0.997882 -221.805 -0.0615103 0.996928 0.0484901 8.13548 0.997291 0.0594234 0.0433661 18.0093
0.0414987 0.050183 -0.997878 -222.864 -0.0623884 0.996919 0.0475403 8.17123 0.997189 0.0602831 0.0445017 18.0355
0.0412936 0.050433 -0.997873 -223.984 -0.062223 0.996917 0.0478097 8.19908 0.997208 0.0601165 0.0443044 18.0744
0.0414207 0.0515383 -0.997812 -225.096 -0.0642568 0.996739 0.0488155 8.23577 0.997073 0.0620942 0.0445973 18.1032
0.0411932 0.0535594 -0.997715 -226.177 -0.0633044 0.996696 0.050891 8.26911 0.997144 0.0610633 0.0444476 18.1386
0.039634 0.05537 -0.997679 -227.334 -0.0649774 0.996493 0.0527229 8.3064 0.997099 0.062737 0.0430928 18.1831
0.0401661 0.0575277 -0.997536 -228.477 -0.0658315 0.996324 0.0548071 8.34995 0.997022 0.0634679 0.0438056 18.1984
0.0390796 0.058441 -0.997526 -229.596 -0.0670652 0.996191 0.0557354 8.38893 0.996983 0.0647211 0.0428501 18.2353
0.0372307 0.0571358 -0.997672 -230.73 -0.0698406 0.996072 0.0544378 8.43382 0.996863 0.0676513 0.0410748 18.264
0.0368079 0.0528636 -0.997923 -231.861 -0.0682186 0.996403 0.0502669 8.46889 0.996991 0.0662267 0.0402818 18.2818
0.0355651 0.0468831 -0.998267 -233.019 -0.0662036 0.996815 0.0444563 8.50512 0.997172 0.0645078 0.0385557 18.3157
0.0331317 0.0422247 -0.998559 -234.189 -0.0625988 0.997233 0.0400917 8.53211 0.997489 0.0611803 0.0356832 18.3545
0.0311493 0.0423899 -0.998615 -235.336 -0.0567573 0.997563 0.0405748 8.55689 0.997902 0.0554148 0.0334794 18.3901
0.0283764 0.045635 -0.998555 -236.534 -0.0503492 0.997755 0.0441677 8.58537 0.998329 0.0490232 0.0306104 18.4245
0.0271797 0.0478082 -0.998487 -237.73 -0.0474786 0.99779 0.0464824 8.61921 0.998502 0.0461434 0.0293895 18.4436
0.0255947 0.0479318 -0.998523 -238.914 -0.0472315 0.997792 0.0466861 8.65089 0.998556 0.0459668 0.0278021 18.4373
0.0224894 0.0484559 -0.998572 -240.141 -0.0473136 0.997757 0.0473508 8.68765 0.998627 0.0461812 0.0247316 18.4721
0.0203175 0.0497633 -0.998554 -241.37 -0.0450211 0.997793 0.0488093 8.72158 0.998779 0.0439643 0.0225131 18.4803
0.0177801 0.0497994 -0.998601 -242.585 -0.0443992 0.997813 0.0489696 8.75871 0.998856 0.0434664 0.0199523 18.4901
0.0158501 0.0482969 -0.998707 -243.844 -0.0446488 0.997871 0.0475478 8.79355 0.998877 0.0438374 0.0179727 18.5023
0.0135945 0.0480675 -0.998752 -245.047 -0.045589 0.997835 0.0474029 8.82842 0.998868 0.0448877 0.0157564 18.5099
0.0101087 0.0487103 -0.998762 -246.313 -0.0450159 0.997822 0.0482088 8.86665 0.998935 0.0444728 0.0122794 18.5081
0.00809369 0.0494033 -0.998746 -247.557 -0.0457432 0.997752 0.0489834 8.90095 0.99892 0.0452894 0.0103354 18.5073
0.00559973 0.0507614 -0.998695 -248.783 -0.0471287 0.997614 0.0504422 8.93881 0.998873 0.0467848 0.00797869 18.5002
0.00361298 0.0522019 -0.99863 -250.077 -0.0476936 0.997509 0.0519707 8.97624 0.998855 0.0474405 0.00609368 18.4847
0.00168358 0.053225 -0.998581 -251.325 -0.0503794 0.997319 0.0530728 9.01388 0.998729 0.0502186 0.00436051 18.471
0.000696578 0.0536058 -0.998562 -252.555 -0.0527768 0.997173 0.0534944 9.05517 0.998606 0.0526637 0.00352376 18.4581
0.000674788 0.0541304 -0.998534 -253.825 -0.0535484 0.997103 0.0540167 9.09528 0.998565 0.0534335 0.00357144 18.4434
0.000693382 0.0529436 -0.998597 -255.059 -0.0521384 0.997241 0.0528355 9.12812 0.99864 0.0520287 0.00345186 18.4377
0.000761164 0.0518031 -0.998657 -256.342 -0.0508241 0.997369 0.0516976 9.16523 0.998707 0.0507165 0.00339201 18.4338
0.000825388 0.0516299 -0.998666 -257.591 -0.0486608 0.997485 0.0515287 9.20672 0.998815 0.0485534 0.00333567 18.416
0.000858043 0.0519427 -0.99865 -258.827 -0.0475101 0.997524 0.0518433 9.24168 0.99887 0.0474014 0.00332372 18.3867
0.000936239 0.052124 -0.99864 -260.086 -0.0475645 0.997513 0.0520206 9.27574 0.998868 0.0474511 0.00341317 18.4058
0.000769133 0.0526065 -0.998615 -261.316 -0.0461194 0.997555 0.0525152 9.31126 0.998936 0.0460151 0.00319343 18.3864
0.000855816 0.0537473 -0.998554 -262.575 -0.0442581 0.997578 0.0536568 9.34805 0.99902 0.0441482 0.0032325 18.3758
0.000702396 0.0559327 -0.998434 -263.823 -0.040512 0.997617 0.0558584 9.38418 0.999179 0.0404094 0.00296667 18.3706
0.00174313 0.0590332 -0.998255 -265.058 -0.0365051 0.997594 0.0589305 9.42436 0.999332 0.0363386 0.00389395 18.3634
0.00151729 0.062277 -0.998058 -266.325 -0.033698 0.997495 0.0621907 9.46588 0.999431 0.0335382 0.0036121 18.353
0.00102184 0.0606777 -0.998157 -267.571 -0.0349091 0.997551 0.0606051 9.51194 0.99939 0.0347828 0.00313754 18.356
0.00169915 0.059378 -0.998234 -268.824 -0.0382078 0.997511 0.0592699 9.55805 0.999268 0.0380396 0.00396363 18.3349
-0.000733899 0.0617818 -0.998089 -270.068 -0.0434434 0.997145 0.0617553 9.60371 0.999056 0.0434057 0.00195221 18.3352
0.00112408 0.0673653 -0.997728 -271.312 -0.0477834 0.996592 0.0672348 9.66406 0.998857 0.0475993 0.0043392 18.3123
-0.000159018 0.067381 -0.997727 -272.557 -0.0505737 0.99645 0.0673028 9.7188 0.99872 0.0504695 0.00324925 18.2884
0.000299341 0.0616758 -0.998096 -273.789 -0.0517422 0.99676 0.0615777 9.76852 0.998661 0.0516252 0.00348961 18.2826
0.000865962 0.055445 -0.998461 -274.993 -0.0510464 0.997163 0.0553285 9.80674 0.998696 0.0509199 0.00369377 18.2723
-0.000435948 0.0541449 -0.998533 -276.214 -0.045628 0.997492 0.0541083 9.84735 0.998959 0.0455846 0.00203567 18.2729
0.000932627 0.0558313 -0.99844 -277.453 -0.0406092 0.997619 0.0557475 9.88774 0.999175 0.0404938 0.00319767 18.2735
0.00232304 0.0574258 -0.998347 -278.655 -0.0398632 0.997562 0.0572879 9.92967 0.999202 0.0396642 0.00460655 18.2638
0.00378585 0.0601004 -0.998185 -279.918 -0.0405151 0.997382 0.0598983 9.97524 0.999172 0.0402148 0.00621091 18.2625
0.00452456 0.061842 -0.998076 -281.112 -0.0425571 0.997194 0.0615944 10.0185 0.999084 0.0421965 0.00714368 18.2575
0.00518546 0.0625249 -0.99803 -282.385 -0.0421163 0.997172 0.0622523 10.0699 0.999099 0.0417105 0.00780411 18.2507
0.00630932 0.0626072 -0.998018 -283.611 -0.0418871 0.997179 0.0622898 10.1124 0.999102 0.0414111 0.00891396 18.2498
0.00672257 0.0603253 -0.998156 -284.788 -0.0435552 0.997249 0.0599772 10.1564 0.999028 0.0430717 0.00933156 18.2456
0.00697988 0.05939 -0.99821 -286.046 -0.0435314 0.997307 0.0590319 10.2037 0.999028 0.0430414 0.00954641 18.2385
0.006654 0.0585943 -0.99826 -287.252 -0.0439575 0.997334 0.0582469 10.2494 0.999011 0.0434934 0.00921192 18.2407
0.00720344 0.0587979 -0.998244 -288.456 -0.0437546 0.997332 0.0584285 10.2883 0.999016 0.0432569 0.00975691 18.2398
0.00733019 0.0595838 -0.998196 -289.722 -0.0449827 0.997232 0.059196 10.3322 0.998961 0.0444677 0.00999015 18.2416
0.00778957 0.059499 -0.998198 -290.928 -0.044251 0.997271 0.0590984 10.3783 0.99899 0.0437109 0.0104012 18.2391
0.00751793 0.0579047 -0.998294 -292.206 -0.0439426 0.997377 0.0575206 10.4212 0.999006 0.0434352 0.0100427 18.2426
0.00772561 0.0558902 -0.998407 -293.389 -0.0442726 0.997477 0.0554956 10.4595 0.99899 0.0437734 0.0101805 18.2356
0.00683191 0.0527555 -0.998584 -294.646 -0.0453161 0.997598 0.0523934 10.5004 0.998949 0.044894 0.00920618 18.2271
0.00690979 0.0512345 -0.998663 -295.865 -0.0477516 0.997564 0.0508478 10.5366 0.998835 0.0473364 0.00933949 18.2299
0.00641476 0.0512248 -0.998667 -297.097 -0.050978 0.997405 0.0508327 10.574 0.998679 0.0505839 0.00900946 18.2242
0.00578904 0.0525581 -0.998601 -298.289 -0.0529644 0.997232 0.052179 10.6086 0.99858 0.0525882 0.00855673 18.2187
0.00527084 0.0541418 -0.998519 -299.539 -0.0560231 0.996981 0.0537627 10.649 0.998416 0.0556568 0.00828812 18.2204
0.00557995 0.053514 -0.998551 -300.756 -0.0575917 0.996927 0.0531051 10.6876 0.998325 0.057212 0.00864477 18.2073
0.00524516 0.0520455 -0.998631 -302.012 -0.0575823 0.997003 0.0516582 10.7239 0.998327 0.0572325 0.00822634 18.1874
0.0043586 0.0500992 -0.998735 -303.243 -0.0553524 0.997225 0.0497819 10.7593 0.998457 0.0550654 0.00711962 18.1913
0.00402881 0.0492052 -0.998781 -304.453 -0.0515421 0.997471 0.0489327 10.7905 0.998663 0.0512821 0.00655476 18.1781
0.00313346 0.0512451 -0.998681 -305.706 -0.0487189 0.997508 0.051032 10.8284 0.998808 0.0484948 0.00562226 18.1835
0.002746 0.0526599 -0.998609 -306.95 -0.046627 0.997533 0.052475 10.8604 0.998909 0.046418 0.0051946 18.1707
0.00206484 0.0519771 -0.998646 -308.173 -0.0479432 0.997505 0.0518186 10.8994 0.998848 0.0477713 0.00455164 18.1645
0.00247886 0.0507147 -0.99871 -309.439 -0.0492753 0.997506 0.0505312 10.9386 0.998782 0.0490865 0.00497166 18.1582
0.00304527 0.0503527 -0.998727 -310.652 -0.0493121 0.997524 0.0501417 10.9748 0.998779 0.0490966 0.00552073 18.1453
