1 9.31323e-10 -3.63798e-12 0 -9.31323e-10 1 -4.65661e-10 7.45058e-09 -1.81899e-11 -9.31323e-10 1 0
0.999996 -0.00038134 -0.00289876 0.00343259 0.000386231 0.999999 0.00168724 -0.0505699 0.00289811 -0.00168836 0.999994 1.93367
0.999983 -0.000527418 -0.00573503 -0.0121447 0.000536035 0.999999 0.00150147 -0.0890108 0.00573423 -0.00150452 0.999983 3.92581
0.999972 0.00070115 -0.00747212 -0.0351369 -0.000692719 0.999999 0.00113104 -0.127252 0.0074729 -0.00112583 0.999972 5.89219
0.999959 0.0025905 -0.00872793 -0.0550858 -0.00258377 0.999996 0.000781989 -0.166651 0.00872992 -0.000759406 0.999962 7.86554
0.999923 0.00482839 -0.0113963 -0.0897134 -0.00481154 0.999987 0.00150571 -0.202491 0.0114034 -0.00145076 0.999934 9.85974
0.999905 0.00601721 -0.0124214 -0.125706 -0.00600139 0.999981 0.0013105 -0.240013 0.0124291 -0.00123583 0.999922 11.8101
0.999882 0.0070453 -0.013641 -0.151324 -0.00703943 0.999975 0.000478064 -0.278957 0.013644 -0.000381984 0.999907 13.7339
0.999864 0.00648893 -0.0151472 -0.183035 -0.00648252 0.999979 0.000471834 -0.316562 0.01515 -0.000373578 0.999885 15.702
0.999839 0.00483147 -0.0172812 -0.220077 -0.00481416 0.999988 0.00104302 -0.351964 0.017286 -0.000959663 0.99985 17.656
0.999778 0.00238673 -0.0209568 -0.246014 -0.00235829 0.999996 0.00138172 -0.39363 0.02096 -0.00133199 0.99978 19.5535
0.99975 0.000476864 -0.0223344 -0.283599 -0.000450727 0.999999 0.00117532 -0.431788 0.022335 -0.00116496 0.99975 21.5649
0.999666 0.000235748 -0.0258617 -0.34298 -0.000173455 0.999997 0.00241089 -0.466519 0.0258622 -0.0024056 0.999663 23.5791
0.999575 0.00112347 -0.0291308 -0.389573 -0.00104444 0.999996 0.00272783 -0.498523 0.0291338 -0.00269624 0.999572 25.5077
0.999554 0.00255012 -0.0297733 -0.442254 -0.00251303 0.999996 0.00128321 -0.52883 0.0297764 -0.00120782 0.999556 27.3715
0.999409 0.00405737 -0.0341382 -0.509918 -0.00408545 0.999991 -0.000752932 -0.562625 0.0341348 0.000891957 0.999417 29.4323
0.999322 0.00468359 -0.0365108 -0.587934 -0.00480826 0.999983 -0.00332768 -0.607176 0.0364946 0.00350098 0.999328 31.3376
0.999253 0.00626289 -0.0381437 -0.653286 -0.00638034 0.999975 -0.00295812 -0.64782 0.0381243 0.00319928 0.999268 33.2308
0.999162 0.00709285 -0.0403062 -0.727861 -0.00705304 0.999975 0.00113003 -0.68105 0.0403132 -0.0008448 0.999187 35.235
0.999075 0.00696613 -0.0424473 -0.835242 -0.00672837 0.999961 0.00574159 -0.708999 0.0424856 -0.00545068 0.999082 37.1263
0.999123 0.00630778 -0.0413974 -0.903601 -0.00597507 0.999949 0.00815566 -0.734069 0.0414467 -0.00790116 0.99911 39.0996
0.998929 0.00625167 -0.0458476 -1.02827 -0.00589181 0.999951 0.00797987 -0.751826 0.0458953 -0.0077012 0.998917 41.0268
0.99877 0.00762875 -0.0489945 -1.09516 -0.00745961 0.999966 0.00363409 -0.778301 0.0490206 -0.00326414 0.998793 43.0033
0.998684 0.00809972 -0.0506386 -1.19199 -0.00823665 0.999963 -0.00249607 -0.808527 0.0506165 0.00290988 0.998714 45.0478
0.99849 0.00608738 -0.054592 -1.29488 -0.00642561 0.999961 -0.00602218 -0.849093 0.0545532 0.00636387 0.998491 46.8645
0.998261 0.00108429 -0.0589346 -1.384 -0.00152108 0.999972 -0.00736704 -0.897576 0.058925 0.00744387 0.998235 48.7955
0.997977 -0.00572622 -0.063314 -1.49895 0.00540043 0.999971 -0.00531555 -0.947197 0.0633426 0.00496288 0.99798 50.9049
0.99779 -0.00876288 -0.0658679 -1.59268 0.00862728 0.99996 -0.00234281 -0.985679 0.0658858 0.00176937 0.997826 52.6373
0.997479 -0.0098304 -0.0702718 -1.72314 0.00965213 0.999949 -0.00287596 -1.02214 0.0702965 0.00219044 0.997524 54.5895
0.997539 -0.00587393 -0.0698742 -1.8666 0.00571412 0.999981 -0.00248671 -1.06813 0.0698874 0.00208132 0.997553 56.6102
0.997241 -0.00309353 -0.0741634 -2.0027 0.00311521 0.999995 0.000176742 -1.10441 0.0741625 -0.000407289 0.997246 58.5572
0.997221 -0.000656311 -0.0745056 -2.17562 0.000844282 0.999997 0.00249144 -1.14069 0.0745037 -0.00254742 0.997218 60.5255
0.997062 0.00191368 -0.0765735 -2.32909 -0.00170559 0.999995 0.00278274 -1.17046 0.0765784 -0.00264397 0.99706 62.4462
0.99703 0.0052761 -0.07683 -2.49495 -0.00522909 0.999986 0.000813026 -1.20734 0.0768332 -0.00040886 0.997044 64.4051
0.99691 0.00783298 -0.0781641 -2.63596 -0.00793276 0.999968 -0.000966114 -1.24558 0.078154 0.00158318 0.99694 66.4013
0.996642 0.0089401 -0.0813979 -2.80985 -0.00902225 0.999959 -0.000641396 -1.27936 0.0813888 0.00137363 0.996682 68.314
0.996536 0.00741125 -0.0828277 -2.9561 -0.00730714 0.999972 0.00156004 -1.31045 0.0828369 -0.000949406 0.996563 70.2676
0.996452 0.00442848 -0.0840535 -3.14002 -0.00418037 0.999986 0.00312749 -1.34285 0.0840662 -0.00276501 0.996456 72.2119
0.996256 0.000978349 -0.0864509 -3.29847 -0.00067567 0.999994 0.00353036 -1.37484 0.0864538 -0.00345873 0.99625 74.2083
0.996065 -0.000339431 -0.0886222 -3.46564 0.000488622 0.999999 0.00166177 -1.40641 0.0886215 -0.00169853 0.996064 76.2293
0.996078 0.00116612 -0.0884765 -3.64207 -0.00115552 0.999999 0.000170987 -1.43642 0.0884766 -6.80797e-05 0.996078 78.2442
0.995783 0.00191412 -0.091716 -3.84587 -0.00200119 0.999998 -0.00085741 -1.4674 0.0917141 0.00103734 0.995785 80.1683
0.995691 0.00247371 -0.0927031 -4.01335 -0.00255743 0.999996 -0.000784352 -1.50221 0.0927009 0.00101805 0.995694 82.1329
0.995685 0.00270212 -0.0927624 -4.17846 -0.00287358 0.999994 -0.00171495 -1.54512 0.0927573 0.00197411 0.995687 84.153
0.995376 0.00325355 -0.0959988 -4.39776 -0.0036321 0.999986 -0.00376872 -1.5822 0.0959852 0.00409997 0.995374 86.09
0.99524 0.00385697 -0.0973841 -4.5632 -0.00431284 0.999981 -0.00447112 -1.6268 0.0973649 0.00486984 0.995237 88.0937
0.995111 0.0039506 -0.098685 -4.75869 -0.00415013 0.99999 -0.0018167 -1.66627 0.0986767 0.00221738 0.995117 90.0591
0.994905 0.0050359 -0.100693 -4.97056 -0.00509435 0.999987 -0.000323285 -1.71192 0.10069 0.0008346 0.994918 92.1233
0.994757 0.0054166 -0.102127 -5.17735 -0.00540713 0.999985 0.000369528 -1.74392 0.102127 0.000184624 0.994771 94.0929
0.994546 0.0061996 -0.104113 -5.39154 -0.00618457 0.999981 0.000467184 -1.77975 0.104113 0.000179254 0.994565 96.061
0.994171 0.00485299 -0.107706 -5.60977 -0.00484366 0.999988 0.000348223 -1.8132 0.107706 0.000175495 0.994183 98.0503
0.994296 0.00353501 -0.106599 -5.82099 -0.00343891 0.999994 0.00108529 -1.84759 0.106602 -0.000712512 0.994302 100.02
0.993782 0.0015661 -0.111329 -6.04001 -0.00136084 0.999997 0.00191972 -1.88827 0.111331 -0.00175628 0.993782 102.099
0.993529 0.000690077 -0.113581 -6.25353 -0.000368738 0.999996 0.00285016 -1.91721 0.113582 -0.00278983 0.993525 104.055
0.993126 -0.00142134 -0.117039 -6.49532 0.00189832 0.99999 0.00396403 -1.95521 0.117032 -0.00415896 0.99312 106.067
0.992825 -0.00255885 -0.119546 -6.71143 0.00299548 0.99999 0.00347287 -1.98164 0.119536 -0.00380605 0.992823 107.994
0.992526 -0.00193307 -0.122018 -6.97011 0.00211734 0.999997 0.00138048 -2.01905 0.122015 -0.00162852 0.992527 110.007
0.991937 0.00134931 -0.126723 -7.22438 -0.00137515 0.999999 -0.00011638 -2.05643 0.126722 0.000289704 0.991938 111.97
0.99166 0.00224637 -0.128866 -7.48458 -0.00200655 0.999996 0.00199086 -2.08884 0.12887 -0.00171569 0.99166 113.966
0.991524 0.000865087 -0.129926 -7.72588 -6.03963e-06 0.999978 0.00661207 -2.11477 0.129929 -0.00655524 0.991502 115.914
0.990821 -0.0022382 -0.135163 -8.00584 0.00324078 0.999969 0.00719801 -2.14713 0.135143 -0.00756998 0.990797 117.952
0.990804 -0.00426734 -0.135235 -8.26247 0.00495885 0.999976 0.00477698 -2.17449 0.135211 -0.00540366 0.990802 119.866
0.990627 -0.00636336 -0.136448 -8.51599 0.00689181 0.999971 0.00340085 -2.20074 0.136422 -0.00430935 0.990641 121.865
0.990129 -0.00888551 -0.139874 -8.77648 0.00933234 0.999953 0.00253896 -2.23375 0.139845 -0.00381925 0.990166 123.825
0.98966 -0.0107211 -0.143031 -9.09735 0.0109516 0.99994 0.000824575 -2.2783 0.143014 -0.00238248 0.989718 125.81
0.989327 -0.00367343 -0.145667 -9.372 0.00368522 0.999993 -0.000188895 -2.31144 0.145666 -0.000349936 0.989334 127.838
0.989325 0.00682792 -0.145566 -9.68869 -0.00632259 0.999972 0.00393387 -2.34289 0.145588 -0.00297152 0.989341 129.797
0.989081 0.014541 -0.146652 -10.0024 -0.0134617 0.999875 0.0083496 -2.35305 0.146755 -0.00628426 0.989153 131.694
0.988977 0.0150163 -0.147307 -10.3002 -0.0137581 0.99986 0.00955613 -2.37337 0.14743 -0.00742412 0.989045 133.791
0.988816 0.00979735 -0.148816 -10.5823 -0.00858588 0.999925 0.00878095 -2.40024 0.148891 -0.00740503 0.988826 135.71
0.988767 0.00401375 -0.149415 -10.8845 -0.00308223 0.999974 0.00646555 -2.42231 0.149437 -0.00593239 0.988753 137.661
0.988584 0.003534 -0.150627 -11.2083 -0.00292891 0.999987 0.0042388 -2.44822 0.15064 -0.00374924 0.988582 139.75
0.988578 0.00629525 -0.150577 -11.4524 -0.00573984 0.999975 0.00412289 -2.47593 0.150599 -0.00321151 0.98859 141.686
0.98882 0.0105301 -0.148744 -11.7855 -0.00984474 0.999937 0.00534338 -2.49781 0.148791 -0.00381929 0.988861 143.64
0.988963 0.0106006 -0.147787 -12.0907 -0.00961525 0.999927 0.00737997 -2.52599 0.147854 -0.00587751 0.988992 145.612
0.988726 0.0100933 -0.149395 -12.3877 -0.00923328 0.999937 0.00644943 -2.54155 0.149451 -0.00499731 0.988757 147.625
0.988537 0.0103407 -0.150626 -12.6556 -0.00970559 0.999941 0.00495109 -2.5714 0.150669 -0.00343242 0.988578 149.6
0.988384 0.0128358 -0.151438 -12.9674 -0.0118863 0.999904 0.00717346 -2.5916 0.151515 -0.00529011 0.988441 151.558
0.98837 0.0153484 -0.151295 -13.2951 -0.0142456 0.999864 0.00837024 -2.61723 0.151403 -0.0061176 0.988453 153.534
0.988248 0.0172537 -0.151879 -13.6073 -0.0166123 0.999847 0.00549137 -2.63512 0.151951 -0.00290378 0.988384 155.524
0.987958 0.0170088 -0.153788 -13.92 -0.0167804 0.999855 0.00278272 -2.66075 0.153813 -0.000168572 0.9881 157.465
0.988103 0.0150001 -0.15306 -14.2386 -0.0147865 0.999888 0.0025338 -2.69112 0.153081 -0.000240429 0.988214 159.507
0.987789 0.0131428 -0.155243 -14.5411 -0.0126369 0.999911 0.00424546 -2.7291 0.155285 -0.00223183 0.987867 161.483
0.987458 0.0115859 -0.157456 -14.8689 -0.0108764 0.999927 0.00536737 -2.75144 0.157507 -0.00358751 0.987512 163.496
0.987475 0.0103285 -0.157437 -15.1876 -0.0095033 0.999937 0.00599307 -2.77917 0.157489 -0.00442183 0.987511 165.466
0.987363 0.010605 -0.15812 -15.5281 -0.00974861 0.999933 0.00619049 -2.80371 0.158175 -0.00457081 0.987401 167.471
0.987115 0.0111889 -0.159621 -15.8146 -0.0103263 0.999927 0.00623232 -2.83024 0.159679 -0.00450372 0.987159 169.442
0.987159 0.0118698 -0.159298 -16.1698 -0.0110521 0.999921 0.00601799 -2.85302 0.159357 -0.00418013 0.987212 171.418
0.986594 0.0126784 -0.162702 -16.4689 -0.0118396 0.999911 0.00612439 -2.87776 0.162765 -0.00411598 0.986656 173.425
0.986684 0.0127779 -0.162144 -16.8088 -0.0118949 0.999909 0.00641586 -2.90327 0.162211 -0.00440175 0.986746 175.39
0.986637 0.0119052 -0.162496 -17.1328 -0.011 0.999919 0.00646896 -2.92776 0.162559 -0.00459506 0.986688 177.342
0.986446 0.0110798 -0.163715 -17.4671 -0.0104147 0.999934 0.00492032 -2.95552 0.163759 -0.00314858 0.986496 179.35
0.986737 0.0103816 -0.161997 -17.827 -0.00971701 0.999941 0.00489447 -2.98262 0.162038 -0.00325543 0.986779 181.342
0.986264 0.00989958 -0.164883 -18.1364 -0.00921004 0.999945 0.00494596 -3.0086 0.164923 -0.00335943 0.986301 183.352
0.985983 0.0104118 -0.166522 -18.4823 -0.00976344 0.999941 0.0047117 -3.03815 0.166561 -0.00301983 0.986027 185.329
0.985877 0.00943904 -0.167204 -18.8159 -0.00887872 0.999952 0.00409835 -3.06236 0.167235 -0.00255591 0.985914 187.286
0.985543 0.00866403 -0.169207 -19.175 -0.00808612 0.999959 0.0041042 -3.09541 0.169235 -0.00267664 0.985572 189.295
0.985787 0.00739145 -0.16784 -19.5518 -0.00660822 0.999965 0.00522455 -3.12587 0.167873 -0.00404117 0.9858 191.376
0.985419 0.00784715 -0.169964 -19.8741 -0.00682307 0.999955 0.0066085 -3.15768 0.170008 -0.00535247 0.985428 193.219
0.985828 0.00858513 -0.167543 -20.2166 -0.00742721 0.999944 0.00753662 -3.17669 0.167598 -0.00618544 0.985836 195.22
0.985324 0.00988938 -0.170407 -20.6064 -0.0088026 0.999936 0.00713193 -3.20234 0.170467 -0.00552724 0.985348 197.262
0.98549 0.00970978 -0.169459 -20.9809 -0.00872239 0.99994 0.00657022 -3.23012 0.169512 -0.0049968 0.985515 199.347
0.985359 0.00949756 -0.170227 -21.3282 -0.00838987 0.999939 0.00722533 -3.25861 0.170285 -0.00569137 0.985379 201.275
0.985604 0.00992699 -0.168777 -21.6563 -0.00874093 0.999932 0.00776887 -3.284 0.168843 -0.00618177 0.985624 203.281
0.98535 0.011499 -0.170159 -22.0185 -0.0104061 0.999919 0.00731288 -3.30832 0.170229 -0.00543505 0.98539 205.35
0.985969 0.0121045 -0.166489 -22.3393 -0.0112637 0.999919 0.00599376 -3.33138 0.166548 -0.00403439 0.986025 207.259
0.985454 0.0122627 -0.169499 -22.7052 -0.0114648 0.999918 0.00568493 -3.36268 0.169554 -0.00365896 0.985514 209.288
0.986216 0.0125064 -0.164988 -23.0388 -0.011579 0.999911 0.00658178 -3.39121 0.165055 -0.00458067 0.986274 211.295
0.985949 0.0120312 -0.166612 -23.3716 -0.0110561 0.999916 0.00677908 -3.41751 0.16668 -0.00484175 0.985999 213.26
0.985913 0.0117742 -0.166842 -23.7177 -0.0108235 0.99992 0.00660602 -3.44113 0.166906 -0.00470715 0.985962 215.224
0.986156 0.0118539 -0.165395 -24.0625 -0.0108806 0.999918 0.00678951 -3.46673 0.165462 -0.00489592 0.986204 217.243
0.986241 0.0108819 -0.164959 -24.4405 -0.00981378 0.999925 0.00728846 -3.49274 0.165026 -0.0055693 0.986274 219.23
0.98592 0.0109291 -0.166858 -24.7322 -0.00994117 0.999928 0.0067548 -3.51402 0.166919 -0.00500093 0.985958 221.021
0.985728 0.0103569 -0.168029 -25.0911 -0.00969162 0.999942 0.00477866 -3.53967 0.168069 -0.00308198 0.985771 223.093
0.985696 0.0105094 -0.168205 -25.39 -0.0101117 0.999944 0.00322074 -3.5671 0.16823 -0.00147383 0.985747 225.166
0.985567 0.0100236 -0.168992 -25.7507 -0.00956611 0.999948 0.00352093 -3.59799 0.169018 -0.00185351 0.985611 227.045
0.985706 0.0104489 -0.16815 -26.0944 -0.0097275 0.99994 0.00511346 -3.62905 0.168193 -0.0034047 0.985748 229.091
0.985663 0.0108034 -0.168379 -26.4378 -0.00992741 0.999933 0.00604345 -3.65473 0.168433 -0.00428523 0.985704 231.064
0.985663 0.0113167 -0.168348 -26.777 -0.0103625 0.999925 0.00654555 -3.67907 0.168409 -0.00470721 0.985706 233.112
0.985933 0.0103644 -0.166822 -27.144 -0.00953999 0.999938 0.00574231 -3.7 0.166871 -0.00407005 0.98597 235.078
0.985586 0.00950425 -0.168909 -27.4889 -0.00885547 0.99995 0.00459392 -3.7264 0.168944 -0.00303194 0.985621 237.053
0.985928 0.00805407 -0.166978 -27.8102 -0.00730919 0.99996 0.00507501 -3.7527 0.167012 -0.00378312 0.985948 238.963
0.98586 0.00719174 -0.167417 -28.1606 -0.00625313 0.999962 0.00613291 -3.7763 0.167454 -0.00499931 0.985867 240.958
0.985631 0.00622521 -0.1688 -28.5483 -0.00516621 0.999964 0.00671213 -3.80716 0.168836 -0.00574362 0.985627 242.972
0.985817 0.00503751 -0.167747 -28.8805 -0.00398776 0.99997 0.00659425 -3.82395 0.167776 -0.00583178 0.985808 244.901
0.985222 0.00455088 -0.171221 -29.2055 -0.0037192 0.99998 0.00517776 -3.85285 0.171241 -0.00446443 0.985219 246.883
0.985404 0.00414935 -0.170181 -29.5933 -0.003401 0.999983 0.00468862 -3.87842 0.170198 -0.0040414 0.985402 248.934
0.98486 0.00411051 -0.173303 -29.8975 -0.0033414 0.999983 0.00472948 -3.89914 0.173319 -0.00407881 0.984857 250.826
0.9848 0.00473485 -0.17363 -30.264 -0.003921 0.99998 0.00502998 -3.92752 0.17365 -0.00427273 0.984798 252.905
0.985063 0.00506257 -0.172121 -30.6405 -0.00444978 0.999982 0.00394586 -3.95496 0.172138 -0.00312102 0.985068 254.955
0.984666 0.00555877 -0.174363 -31.0375 -0.00495219 0.99998 0.00391375 -3.98205 0.174381 -0.00299026 0.984674 256.941
0.984683 0.00535267 -0.174273 -31.398 -0.00454249 0.999977 0.00504749 -4.00906 0.174296 -0.00417855 0.984685 258.945
0.984678 0.00600732 -0.174277 -31.7695 -0.00498012 0.999968 0.00633081 -4.035 0.174309 -0.00536589 0.984677 260.962
0.98442 0.00589859 -0.175737 -32.1616 -0.0048726 0.999969 0.00626917 -4.05573 0.175768 -0.0053152 0.984417 262.976
0.984481 0.00590548 -0.175391 -32.5275 -0.0050894 0.999974 0.00510231 -4.08376 0.175417 -0.0041305 0.984486 265.016
0.984481 0.00454337 -0.175431 -32.9092 -0.00391014 0.999985 0.00395509 -4.1093 0.175446 -0.00320776 0.984484 266.996
0.984488 0.00449929 -0.175397 -33.2363 -0.00379676 0.999983 0.00434073 -4.13643 0.175413 -0.00360746 0.984488 268.973
0.984147 0.00400238 -0.177309 -33.5913 -0.00292983 0.999976 0.00631044 -4.16176 0.17733 -0.00569091 0.984135 270.942
0.984869 0.00362309 -0.173264 -33.9802 -0.00231406 0.999967 0.00775656 -4.18595 0.173287 -0.00723825 0.984845 273.001
0.984915 0.00254761 -0.173018 -34.3433 -0.00115928 0.999966 0.00812477 -4.20894 0.173033 -0.00780164 0.984885 275.019
0.985177 0.000336266 -0.171543 -34.7149 0.00124959 0.999958 0.00913662 -4.22964 0.171538 -0.00921554 0.985134 276.984
0.984994 -0.00110489 -0.172584 -35.066 0.00274264 0.999953 0.00925145 -4.25706 0.172566 -0.00958596 0.984951 278.974
0.984985 -0.000290835 -0.172641 -35.4147 0.00174039 0.999965 0.00824509 -4.2772 0.172632 -0.00842175 0.98495 280.966
0.984693 0.0017015 -0.174291 -35.7473 -0.000500218 0.999976 0.00693607 -4.30097 0.174299 -0.00674271 0.98467 282.865
0.984592 0.00158025 -0.174861 -36.1416 -0.000405065 0.999977 0.0067562 -4.3282 0.174867 -0.00658127 0.98457 284.92
0.984576 0.00217048 -0.174942 -36.4966 -0.000892263 0.999972 0.00738484 -4.35278 0.174953 -0.00711484 0.984551 286.853
0.983916 0.0022679 -0.178619 -36.8567 -0.00104503 0.999975 0.00694006 -4.37822 0.17863 -0.00664177 0.983894 288.826
0.984102 0.00341012 -0.177573 -37.2269 -0.00207537 0.999968 0.00770183 -4.40077 0.177593 -0.00721086 0.984078 290.853
0.983828 0.00325486 -0.179085 -37.6139 -0.00168633 0.999959 0.00891011 -4.42397 0.179107 -0.00846402 0.983793 292.843
0.984482 0.00373413 -0.175448 -37.9891 -0.00240693 0.999967 0.00777683 -4.44182 0.175471 -0.00723386 0.984458 294.857
0.984273 0.00430252 -0.176605 -38.3493 -0.00317933 0.999973 0.00664237 -4.46988 0.176629 -0.00597642 0.984259 296.838
0.984126 0.0040128 -0.177426 -38.6932 -0.00288629 0.999974 0.00660679 -4.49227 0.177448 -0.00598981 0.984112 298.817
0.984633 0.00360423 -0.174601 -39.0895 -0.00229369 0.999968 0.00770717 -4.516 0.174623 -0.00718826 0.984609 300.778
0.984611 0.00438636 -0.174705 -39.4253 -0.00309672 0.999966 0.00765379 -4.53473 0.174732 -0.00699499 0.984591 302.791
0.984614 0.00438594 -0.174687 -39.8144 -0.00318244 0.999969 0.00716899 -4.55945 0.174713 -0.00650276 0.984598 304.785
0.984693 0.00284555 -0.174276 -40.1738 -0.00187516 0.999982 0.00573256 -4.58291 0.174289 -0.00531802 0.98468 306.769
0.984868 0.00170587 -0.173299 -40.5324 -0.000710472 0.999983 0.00580571 -4.61201 0.173306 -0.00559473 0.984852 308.805
0.98491 0.000586756 -0.173064 -40.8928 0.000444667 0.999982 0.00592096 -4.63449 0.173064 -0.00590857 0.984893 310.785
0.984862 0.00178812 -0.173333 -41.2622 -0.000992671 0.999989 0.00467574 -4.65955 0.173339 -0.0044329 0.984852 312.816
0.985352 0.000987835 -0.170533 -41.5806 0.000252116 0.999974 0.00724921 -4.68018 0.170536 -0.00718601 0.985325 314.774
0.98525 -0.000755038 -0.171122 -41.9537 0.00256303 0.999943 0.0103448 -4.69628 0.171104 -0.0106308 0.985196 316.754
0.985198 0.000964472 -0.171418 -42.3409 0.000498296 0.999964 0.00849013 -4.72739 0.17142 -0.00844988 0.985162 318.856
0.985495 0.00179953 -0.169694 -42.6946 -0.000404979 0.999966 0.00825232 -4.74531 0.169703 -0.0080639 0.985462 320.8
0.985459 0.00195774 -0.169901 -43.0605 -0.000196073 0.999946 0.010385 -4.7671 0.169912 -0.0102006 0.985407 322.848
0.985655 0.00353971 -0.168737 -43.3945 -0.00212237 0.999961 0.00857931 -4.78746 0.168761 -0.00809811 0.985624 324.815
0.986095 0.00523599 -0.166099 -43.7561 -0.00444808 0.999977 0.00511525 -4.81453 0.166122 -0.00430531 0.986096 326.836
0.98612 0.00750577 -0.165865 -44.0964 -0.00692922 0.999968 0.00405442 -4.84938 0.16589 -0.00284883 0.98614 328.809
0.986173 0.00656012 -0.165591 -44.4526 -0.00576495 0.999969 0.00528215 -4.8765 0.165621 -0.00425448 0.98618 330.793
0.986511 0.00775703 -0.163512 -44.8291 -0.00678227 0.999956 0.00651883 -4.91047 0.163555 -0.00532192 0.98652 332.868
0.986706 0.00700896 -0.162362 -45.1642 -0.00593692 0.999957 0.00708702 -4.93997 0.162405 -0.00602888 0.986706 334.797
0.986873 0.00627836 -0.161378 -45.5009 -0.00533964 0.999966 0.00624995 -4.96563 0.161412 -0.00530621 0.986873 336.839
0.987072 0.00645637 -0.160145 -45.8512 -0.00566165 0.999969 0.00541825 -4.99138 0.160175 -0.00444152 0.987079 338.816
0.987189 0.00582919 -0.159451 -46.173 -0.00521374 0.999977 0.00427781 -5.01879 0.159473 -0.00339167 0.987197 340.807
0.987223 0.00553435 -0.159247 -46.5207 -0.00500081 0.999981 0.00375091 -5.05029 0.159265 -0.00290662 0.987232 342.853
0.987515 0.00399492 -0.157478 -46.8572 -0.00346983 0.999988 0.00360913 -5.08111 0.157491 -0.00301764 0.987516 344.849
0.987439 0.00339615 -0.157964 -47.1541 -0.00281991 0.999989 0.00387188 -5.11262 0.157976 -0.0033778 0.987437 346.822
0.987731 0.00198961 -0.156154 -47.5024 -0.00118018 0.999985 0.00527601 -5.14192 0.156163 -0.00502699 0.987719 348.78
0.987814 0.0013923 -0.155636 -47.8343 -0.000626635 0.999988 0.00496854 -5.16756 0.155641 -0.00481046 0.987802 350.852
0.987653 0.00156202 -0.156651 -48.1552 -0.000994161 0.999993 0.00370327 -5.20245 0.156656 -0.00350181 0.987647 352.828
0.987654 0.00134453 -0.156643 -48.4792 -0.000834635 0.999994 0.00332088 -5.22998 0.156647 -0.00314915 0.98765 354.854
0.987753 0.00163199 -0.156021 -48.8009 -0.000883555 0.999988 0.00486624 -5.26053 0.156027 -0.00466879 0.987742 356.909
0.987694 0.00147357 -0.156391 -49.1299 -0.000614148 0.999985 0.0055435 -5.28708 0.156397 -0.00537924 0.98768 358.885
0.987886 0.00137667 -0.155175 -49.4627 -0.000615244 0.999988 0.00495482 -5.31602 0.15518 -0.00479933 0.987875 360.938
0.987855 0.000639678 -0.155378 -49.7923 -4.55827e-05 0.999993 0.00382707 -5.34468 0.15538 -0.0037735 0.987848 362.894
0.987765 0.00059759 -0.15595 -50.1307 6.3085e-05 0.999991 0.00423146 -5.37584 0.155952 -0.00418952 0.987756 364.952
0.988326 0.000505525 -0.15235 -50.4096 0.00026709 0.999987 0.0050508 -5.40413 0.152351 -0.00503253 0.988314 366.985
0.987953 0.00132419 -0.154749 -50.7763 -0.000613854 0.999989 0.00463794 -5.43127 0.154754 -0.00448708 0.987943 368.977
0.988128 0.00126942 -0.153627 -51.0862 -0.000758857 0.999994 0.00338198 -5.46101 0.15363 -0.00322525 0.988123 370.98
0.988321 0.000624305 -0.152385 -51.4041 -0.000127706 0.999995 0.00326862 -5.4916 0.152386 -0.00321099 0.988316 373.037
0.988049 -0.000470183 -0.154141 -51.7649 0.00110213 0.999991 0.00401441 -5.52209 0.154137 -0.00413632 0.988041 375.029
0.987971 -0.00170773 -0.154632 -52.0891 0.00247591 0.999986 0.00477535 -5.54895 0.154621 -0.00510076 0.987961 377.048
0.988207 -0.00266046 -0.153098 -52.409 0.00334381 0.999986 0.00420619 -5.57713 0.153085 -0.00466852 0.988202 379.086
0.987733 -0.00331196 -0.15612 -52.7705 0.00378273 0.999989 0.00271846 -5.60952 0.156109 -0.00327568 0.987734 381.125
0.987922 -0.00381358 -0.154905 -53.0573 0.00421518 0.999989 0.00226414 -5.63828 0.154895 -0.00288975 0.987927 383.114
0.988127 -0.00439034 -0.153578 -53.3631 0.00494549 0.999983 0.00323289 -5.67292 0.153562 -0.00395403 0.988131 385.157
0.987898 -0.00341675 -0.155066 -53.7333 0.00431069 0.999976 0.00542904 -5.70622 0.155044 -0.00603178 0.987889 387.147
0.987854 -0.00316647 -0.155352 -54.0184 0.00437631 0.999963 0.00744639 -5.73257 0.155322 -0.00803581 0.987831 389.158
0.987951 -0.00263679 -0.154743 -54.3397 0.00385843 0.999964 0.00759486 -5.7591 0.154717 -0.00810042 0.987926 391.213
0.987863 -0.00294248 -0.155301 -54.6966 0.00385849 0.999977 0.0055972 -5.78734 0.155281 -0.00612849 0.987851 393.163
0.987444 -0.00335115 -0.157937 -55.0519 0.0040211 0.999984 0.00392248 -5.82276 0.157921 -0.00450831 0.987441 395.319
0.987199 -0.00421415 -0.159438 -55.3731 0.00499799 0.999977 0.0045156 -5.85277 0.159415 -0.00525467 0.987198 397.221
0.987196 -0.00566207 -0.159413 -55.6836 0.00661383 0.999963 0.00544047 -5.88542 0.159377 -0.00642514 0.987197 399.231
0.987005 -0.00611146 -0.160572 -56.0327 0.00693376 0.999966 0.0045613 -5.91389 0.160539 -0.00561539 0.987014 401.329
0.986286 -0.00674386 -0.164907 -56.4206 0.00739584 0.999967 0.00333994 -5.9508 0.164879 -0.00451377 0.986304 403.315
0.986283 -0.00594065 -0.164958 -56.7227 0.00656644 0.999973 0.00324854 -5.97424 0.164934 -0.00428716 0.986295 405.247
0.986163 -0.00567058 -0.165685 -57.1025 0.00648599 0.999969 0.00438082 -6.00522 0.165655 -0.00539483 0.986169 407.277
0.985777 -0.0048543 -0.167986 -57.4451 0.00551061 0.999979 0.00344101 -6.03514 0.167966 -0.00431778 0.985783 409.279
0.985481 -0.00431607 -0.169729 -57.8198 0.00486458 0.999984 0.00281597 -6.0667 0.169714 -0.00360075 0.985487 411.33
0.985579 -0.00466201 -0.16915 -58.1434 0.00527873 0.999981 0.00319648 -6.09489 0.169132 -0.00404329 0.985585 413.239
0.985294 -0.00531918 -0.170783 -58.5468 0.00610241 0.999973 0.00406151 -6.13098 0.170756 -0.00504397 0.9853 415.267
0.984922 -0.00536785 -0.172916 -58.8855 0.00632923 0.999968 0.00500894 -6.15782 0.172884 -0.00602784 0.984924 417.309
0.984746 -0.00529355 -0.173919 -59.2594 0.00650539 0.999958 0.00639849 -6.18181 0.173877 -0.00743229 0.984739 419.234
0.984957 -0.0050293 -0.172726 -59.6313 0.0058985 0.999972 0.00451937 -6.21048 0.172698 -0.00547021 0.98496 421.269
0.984387 -0.00439924 -0.175964 -60.0157 0.00483134 0.999986 0.0020273 -6.24674 0.175952 -0.00284578 0.984395 423.33
0.984564 -0.00490456 -0.174958 -60.3759 0.00532033 0.999984 0.00190748 -6.27282 0.174946 -0.00280887 0.984574 425.268
0.984107 -0.00470014 -0.177517 -60.8092 0.00515422 0.999985 0.00209692 -6.30835 0.177504 -0.00297855 0.984116 427.342
0.983976 -0.00265176 -0.178283 -61.148 0.00314579 0.999992 0.00248841 -6.34731 0.178275 -0.00300938 0.983976 429.321
0.983804 -0.00154537 -0.17924 -61.5567 0.00256941 0.999982 0.00548121 -6.37311 0.179229 -0.00585298 0.98379 431.32
0.983546 -0.000570446 -0.180658 -61.9313 0.00173032 0.999979 0.0062628 -6.40203 0.18065 -0.00647234 0.983526 433.284
0.983984 0.000476818 -0.178259 -62.2993 0.000466408 0.999986 0.00524938 -6.43126 0.178259 -0.00524844 0.98397 435.271
0.983227 0.000624717 -0.182386 -62.6704 0.000406591 0.999984 0.00561709 -6.45706 0.182387 -0.00559703 0.983211 437.255
0.983787 -0.000491139 -0.179338 -63.0535 0.001878 0.99997 0.00756352 -6.48363 0.179329 -0.0077777 0.983758 439.312
0.983156 -0.00220633 -0.182755 -63.4284 0.00341925 0.999974 0.00632202 -6.50977 0.182737 -0.00684042 0.983138 441.229
0.983373 -0.00065775 -0.181595 -63.8233 0.00120022 0.999995 0.0028774 -6.54015 0.181592 -0.00304751 0.983369 443.275
0.983011 0.000990233 -0.183543 -64.1899 -0.000890264 0.999999 0.000627063 -6.58029 0.183544 -0.000453008 0.983012 445.234
0.983776 0.00198543 -0.17939 -64.568 -0.00152649 0.999995 0.00269629 -6.6081 0.179395 -0.00237871 0.983774 447.215
0.983647 0.00114844 -0.180101 -64.96 -0.000477306 0.999993 0.00376969 -6.63931 0.180104 -0.00362208 0.983641 449.122
0.983978 0.00115405 -0.178286 -65.3421 -0.000427378 0.999991 0.00411422 -6.67541 0.178289 -0.00397211 0.98397 451.19
0.984536 -0.000795172 -0.175182 -65.7233 0.00147577 0.999992 0.00375484 -6.70466 0.175178 -0.00395531 0.984529 453.162
0.984602 -0.0029003 -0.174787 -66.0677 0.0034907 0.999989 0.00307049 -6.73715 0.174776 -0.00363334 0.984602 455.082
0.984556 -0.00452961 -0.175013 -66.4268 0.0050693 0.999984 0.00263675 -6.77171 0.174998 -0.00348322 0.984563 457.107
0.984061 -0.00500168 -0.177762 -66.8127 0.00574379 0.999977 0.00366037 -6.80245 0.17774 -0.00462305 0.984067 459.09
0.98405 -0.00357159 -0.177856 -67.1697 0.00441505 0.999981 0.00434685 -6.83557 0.177837 -0.00506276 0.984047 461.022
0.984079 -0.00287316 -0.177709 -67.5401 0.00395236 0.999976 0.00571919 -6.86222 0.177688 -0.00633051 0.984067 463.031
0.98301 -0.00137983 -0.183547 -67.9234 0.00243342 0.999982 0.0055151 -6.89026 0.183536 -0.00586805 0.982996 465.066
0.983407 -0.00132082 -0.181411 -68.2946 0.00208067 0.99999 0.00399831 -6.92111 0.181404 -0.00430942 0.983399 467.144
0.983505 -0.000397948 -0.180883 -68.6859 0.000768929 0.999998 0.00198083 -6.95787 0.180882 -0.00208724 0.983503 469.01
0.98282 0.000269257 -0.184568 -69.0813 0.000152179 0.999997 0.00226919 -6.98871 0.184568 -0.0022583 0.982817 471.08
0.982185 0.000691569 -0.187917 -69.4479 4.26183e-05 0.999992 0.00390291 -7.02095 0.187918 -0.00384139 0.982177 472.943
0.982463 0.00121001 -0.186456 -69.8339 -0.000358798 0.999989 0.00459887 -7.05089 0.18646 -0.00445132 0.982453 474.874
0.982057 0.000895844 -0.188581 -70.2171 -0.000205467 0.999993 0.00368043 -7.0846 0.188583 -0.00357565 0.982051 476.83
0.981947 0.00166383 -0.189148 -70.6197 -0.0010378 0.999994 0.00340872 -7.1146 0.189153 -0.00315088 0.981943 478.867
0.981798 0.00140692 -0.189924 -71.0008 -0.000569623 0.99999 0.00446313 -7.14359 0.189928 -0.00427371 0.981789 480.788
0.981026 0.00106705 -0.193873 -71.431 -5.15897e-05 0.999986 0.00524273 -7.17438 0.193876 -0.00513325 0.981013 482.808
0.981043 0.00076706 -0.193788 -71.8287 7.42609e-05 0.999991 0.00433416 -7.20739 0.193789 -0.00426639 0.981034 484.729
0.981042 0.00023147 -0.193797 -72.1971 0.000463028 0.999994 0.00353833 -7.23664 0.193797 -0.00356098 0.981035 486.721
0.980083 -7.53957e-05 -0.198591 -72.6595 0.000942988 0.99999 0.00427418 -7.26075 0.198588 -0.00437631 0.980073 488.637
0.980043 -0.000958369 -0.198784 -73.0757 0.00170079 0.999992 0.00356412 -7.2947 0.198779 -0.00383108 0.980037 490.721
0.979803 -0.00120418 -0.19996 -73.4681 0.00192313 0.999992 0.00340129 -7.32331 0.199954 -0.00371714 0.979798 492.659
0.979619 -0.000796692 -0.200864 -73.8701 0.00144033 0.999994 0.00305824 -7.35842 0.20086 -0.00328523 0.979615 494.612
0.979973 0.000196886 -0.199131 -74.3158 0.000236395 0.999998 0.00215208 -7.38937 0.199131 -0.00215605 0.979971 496.546
0.979388 0.000762207 -0.201987 -74.7387 -0.00016212 0.999996 0.00298745 -7.42256 0.201988 -0.00289313 0.979384 498.557
0.979553 -0.00024611 -0.201186 -75.1116 0.0013424 0.999985 0.00531273 -7.4491 0.201182 -0.00547418 0.979539 500.481
0.98007 -0.00123566 -0.198648 -75.5515 0.00225157 0.999986 0.00488831 -7.48053 0.198639 -0.00523816 0.980059 502.464
0.979552 -0.00171954 -0.201185 -75.9672 0.00252639 0.99999 0.00375379 -7.50719 0.201177 -0.0041853 0.979546 504.456
0.979812 -0.00210572 -0.199912 -76.3734 0.00293241 0.999988 0.00383927 -7.54114 0.199901 -0.00434798 0.979807 506.49
0.979487 -0.0020958 -0.201495 -76.8038 0.0030443 0.999986 0.00439757 -7.57161 0.201483 -0.00492077 0.97948 508.317
0.979721 -0.00172748 -0.200359 -77.2433 0.00311966 0.999973 0.0066329 -7.60373 0.200342 -0.00712344 0.9797 510.378
0.979882 -0.0019207 -0.199571 -77.622 0.00361871 0.99996 0.00814387 -7.6266 0.199547 -0.00870221 0.97985 512.252
0.979813 -0.00109177 -0.199913 -78.0124 0.00264337 0.999968 0.00749463 -7.64988 0.199899 -0.00787178 0.979785 514.259
0.980224 -0.000927996 -0.197889 -78.4571 0.00214705 0.99998 0.00594581 -7.6828 0.19788 -0.00625311 0.980206 516.253
0.979853 -0.00084074 -0.199718 -78.8586 0.00200907 0.999982 0.00564732 -7.70862 0.19971 -0.00593479 0.979837 518.204
0.979603 -0.000523852 -0.200944 -79.2247 0.00187778 0.999977 0.0065473 -7.73671 0.200936 -0.00679108 0.979581 520.08
0.979801 -0.00100567 -0.199975 -79.6516 0.00253223 0.99997 0.00737811 -7.76559 0.199961 -0.00773546 0.979773 522.055
0.979861 -0.00129038 -0.199676 -80.1018 0.00276682 0.999971 0.00711531 -7.79512 0.199661 -0.00752449 0.979836 523.976
0.979864 -0.00116913 -0.199662 -80.4964 0.00256141 0.999974 0.00671504 -7.82261 0.199649 -0.00709125 0.979842 525.927
0.979437 -0.00180455 -0.201741 -80.9459 0.00318848 0.999974 0.00653517 -7.85526 0.201724 -0.00704404 0.979417 527.902
0.979378 -0.00179157 -0.202027 -81.3322 0.00301383 0.999979 0.00574252 -7.88169 0.202013 -0.00623297 0.979363 529.771
0.979053 -0.00253792 -0.20359 -81.7632 0.00387387 0.999974 0.0061637 -7.91239 0.203569 -0.00682328 0.979037 531.743
0.979284 -0.00352404 -0.20246 -82.1652 0.00493752 0.999967 0.00647694 -7.94123 0.20243 -0.00734242 0.979269 533.658
0.979095 -0.0038687 -0.203365 -82.6029 0.00552693 0.999956 0.00758671 -7.96732 0.203326 -0.0085521 0.979074 535.619
0.979021 -0.00339163 -0.203731 -83.0339 0.00520331 0.999952 0.00835752 -7.99722 0.203692 -0.00924227 0.978991 537.514
0.978946 -0.00208052 -0.204111 -83.452 0.00362591 0.999968 0.00719763 -8.02297 0.204089 -0.00778618 0.978921 539.43
0.97894 -0.000825452 -0.204147 -83.8432 0.00215652 0.999978 0.00629779 -8.05212 0.204137 -0.00660541 0.97892 541.278
0.978749 -0.00164615 -0.205055 -84.2451 0.00336692 0.999962 0.00804317 -8.07457 0.205034 -0.00856265 0.978718 543.226
0.978797 -0.00195332 -0.204823 -84.6196 0.00367716 0.999961 0.00803597 -8.10107 0.204799 -0.00861875 0.978766 545.109
0.978853 -0.00407438 -0.204523 -85.06 0.00552028 0.999964 0.00649956 -8.13149 0.204489 -0.00749114 0.97884 546.998
0.978863 -0.00161006 -0.204511 -85.4905 0.00315865 0.999969 0.00724596 -8.15846 0.204493 -0.00773878 0.978838 548.932
0.979159 -0.00196579 -0.203085 -85.8584 0.00345413 0.99997 0.00697451 -8.17623 0.203065 -0.00753064 0.979136 550.742
0.97887 0.000150024 -0.204485 -86.2947 0.000935109 0.999986 0.00521002 -8.20691 0.204483 -0.00529115 0.978856 552.69
0.978617 -0.00359263 -0.205662 -86.6794 0.0043909 0.999985 0.00342521 -8.23716 0.205646 -0.00425501 0.978617 554.523
0.978882 -0.00462672 -0.204374 -87.0548 0.0056952 0.999973 0.00464022 -8.27052 0.204347 -0.00570618 0.978882 556.397
0.979074 -0.00620323 -0.203409 -87.4782 0.00781049 0.999944 0.00709981 -8.2988 0.203354 -0.00853997 0.979068 558.285
0.978837 -0.0035736 -0.204613 -87.9073 0.00518171 0.99996 0.00732401 -8.32606 0.204578 -0.00822925 0.978816 560.134
0.979295 -0.00180007 -0.20243 -88.3043 0.00345103 0.999964 0.0078031 -8.35109 0.202408 -0.00834013 0.979266 561.951
0.978844 0.000489947 -0.204609 -88.6775 0.00127676 0.999963 0.00850247 -8.37163 0.204605 -0.00858383 0.978807 563.834
0.979452 0.000109827 -0.201676 -89.0855 0.00151112 0.999968 0.00788342 -8.4004 0.20167 -0.00802619 0.979421 565.667
0.978765 0.000594994 -0.204987 -89.4841 0.000796488 0.999977 0.00670559 -8.42704 0.204986 -0.00672646 0.978742 567.55
0.978795 -0.000832971 -0.204842 -89.8636 0.00219048 0.999977 0.00640045 -8.44993 0.204832 -0.00671343 0.978774 569.326
0.978916 -0.00134021 -0.204259 -90.2528 0.00283598 0.999971 0.00703041 -8.4803 0.204243 -0.00746146 0.978892 571.166
0.979187 -0.000943015 -0.202958 -90.6356 0.00253311 0.999968 0.00757502 -8.50557 0.202944 -0.00793148 0.979158 572.968
0.979115 6.05825e-06 -0.203308 -91.0629 0.00158448 0.999969 0.00766053 -8.5325 0.203302 -0.00782268 0.979085 574.864
0.978712 0.000715117 -0.205238 -91.4322 0.000887233 0.99997 0.00771515 -8.55484 0.205237 -0.007733 0.978682 576.618
0.978884 -0.000106233 -0.204416 -91.851 0.00174527 0.999968 0.00783787 -8.58212 0.204409 -0.00802913 0.978853 578.494
0.978607 -0.00153991 -0.205734 -92.2155 0.00315913 0.999967 0.00754221 -8.6045 0.205716 -0.0080308 0.978579 580.247
0.978704 -0.00296741 -0.205254 -92.5818 0.00423593 0.999975 0.00574112 -8.6381 0.205232 -0.0064883 0.978692 582.04
0.977716 -0.00420697 -0.209889 -93.0115 0.00529402 0.999975 0.00461757 -8.66569 0.209865 -0.00562583 0.977714 583.866
0.977721 -0.00649019 -0.209808 -93.4298 0.00799102 0.999948 0.0063064 -8.69644 0.209756 -0.00784248 0.977722 585.619
0.977196 -0.00766107 -0.2122 -93.8244 0.00934853 0.999932 0.00695001 -8.72068 0.212133 -0.00877528 0.977202 587.43
0.976133 -0.00740471 -0.21705 -94.2138 0.00907522 0.999936 0.00670067 -8.75118 0.216987 -0.00851052 0.976138 589.244
0.975363 -0.00721022 -0.22049 -94.6154 0.00893354 0.999937 0.00681972 -8.77673 0.220426 -0.00862146 0.975366 590.964
0.974815 -0.00643859 -0.222922 -94.9841 0.00824387 0.99994 0.00716864 -8.80017 0.222862 -0.00882584 0.97481 592.768
0.97323 -0.00618403 -0.229751 -95.4565 0.00804461 0.999942 0.00716248 -8.82158 0.229693 -0.008819 0.973223 594.489
0.972131 -0.00614151 -0.234359 -95.8694 0.00829679 0.999932 0.00821163 -8.85383 0.234293 -0.00992721 0.972115 596.28
0.9714 -0.00573721 -0.23738 -96.3517 0.00807256 0.999928 0.00886717 -8.8736 0.237312 -0.0105298 0.971376 598.042
0.970385 -0.00615868 -0.241487 -96.8047 0.00827861 0.999936 0.00776505 -8.89832 0.241424 -0.00953426 0.970373 599.79
0.969797 -0.00560379 -0.243851 -97.2906 0.0067744 0.999969 0.00396212 -8.92642 0.243822 -0.00549439 0.969805 601.542
0.969453 -0.00357554 -0.245251 -97.6936 0.00380512 0.999993 0.00046226 -8.9543 0.245247 -0.00138135 0.96946 603.299
0.968521 -0.00639711 -0.24885 -98.196 0.00658016 0.999978 -9.62378e-05 -8.98764 0.248846 -0.00154427 0.968542 604.977
0.968477 -0.00713037 -0.249001 -98.6694 0.00738874 0.999973 0.000102989 -9.02561 0.248994 -0.00193955 0.968503 606.72
0.967331 -0.00877737 -0.253366 -99.1436 0.00899291 0.99996 -0.000307458 -9.05674 0.253359 -0.00198109 0.96737 608.443
0.967441 -0.00989522 -0.252903 -99.627 0.0105649 0.999943 0.0012899 -9.0956 0.252876 -0.00391979 0.967491 610.148
0.967758 -0.0111518 -0.251637 -100.056 0.0124662 0.999916 0.00363008 -9.12799 0.251575 -0.00665001 0.967815 611.869
0.967245 -0.0112831 -0.253595 -100.57 0.0127266 0.999911 0.00405242 -9.16031 0.253526 -0.00714708 0.967302 613.595
0.967941 -0.00870778 -0.251026 -100.984 0.00962384 0.999951 0.0024219 -9.18702 0.250992 -0.00476009 0.967977 615.312
0.968418 -0.00568739 -0.249266 -101.483 0.00601577 0.999982 0.000555614 -9.22021 0.249258 -0.0020376 0.968435 617.051
0.970152 -0.00387062 -0.242465 -101.97 0.00386594 0.999992 -0.000495109 -9.25324 0.242465 -0.000457024 0.97016 618.805
0.970973 -0.00310006 -0.239169 -102.37 0.00289748 0.999995 -0.00119863 -9.29004 0.239172 0.000470854 0.970977 620.473
0.972611 -0.00347093 -0.232414 -102.85 0.00303771 0.999993 -0.00222187 -9.33354 0.23242 0.00145501 0.972615 622.208
0.973414 -0.00331876 -0.22903 -103.219 0.00241629 0.999988 -0.00422069 -9.37289 0.229041 0.00355507 0.97341 623.865
0.97524 -0.00482926 -0.221098 -103.658 0.00379648 0.99998 -0.00509584 -9.41897 0.221118 0.00413027 0.975238 625.548
0.976618 -0.00662923 -0.214881 -104.024 0.00567299 0.999971 -0.00506651 -9.4652 0.214908 0.00372902 0.976627 627.297
0.977646 -0.00994346 -0.210024 -104.424 0.00930895 0.999949 -0.00400954 -9.5122 0.210053 0.0019648 0.977688 628.979
0.978842 -0.0130448 -0.204201 -104.752 0.0124435 0.999914 -0.00422804 -9.55243 0.204239 0.0015976 0.97892 630.647
0.980004 -0.0152976 -0.198392 -105.142 0.0146216 0.999881 -0.0048717 -9.59737 0.198443 0.00187347 0.980111 632.376
0.980692 -0.0180463 -0.194724 -105.486 0.0172525 0.999835 -0.00577196 -9.63794 0.194796 0.00230105 0.980841 634.025
0.981751 -0.0195917 -0.189158 -105.83 0.0185959 0.999802 -0.00703798 -9.6841 0.189259 0.00339198 0.981921 635.777
0.982698 -0.0220723 -0.183897 -106.133 0.0211905 0.999753 -0.00675911 -9.72702 0.184001 0.00274529 0.982922 637.471
0.98352 -0.0249757 -0.179064 -106.436 0.0242953 0.999687 -0.00599221 -9.77012 0.179158 0.00154305 0.983819 639.122
0.984011 -0.0278577 -0.175914 -106.782 0.0272825 0.999612 -0.00568807 -9.81271 0.176004 0.000797763 0.984389 640.875
0.984649 -0.0304758 -0.171863 -107.091 0.0298093 0.999535 -0.00645778 -9.85996 0.17198 0.00123554 0.9851 642.565
0.985274 -0.0315292 -0.168051 -107.4 0.0304295 0.999495 -0.00911534 -9.90497 0.168253 0.0038674 0.985736 644.231
0.985531 -0.033406 -0.166171 -107.662 0.0322766 0.999434 -0.00949337 -9.95432 0.166394 0.00399256 0.986051 645.947
0.986229 -0.0360544 -0.161407 -107.959 0.0352795 0.999348 -0.00766523 -9.99537 0.161578 0.00186532 0.986858 647.684
0.986927 -0.0362528 -0.157039 -108.251 0.0355748 0.999342 -0.007127 -10.0452 0.157194 0.00144722 0.987567 649.349
0.987234 -0.0378297 -0.154717 -108.521 0.0370246 0.999282 -0.00808291 -10.0895 0.154911 0.00225141 0.987926 651.051
0.987648 -0.0378748 -0.15204 -108.791 0.0368894 0.999276 -0.00929755 -10.1399 0.152282 0.00357404 0.988331 652.733
0.987829 -0.0400113 -0.150309 -109.036 0.0391966 0.999196 -0.00837995 -10.1865 0.150524 0.00238633 0.988604 654.479
0.988144 -0.0422713 -0.147593 -109.315 0.0416602 0.999106 -0.00723082 -10.2354 0.147767 0.000996319 0.989022 656.163
0.988643 -0.0431628 -0.143953 -109.555 0.0424192 0.999066 -0.00823284 -10.2805 0.144174 0.00203297 0.98955 657.858
0.988878 -0.0420332 -0.142664 -109.82 0.0409046 0.999104 -0.0108358 -10.3342 0.142991 0.00487964 0.989712 659.557
