1 0 -7.27596e-12 2.32831e-10 0 1 0 0 -7.27596e-12 -9.31323e-10 1 0
0.999997 0.00120295 0.00207409 0.00226509 -0.00119169 0.999985 -0.00542451 -0.0122655 -0.00208058 0.00542202 0.999983 0.953869
0.999996 -0.000731662 0.00288128 0.00422037 0.000748312 0.999983 -0.00578235 -0.0229043 -0.002877 0.00578448 0.999979 1.90345
0.999988 -0.00292846 0.00392584 0.00379725 0.00293823 0.999993 -0.00248574 -0.0257341 -0.00391853 0.00249724 0.999989 2.86724
0.999973 -0.00671081 0.00296737 0.00803443 0.00669988 0.999971 0.0036753 -0.0307688 -0.00299194 -0.00365532 0.999989 3.81254
0.999954 -0.00949368 0.00135796 0.0126446 0.00948797 0.999946 0.00415422 -0.0348267 -0.00139733 -0.00414115 0.99999 4.75348
0.999925 -0.0121717 0.0012897 0.012592 0.0121694 0.999924 0.00174773 -0.038087 -0.00131088 -0.0017319 0.999998 5.70366
0.999933 -0.0115428 -0.000404709 0.0125822 0.0115421 0.999932 -0.00169537 -0.0397386 0.000424251 0.00169059 0.999999 6.62861
0.999929 -0.0118535 -0.00131381 0.0113098 0.0118504 0.999927 -0.00234428 -0.0452567 0.0013415 0.00232854 0.999996 7.56464
0.999932 -0.0115362 -0.00173832 0.00586051 0.0115347 0.999933 -0.000861824 -0.0473014 0.00174814 0.000841715 0.999998 8.50461
0.999926 -0.0117859 -0.00315691 0.00435609 0.0117917 0.999929 0.00183238 -0.0509477 0.00313509 -0.00186947 0.999993 9.42722
0.999928 -0.0113388 -0.00398 -0.00137824 0.0113533 0.999929 0.00365378 -0.0536812 0.00393829 -0.0036987 0.999986 10.3379
0.999918 -0.0121453 -0.00399725 -0.0149703 0.0121622 0.999917 0.00422032 -0.0608534 0.00394566 -0.00426859 0.999983 11.2702
0.999909 -0.012269 -0.00555428 -0.0140763 0.0122941 0.999914 0.00451123 -0.0606026 0.00549845 -0.0045791 0.999974 12.1709
0.999903 -0.0126803 -0.00570226 -0.0297956 0.0126987 0.999914 0.00319889 -0.0614294 0.00566121 -0.00327099 0.999979 13.0745
0.999884 -0.0134444 -0.00718054 -0.0329235 0.0134519 0.999909 0.000999432 -0.0633819 0.00716645 -0.00109591 0.999974 13.9893
0.999858 -0.0142041 -0.009111 -0.0444447 0.0142039 0.999899 -9.03625e-05 -0.0629996 0.00911136 -3.90615e-05 0.999959 14.8799
0.999853 -0.0134709 -0.0106333 -0.0575726 0.013458 0.999909 -0.00128253 -0.0672548 0.0106496 0.00113924 0.999943 15.7664
0.999854 -0.0122475 -0.0119476 -0.0653636 0.0122237 0.999923 -0.00205843 -0.0723852 0.0119719 0.00191208 0.999927 16.6638
0.999845 -0.0109781 -0.0137875 -0.0862735 0.0109485 0.999938 -0.00222248 -0.0758345 0.013811 0.00207118 0.999902 17.5474
0.999824 -0.0109896 -0.0152339 -0.0996849 0.0109733 0.999939 -0.00115099 -0.0803068 0.0152456 0.000983621 0.999883 18.4247
0.9998 -0.0114783 -0.0164 -0.119977 0.0114782 0.999934 -9.74424e-05 -0.0857231 0.0164 -9.08189e-05 0.999866 19.3359
0.999778 -0.0105376 -0.0182293 -0.144087 0.0105472 0.999944 0.000433159 -0.089952 0.0182237 -0.000625332 0.999834 20.1975
0.999741 -0.01172 -0.0195196 -0.161632 0.0117339 0.999931 0.000593616 -0.0956585 0.0195113 -0.000822501 0.999809 21.0679
0.999707 -0.0116811 -0.0211908 -0.17662 0.0116847 0.999932 4.56525e-05 -0.0986634 0.0211888 -0.000293246 0.999775 21.9375
0.99968 -0.012087 -0.0222427 -0.199243 0.0120976 0.999927 0.000342255 -0.101945 0.0222369 -0.000611231 0.999753 22.7616
0.999649 -0.0121343 -0.0235502 -0.219768 0.0121872 0.999924 0.00210292 -0.101929 0.0235229 -0.0023892 0.99972 23.6511
0.999618 -0.0133402 -0.0242154 -0.246062 0.0134627 0.999897 0.00490203 -0.103377 0.0241475 -0.00522616 0.999695 24.4739
0.999603 -0.0134906 -0.0247578 -0.272617 0.0136615 0.999884 0.00674485 -0.105846 0.024664 -0.0070804 0.999671 25.3044
0.999615 -0.0120577 -0.0249987 -0.289815 0.0121941 0.999912 0.00531174 -0.10954 0.0249324 -0.00561453 0.999673 26.1445
0.999606 -0.0105945 -0.0259766 -0.317203 0.0106733 0.999939 0.0028979 -0.110629 0.0259443 -0.00317401 0.999658 26.961
0.999577 -0.0110145 -0.0269287 -0.340932 0.0110575 0.999938 0.00144903 -0.111834 0.026911 -0.00174618 0.999636 27.771
0.999583 -0.00934032 -0.0273316 -0.36406 0.00936843 0.999956 0.000900616 -0.111948 0.027322 -0.00115629 0.999626 28.5701
0.999521 -0.0107851 -0.0290066 -0.401595 0.0108109 0.999941 0.000732052 -0.119358 0.028997 -0.00104529 0.999579 29.353
0.999483 -0.00941484 -0.0307597 -0.42143 0.00941423 0.999956 -0.000164478 -0.123555 0.0307599 -0.000125186 0.999527 30.1297
0.999426 -0.00971707 -0.0324697 -0.44603 0.0097111 0.999953 -0.00034149 -0.128244 0.0324715 2.59764e-05 0.999473 30.8985
0.999343 -0.00982837 -0.0348978 -0.493963 0.00986216 0.999951 0.000796303 -0.128538 0.0348883 -0.00113995 0.999391 31.6619
0.99926 -0.0109542 -0.0368831 -0.51655 0.0110744 0.999934 0.00305775 -0.130378 0.0368472 -0.00346395 0.999315 32.401
0.999218 -0.00985271 -0.0382949 -0.557887 0.0100329 0.99994 0.00451555 -0.134673 0.0382481 -0.00489622 0.999256 33.1546
0.999125 -0.00857678 -0.0409388 -0.593567 0.00878199 0.99995 0.00483554 -0.139738 0.0408953 -0.00519084 0.99915 33.8812
0.999112 -0.00622756 -0.0416734 -0.630204 0.00641587 0.99997 0.00438666 -0.139785 0.0416449 -0.00465014 0.999122 34.5826
0.99901 -0.00421253 -0.0442979 -0.675722 0.00437211 0.999984 0.00350615 -0.139289 0.0442824 -0.00369635 0.999012 35.2864
0.998937 -0.00398764 -0.045918 -0.710872 0.00419303 0.999982 0.00437757 -0.137617 0.0458997 -0.00456545 0.998936 36.0111
0.99891 -0.00305855 -0.0465841 -0.746378 0.00335563 0.999975 0.00630034 -0.137749 0.0465636 -0.00644979 0.998895 36.6967
0.9989 -5.54044e-06 -0.0468881 -0.785669 0.000328142 0.999976 0.00687254 -0.138313 0.046887 -0.00688037 0.998877 37.3641
0.99895 0.00328066 -0.0456948 -0.820218 -0.00304435 0.999982 0.00524019 -0.143412 0.0457111 -0.00509557 0.998942 38.0225
0.999015 0.0057246 -0.0440096 -0.860183 -0.00564991 0.999982 0.00182132 -0.143959 0.0440193 -0.00157087 0.99903 38.6944
0.999115 0.00574227 -0.041673 -0.889819 -0.00574598 0.999983 3.07607e-05 -0.142029 0.0416725 0.000208719 0.999131 39.3102
0.999235 0.0065975 -0.038543 -0.923471 -0.00657746 0.999978 0.000646757 -0.143015 0.0385464 -0.000392748 0.999257 39.9522
0.999326 0.0112171 -0.0349421 -0.951363 -0.0111092 0.999933 0.00327856 -0.147206 0.0349765 -0.00288818 0.999384 40.5982
0.999379 0.0157402 -0.0315311 -0.979975 -0.0155288 0.999855 0.0069376 -0.145791 0.0316357 -0.00644364 0.999479 41.2091
0.999426 0.0205671 -0.026918 -1.00317 -0.0203535 0.999759 0.00818637 -0.150018 0.0270799 -0.0076338 0.999604 41.8059
0.999442 0.0252054 -0.021916 -1.03055 -0.0250245 0.999651 0.00848912 -0.148483 0.0221223 -0.00793594 0.999724 42.4018
0.999464 0.0286361 -0.0158935 -1.04204 -0.0284759 0.999542 0.0102156 -0.144804 0.0161787 -0.00975753 0.999821 42.9474
0.999393 0.0335717 -0.00930197 -1.05847 -0.0334621 0.999372 0.0116951 -0.145194 0.00968875 -0.0113767 0.999888 43.507
0.999301 0.0373202 -0.00205728 -1.07359 -0.0372943 0.999239 0.0114535 -0.144986 0.00248316 -0.0113688 0.999932 44.0412
0.99917 0.0404022 0.00515577 -1.07572 -0.0404591 0.999116 0.0114593 -0.146727 -0.00468823 -0.0116584 0.999921 44.5421
0.998927 0.0446155 0.0124308 -1.07681 -0.0447524 0.998938 0.0109629 -0.144891 -0.0119285 -0.0115075 0.999863 45.033
0.99857 0.0494815 0.0202346 -1.07469 -0.0496572 0.998732 0.00827165 -0.143176 -0.0197996 -0.00926461 0.999761 45.5033
0.998298 0.0509959 0.0283112 -1.06297 -0.0511613 0.998677 0.00514902 -0.146122 -0.0280111 -0.00658869 0.999586 45.9279
0.997966 0.0522333 0.0365553 -1.0469 -0.0524408 0.998613 0.00473859 -0.144191 -0.036257 -0.00664594 0.999321 46.3505
0.997711 0.0508161 0.0446088 -1.03443 -0.0511357 0.998673 0.00605061 -0.147063 -0.0442421 -0.00831785 0.998986 46.7434
0.99723 0.0528926 0.0523057 -1.01236 -0.0533217 0.998554 0.00684155 -0.147165 -0.0518682 -0.00961163 0.998608 47.1296
0.996572 0.055646 0.061215 -0.988917 -0.0561797 0.998396 0.00703083 -0.148262 -0.0607255 -0.0104458 0.9981 47.48
0.995715 0.0604458 0.0699814 -0.970294 -0.061048 0.998114 0.00649797 -0.149784 -0.0694566 -0.0107424 0.997527 47.8054
0.994796 0.0643892 0.0789662 -0.95178 -0.0651103 0.997856 0.00658817 -0.149708 -0.0783727 -0.0116954 0.996856 48.1073
0.994009 0.0638606 0.0886991 -0.91513 -0.0647311 0.997879 0.00696983 -0.153907 -0.0880659 -0.0126697 0.996034 48.392
0.993089 0.0626497 0.0992462 -0.885051 -0.0634746 0.99797 0.00517222 -0.156635 -0.0987207 -0.0114361 0.99505 48.6571
0.991965 0.0614127 0.110611 -0.850385 -0.0618984 0.998082 0.000959445 -0.159033 -0.11034 -0.00779836 0.993863 48.9192
0.99037 0.0622479 0.12366 -0.804283 -0.0623538 0.99805 -0.00301745 -0.162278 -0.123607 -0.00472228 0.99232 49.1935
0.988218 0.0640806 0.138995 -0.763698 -0.06394 0.997939 -0.00548104 -0.163384 -0.139059 -0.00347086 0.990278 49.4371
0.985616 0.065982 0.155585 -0.712631 -0.0656802 0.997816 -0.0070854 -0.16686 -0.155712 -0.00323533 0.987797 49.699
0.982771 0.0664558 0.172466 -0.664182 -0.0660341 0.997784 -0.00818771 -0.168956 -0.172628 -0.00334197 0.984982 49.9346
0.979483 0.0658924 0.190448 -0.594205 -0.0652898 0.997822 -0.00944392 -0.173301 -0.190655 -0.00318413 0.981652 50.188
0.975678 0.0646832 0.209449 -0.524355 -0.0640462 0.997899 -0.00982976 -0.177191 -0.209645 -0.00382376 0.97777 50.4432
0.971064 0.0650844 0.22978 -0.461313 -0.064261 0.997872 -0.0110731 -0.180346 -0.230012 -0.00401323 0.97318 50.6743
0.96574 0.0670773 0.250695 -0.377129 -0.0658708 0.997741 -0.01321 -0.183067 -0.251014 -0.00375602 0.967976 50.9119
0.959407 0.0685647 0.273565 -0.285788 -0.0669024 0.997641 -0.0154125 -0.188224 -0.273976 -0.0035153 0.96173 51.1543
0.952083 0.0698312 0.297761 -0.200199 -0.0679442 0.997549 -0.0166964 -0.195106 -0.298198 -0.00433482 0.954494 51.3894
0.943446 0.0725413 0.323492 -0.101074 -0.0705902 0.997347 -0.0177771 -0.20073 -0.323923 -0.00606366 0.946064 51.6327
0.93349 0.0748289 0.350711 0.019662 -0.0728705 0.997164 -0.0187985 -0.210078 -0.351123 -0.00800828 0.936295 51.8788
0.922298 0.0758345 0.378967 0.123518 -0.0735667 0.99708 -0.0204838 -0.216719 -0.379414 -0.00898711 0.925184 52.1107
0.909622 0.0741483 0.408767 0.262569 -0.0712026 0.997209 -0.0224431 -0.227102 -0.40929 -0.0086905 0.912363 52.3431
0.894567 0.0715384 0.441172 0.412386 -0.0672702 0.997413 -0.0253317 -0.23708 -0.441843 -0.00701686 0.897065 52.5756
0.877215 0.0706407 0.474872 0.570123 -0.0643594 0.997491 -0.0294952 -0.247712 -0.475764 -0.00468883 0.87956 52.7822
0.857561 0.072864 0.509196 0.735694 -0.0640723 0.997338 -0.0348081 -0.256455 -0.510377 -0.00277533 0.859946 53.0226
0.835824 0.0748691 0.543868 0.906697 -0.0637751 0.997192 -0.0392632 -0.264785 -0.54528 -0.00186804 0.838252 53.2372
0.811301 0.0780119 0.579401 1.10788 -0.0649671 0.996949 -0.043262 -0.277781 -0.581008 -0.0025435 0.813894 53.4676
0.783949 0.0820045 0.615385 1.33565 -0.0678826 0.996617 -0.0463297 -0.293097 -0.617103 -0.00545389 0.786864 53.7083
0.753777 0.0863938 0.651426 1.549 -0.0712423 0.996221 -0.0496856 -0.304044 -0.653257 -0.00895719 0.757084 53.9315
0.720857 0.0880557 0.687468 1.8157 -0.071631 0.99605 -0.052471 -0.322857 -0.689373 -0.0114199 0.724317 54.1576
0.684491 0.0860211 0.723928 2.11798 -0.0682648 0.996214 -0.0538296 -0.344939 -0.725818 -0.0125729 0.687772 54.402
0.645278 0.0847391 0.759234 2.40671 -0.0657134 0.996302 -0.0553484 -0.366146 -0.761116 -0.0141768 0.64846 54.6005
0.602955 0.0846579 0.793271 2.75291 -0.0638483 0.996285 -0.0577933 -0.384269 -0.795216 -0.0158023 0.60612 54.8225
0.557175 0.0844561 0.826089 3.09952 -0.0606525 0.996296 -0.060949 -0.408953 -0.828177 -0.0161451 0.560234 55.0096
0.509247 0.083381 0.856572 3.48716 -0.0571868 0.996374 -0.0629912 -0.436148 -0.858719 -0.0169066 0.512169 55.1983
0.46056 0.0815835 0.883871 3.90032 -0.0553639 0.996469 -0.063128 -0.463939 -0.8859 -0.0198603 0.463451 55.3882
0.411123 0.0791589 0.908136 4.31259 -0.0549383 0.996563 -0.0619956 -0.491947 -0.909923 -0.0244036 0.414059 55.5318
0.360731 0.0788547 0.929331 4.74641 -0.0570617 0.996419 -0.0623981 -0.511547 -0.930923 -0.0305203 0.363938 55.6846
0.311242 0.0800301 0.946955 5.23426 -0.0558953 0.996264 -0.0658259 -0.531173 -0.948685 -0.0324425 0.314553 55.8215
0.264438 0.0763213 0.961378 5.697 -0.0452519 0.996748 -0.0666821 -0.572092 -0.96334 -0.0258709 0.267032 55.9061
0.220119 0.070779 0.972902 6.19844 -0.0316753 0.997357 -0.0653916 -0.603317 -0.974959 -0.0164231 0.221779 55.9747
0.177452 0.0686724 0.981731 6.72732 -0.021861 0.997591 -0.0658304 -0.642694 -0.983887 -0.00977988 0.178526 56.0379
0.139147 0.0711426 0.987713 7.23532 -0.0181082 0.997432 -0.0692916 -0.658657 -0.990106 -0.00824395 0.140078 56.085
0.106243 0.0713169 0.991779 7.76636 -0.0102391 0.99745 -0.0706278 -0.700308 -0.994288 -0.00265119 0.106702 56.1147
0.0768746 0.069942 0.994585 8.33361 -0.00163873 0.997544 -0.0700235 -0.742187 -0.99704 0.00375317 0.0768004 56.1341
0.051964 0.0682955 0.996311 8.8838 0.00436544 0.997634 -0.0686139 -0.774079 -0.99864 0.00791479 0.0515429 56.1418
0.0320414 0.06733 0.997216 9.45664 0.010284 0.997653 -0.0676899 -0.808148 -0.999434 0.0124243 0.0312738 56.1477
0.015744 0.0685553 0.997523 10.0578 0.012499 0.997555 -0.0687548 -0.843596 -0.999798 0.0135506 0.0148487 56.1463
0.00245458 0.0688081 0.997627 10.6348 0.0136271 0.997535 -0.0688353 -0.87934 -0.999904 0.0137637 0.00151088 56.1337
-0.00921958 0.0697695 0.997521 11.2455 0.0142066 0.997471 -0.0696347 -0.911848 -0.999857 0.0135294 -0.0101875 56.1257
-0.0184739 0.0724919 0.997198 11.8428 0.018943 0.997215 -0.0721422 -0.954307 -0.99965 0.0175572 -0.0197956 56.1023
-0.0252788 0.0741139 0.996929 12.4855 0.0234048 0.997019 -0.0735271 -0.998549 -0.999407 0.0214743 -0.0269381 56.083
-0.0298014 0.0736951 0.996835 13.1094 0.0236264 0.997052 -0.0730047 -1.03558 -0.999277 0.021376 -0.0314547 56.0562
-0.0337972 0.0709865 0.996905 13.7784 0.0213169 0.997299 -0.0702919 -1.07864 -0.999202 0.0188753 -0.0352191 56.0402
-0.0358737 0.0644514 0.997276 14.4401 0.0195112 0.997773 -0.0637817 -1.11457 -0.999166 0.01717 -0.0370513 56.0206
-0.0371886 0.0584509 0.997597 15.1247 0.0201764 0.998128 -0.0577298 -1.15661 -0.999105 0.017981 -0.0382983 56.0001
-0.0381109 0.0560039 0.997703 15.8083 0.0233076 0.998207 -0.0551419 -1.19223 -0.999002 0.0211525 -0.0393478 55.967
-0.0375702 0.0578959 0.997615 16.5168 0.0273089 0.998007 -0.0568901 -1.23833 -0.998921 0.0251064 -0.0390764 55.9414
-0.0365693 0.0652824 0.997197 17.197 0.0282076 0.997534 -0.0642701 -1.27388 -0.998933 0.0257782 -0.0383206 55.9107
-0.0345 0.072938 0.99674 17.9006 0.0273007 0.99703 -0.0720143 -1.31923 -0.999032 0.0247272 -0.0363888 55.888
-0.0328714 0.0743765 0.996688 18.6157 0.0279434 0.996906 -0.0734711 -1.35731 -0.999069 0.0254357 -0.034848 55.872
-0.0305349 0.070128 0.997071 19.3474 0.0283097 0.997196 -0.0692699 -1.40263 -0.999133 0.0261116 -0.0324346 55.8521
-0.0276519 0.0637653 0.997582 20.0872 0.0284122 0.99761 -0.0629796 -1.45009 -0.999214 0.0266019 -0.0293975 55.8345
-0.0252783 0.0617252 0.997773 20.8341 0.0263911 0.997785 -0.0610573 -1.49685 -0.999332 0.0247889 -0.0268514 55.8241
-0.0211398 0.0668104 0.997542 21.5748 0.0331829 0.997262 -0.0660884 -1.55106 -0.999226 0.0317042 -0.0232989 55.8142
-0.018692 0.0722853 0.997209 22.2883 0.0359145 0.996788 -0.0715816 -1.60035 -0.99918 0.0344763 -0.021228 55.7962
-0.0162472 0.0732063 0.997184 23.0289 0.0297073 0.996911 -0.0727022 -1.64474 -0.999427 0.0284424 -0.0183718 55.7915
-0.0127856 0.0702112 0.99745 23.7748 0.024475 0.997255 -0.0698838 -1.68946 -0.999619 0.0235191 -0.0144689 55.8023
-0.00847452 0.065874 0.997792 24.5025 0.0289546 0.997426 -0.0656038 -1.74215 -0.999545 0.0283347 -0.0103601 55.7915
-0.00490416 0.0669994 0.997741 25.2459 0.0340178 0.997187 -0.0667949 -1.79812 -0.999409 0.0336133 -0.00716953 55.7809
-0.00196619 0.0711249 0.997466 25.9642 0.0340786 0.996893 -0.0710169 -1.85089 -0.999417 0.0338526 -0.00438391 55.7831
0.00173196 0.0723778 0.997376 26.702 0.0297991 0.996931 -0.0723972 -1.89244 -0.999555 0.0298463 -0.000430152 55.794
0.00525603 0.0713564 0.997437 27.4686 0.0280546 0.997048 -0.0714763 -1.94925 -0.999593 0.0283583 0.00323864 55.8043
0.00947294 0.0691513 0.997561 28.1992 0.0327736 0.997049 -0.069427 -1.99618 -0.999418 0.0333514 0.00717864 55.8105
0.0132139 0.0687791 0.997544 28.9381 0.0374389 0.996898 -0.0692304 -2.05226 -0.999212 0.0382618 0.0105979 55.8099
0.0163785 0.0698109 0.997426 29.6906 0.0403064 0.996703 -0.0704221 -2.10655 -0.999053 0.0413561 0.0135107 55.8287
0.0195291 0.0697347 0.997374 30.4224 0.0406817 0.996683 -0.070483 -2.15582 -0.998981 0.0419513 0.0166274 55.8369
0.0228164 0.0686104 0.997383 31.1674 0.0418134 0.996704 -0.0695203 -2.20342 -0.998865 0.0432902 0.0198724 55.8537
0.026561 0.0673382 0.997377 31.9186 0.0447211 0.99665 -0.0684801 -2.26001 -0.998646 0.0464227 0.0234606 55.8814
0.0295052 0.067689 0.99727 32.6576 0.0428553 0.996701 -0.0689183 -2.30542 -0.998646 0.0447718 0.026507 55.9039
0.032703 0.069001 0.997081 33.3991 0.0392257 0.996757 -0.0702651 -2.3541 -0.998695 0.0414091 0.0298904 55.9298
0.0355507 0.0691797 0.996971 34.1752 0.0410476 0.996658 -0.0706217 -2.40946 -0.998525 0.0434339 0.0325923 55.9625
0.0383678 0.068641 0.996903 34.909 0.0394115 0.996758 -0.0701478 -2.45924 -0.998486 0.0419809 0.0355381 55.9933
0.0401624 0.0690562 0.996804 35.681 0.0372512 0.996812 -0.0705576 -2.51071 -0.998499 0.0399659 0.037462 56.0322
0.0438418 0.069362 0.996628 36.4127 0.0350071 0.996868 -0.0709186 -2.56523 -0.998425 0.0379983 0.0412763 56.0692
0.0462675 0.0711773 0.99639 37.177 0.0324876 0.996823 -0.0727168 -2.61519 -0.998401 0.0357348 0.0438081 56.116
0.0497187 0.0743685 0.995991 37.9391 0.0322196 0.996585 -0.0760213 -2.67249 -0.998244 0.0358701 0.0471528 56.1594
0.0530721 0.0766609 0.995644 38.7007 0.0318282 0.996413 -0.0784167 -2.72871 -0.998083 0.0358512 0.0504417 56.2063
0.0556747 0.0788579 0.99533 39.4581 0.0262001 0.996418 -0.0804096 -2.78668 -0.998105 0.0305545 0.0534092 56.2635
0.0584448 0.0785025 0.995199 40.2257 0.0216466 0.996569 -0.0798818 -2.83467 -0.998056 0.0262113 0.056545 56.3192
0.0618912 0.078372 0.995001 41.0078 0.0240049 0.996507 -0.0799838 -2.90157 -0.997794 0.0288352 0.0597937 56.3735
0.0656565 0.0795274 0.994668 41.8092 0.0240985 0.996402 -0.0812567 -2.96996 -0.997551 0.0293051 0.0635038 56.4281
0.0688655 0.0805083 0.994372 42.5869 0.0197096 0.996434 -0.0820403 -3.02637 -0.997431 0.0252484 0.0670332 56.4999
0.0737222 0.0793677 0.994116 43.3549 0.0184881 0.996548 -0.0809329 -3.0777 -0.997108 0.0243458 0.0720003 56.5651
0.0787132 0.0780187 0.99384 44.1523 0.019845 0.996613 -0.0798081 -3.15429 -0.9967 0.0260047 0.0768983 56.6297
0.083111 0.0826173 0.99311 44.9687 0.0159291 0.99632 -0.0842174 -3.21089 -0.996413 0.0228187 0.0814891 56.705
0.0891112 0.0902883 0.991921 45.7645 0.0131901 0.995689 -0.0918162 -3.28396 -0.995934 0.0212654 0.0875361 56.7924
0.0971392 0.0955896 0.99067 46.556 0.0117337 0.995198 -0.0971771 -3.35262 -0.995202 0.0210639 0.0955511 56.8749
0.103699 0.0982867 0.98974 47.3612 0.00671083 0.995014 -0.0995134 -3.42584 -0.994586 0.0169615 0.102523 56.9773
0.111475 0.0968971 0.989032 48.1498 0.00404279 0.995183 -0.0979553 -3.49809 -0.993759 0.0149181 0.110547 57.0804
0.11863 0.0947854 0.988404 48.9728 0.00366795 0.995385 -0.095895 -3.57921 -0.992932 0.0150014 0.117734 57.184
0.126246 0.091892 0.987734 49.783 0.00346906 0.995653 -0.0930722 -3.65473 -0.991993 0.0151765 0.125379 57.2959
0.133721 0.0856522 0.987311 50.6007 0.00149518 0.99624 -0.0866293 -3.72892 -0.991018 0.0130604 0.13309 57.4138
0.141284 0.079307 0.986787 51.4207 -0.00104445 0.996797 -0.079962 -3.79228 -0.989969 0.0102667 0.140914 57.5402
0.148669 0.0752613 0.986019 52.2217 -0.000567828 0.997106 -0.0760219 -3.86269 -0.988887 0.0107422 0.148282 57.6754
0.155926 0.0771626 0.98475 53.0194 -0.000336139 0.996948 -0.0780652 -3.92932 -0.987769 0.0118414 0.155476 57.8082
0.161719 0.0836137 0.983288 53.8094 -0.00103955 0.996418 -0.0845592 -3.99596 -0.986836 0.0126526 0.161226 57.9477
0.166766 0.0878118 0.982078 54.584 -0.00286516 0.996065 -0.0885758 -4.06057 -0.985992 0.0119577 0.166362 58.0847
0.171958 0.0903028 0.980956 55.36 -0.00392519 0.995845 -0.0909853 -4.13416 -0.985097 0.0117952 0.171598 58.2408
0.177299 0.0905205 0.979985 56.1235 -0.00588897 0.995841 -0.0909196 -4.2017 -0.98414 0.0103488 0.177094 58.385
0.182177 0.0872206 0.97939 56.8617 -0.00341156 0.996108 -0.0880749 -4.27268 -0.98326 0.012704 0.181766 58.5289
0.187253 0.0815357 0.978922 57.6461 -0.00220739 0.996582 -0.0825844 -4.3375 -0.982309 0.0133034 0.186793 58.6852
0.191013 0.0739211 0.9788 58.3856 -0.00285296 0.997198 -0.0747538 -4.40437 -0.981583 0.0114865 0.190689 58.8274
0.193803 0.0709089 0.978474 59.1073 -0.00616604 0.997453 -0.0710629 -4.45899 -0.981021 0.00773889 0.193746 58.985
0.19717 0.0706375 0.977821 59.8633 -0.00810739 0.997484 -0.0704232 -4.52233 -0.980336 0.00595779 0.197247 59.1478
0.198892 0.0727417 0.977318 60.5622 -0.0100475 0.997341 -0.0721872 -4.57463 -0.97997 0.00453788 0.199094 59.2958
0.201213 0.0764434 0.97656 61.2609 -0.0131748 0.997071 -0.0753344 -4.63057 -0.979459 0.00229232 0.201631 59.4522
0.203097 0.081447 0.975765 61.9518 -0.0149378 0.996676 -0.0800833 -4.68761 -0.979045 0.00168884 0.203638 59.6102
0.20458 0.0868487 0.974989 62.6325 -0.016838 0.996221 -0.0852068 -4.74541 -0.978705 0.00101476 0.20527 59.7553
0.206229 0.0886374 0.974481 63.3115 -0.0158576 0.996061 -0.0872443 -4.80793 -0.978375 0.00253934 0.206822 59.9123
0.207522 0.0885241 0.974217 63.9748 -0.0178108 0.996074 -0.0867163 -4.85915 -0.978068 0.000644045 0.208284 60.0627
0.208308 0.0857763 0.974295 64.6317 -0.0172079 0.996314 -0.0840358 -4.92522 -0.977912 0.000739758 0.209016 60.2086
0.209211 0.083148 0.974329 65.2956 -0.0165799 0.996537 -0.0814831 -4.98031 -0.97773 0.000892868 0.209865 60.3596
0.208857 0.0823157 0.974476 65.9391 -0.0168861 0.996606 -0.0805659 -5.03653 -0.9778 0.000371684 0.209538 60.4983
0.207987 0.0812485 0.974751 66.5639 -0.0164276 0.996694 -0.0795722 -5.09344 -0.977994 0.000537186 0.208634 60.6409
0.206008 0.0817079 0.975133 67.1922 -0.0170357 0.996656 -0.0799123 -5.14893 -0.978402 -0.000149497 0.206711 60.7684
0.20336 0.0848706 0.975419 67.8069 -0.0183006 0.996392 -0.08288 -5.19994 -0.978933 -0.000996213 0.20418 60.8991
0.201335 0.0885651 0.97551 68.3911 -0.0170091 0.99607 -0.0869211 -5.25698 -0.979375 0.000907778 0.202051 61.0146
0.199131 0.0893392 0.975892 68.9916 -0.0149669 0.995997 -0.0881257 -5.30989 -0.979859 0.00294244 0.199671 61.1342
0.197015 0.0882796 0.976418 69.5666 -0.0154997 0.996094 -0.0869311 -5.35985 -0.980278 0.00199256 0.197613 61.2489
0.194792 0.085409 0.977119 70.1532 -0.0156359 0.996346 -0.0839725 -5.40747 -0.98072 0.00107902 0.195416 61.3676
0.192957 0.0814219 0.977823 70.7138 -0.0141637 0.996678 -0.080197 -5.45864 -0.981105 0.00162502 0.193469 61.4721
0.191028 0.0798566 0.978331 71.2726 -0.0105391 0.996795 -0.0793058 -5.51062 -0.981528 0.00483889 0.191257 61.5826
0.188635 0.0814228 0.978666 71.8099 -0.00693809 0.996643 -0.0815811 -5.55637 -0.982023 0.00859898 0.188566 61.6798
0.186726 0.0832475 0.978879 72.3523 -0.002773 0.996444 -0.0842123 -5.60395 -0.982408 0.0130102 0.186293 61.7723
0.184784 0.0855018 0.979053 72.8943 -0.00318025 0.996255 -0.0864038 -5.64556 -0.982774 0.0128524 0.184364 61.8818
0.18315 0.0873761 0.979194 73.4186 -0.00390607 0.996099 -0.0881539 -5.69684 -0.983077 0.0123206 0.182776 61.9861
0.182587 0.0867321 0.979357 73.9721 -0.00217794 0.996135 -0.0878119 -5.74182 -0.983187 0.0139003 0.18207 62.0945
0.183369 0.0846793 0.97939 74.5109 0.00348932 0.996221 -0.0867878 -5.79166 -0.983038 0.0193316 0.18238 62.1944
0.185014 0.0830405 0.979221 75.0569 0.00861461 0.996248 -0.0861121 -5.83628 -0.982698 0.0243676 0.183605 62.2978
0.187245 0.0820526 0.97888 75.6038 0.0114174 0.996256 -0.0856931 -5.88272 -0.982247 0.027222 0.185608 62.3977
0.19031 0.082004 0.978293 76.1512 0.00956955 0.996303 -0.0853752 -5.93198 -0.981677 0.0256096 0.188822 62.5183
0.196086 0.0822471 0.977131 76.7053 0.00808073 0.996307 -0.0854827 -5.97741 -0.980554 0.0246579 0.194697 62.6337
0.202184 0.0813201 0.975965 77.2632 0.00981625 0.996328 -0.0850504 -6.02566 -0.979298 0.0267762 0.200643 62.76
0.209864 0.0810588 0.974365 77.829 0.00770937 0.996389 -0.0845515 -6.07106 -0.9777 0.025256 0.208481 62.8852
0.218137 0.0798561 0.972646 78.3941 0.00756162 0.996478 -0.0835087 -6.11297 -0.975889 0.0255711 0.216764 63.0277
0.227241 0.0789433 0.970634 78.9786 0.00516586 0.996597 -0.0822644 -6.16471 -0.973825 0.023708 0.226059 63.1759
0.236342 0.0788845 0.968462 79.5494 0.00290483 0.996637 -0.0818883 -6.2093 -0.971666 0.0221669 0.235318 63.3174
0.246557 0.0819863 0.965654 80.1378 -0.00180425 0.996452 -0.0841405 -6.2575 -0.969127 0.0190032 0.24583 63.4933
0.25571 0.0850336 0.963007 80.7225 -0.00556367 0.996237 -0.0864905 -6.3023 -0.966738 0.0167587 0.255221 63.6628
0.266881 0.0872418 0.959773 81.3282 -0.00906047 0.996077 -0.0880224 -6.3498 -0.963687 0.0147955 0.266624 63.8481
0.277563 0.0889963 0.956576 81.9278 -0.0110503 0.99593 -0.0894512 -6.40578 -0.960644 0.0142579 0.277417 64.0278
0.287613 0.0901084 0.953498 82.5534 -0.0147081 0.995862 -0.0896753 -6.45838 -0.957634 0.0117676 0.287748 64.2331
0.297718 0.0904557 0.950359 83.1666 -0.0153761 0.995826 -0.0899664 -6.5103 -0.95453 0.0121718 0.297866 64.4364
0.307805 0.0912187 0.947066 83.7865 -0.0189481 0.995784 -0.0897528 -6.56146 -0.951261 0.00968133 0.308236 64.6496
0.319012 0.0871018 0.94374 84.4904 -0.0189546 0.996155 -0.0855322 -6.61639 -0.947561 0.00939761 0.319436 64.9057
0.328892 0.0790895 0.94105 85.1111 -0.0152174 0.996801 -0.0784566 -6.66904 -0.944245 0.0114834 0.329043 65.1213
0.339977 0.0745123 0.937477 85.8025 -0.0132925 0.997137 -0.0744336 -6.72646 -0.94034 0.0128442 0.339994 65.3745
0.350227 0.070962 0.933973 86.4739 -0.0120165 0.997384 -0.0712738 -6.77072 -0.936588 0.013739 0.350164 65.6459
0.359242 0.0684226 0.930733 87.153 -0.0084753 0.997507 -0.0700602 -6.82169 -0.933206 0.0172803 0.358926 65.9055
0.368117 0.0644192 0.927545 87.8473 -0.0021688 0.997654 -0.0684276 -6.8612 -0.929777 0.0231777 0.367393 66.1789
0.37567 0.054604 0.925144 88.5915 0.00738812 0.998055 -0.0619074 -6.90845 -0.926724 0.0300918 0.374536 66.47
0.382596 0.0491252 0.922609 89.2748 0.013506 0.998181 -0.0587499 -6.95785 -0.923817 0.0349383 0.381237 66.7531
0.389905 0.0486698 0.919568 90.0022 0.0175114 0.99803 -0.0602475 -7.00043 -0.920689 0.0395938 0.388284 67.0656
0.397236 0.0546157 0.91609 90.7109 0.0189657 0.997526 -0.0676947 -7.05253 -0.917521 0.044265 0.395217 67.3744
0.404917 0.0599565 0.912385 91.4277 0.0214059 0.996953 -0.0750137 -7.10049 -0.914103 0.0499047 0.4024 67.6847
0.410414 0.0616299 0.909814 92.1198 0.0201009 0.99686 -0.0765937 -7.15635 -0.911678 0.0497233 0.407886 68.0074
0.414777 0.0636033 0.907698 92.814 0.0130575 0.997035 -0.07583 -7.21055 -0.90983 0.0433048 0.412716 68.3416
0.419181 0.0665888 0.905458 93.5098 0.00816305 0.99699 -0.0770993 -7.26874 -0.907866 0.0397098 0.417375 68.6777
0.422892 0.0698219 0.903486 94.1862 0.00591293 0.996793 -0.0798003 -7.33562 -0.906161 0.0390892 0.421123 69.0055
0.426624 0.0735127 0.901437 94.8557 0.00421867 0.996519 -0.0832633 -7.39486 -0.904419 0.039325 0.424829 69.3377
0.430469 0.0767881 0.899333 95.51 0.000238279 0.996365 -0.085187 -7.45812 -0.902606 0.0368846 0.428886 69.6561
0.434616 0.0753774 0.897456 96.1754 -7.18161e-05 0.996494 -0.0836608 -7.51756 -0.900616 0.0362959 0.433098 69.9947
0.437525 0.0717449 0.89634 96.8144 0.000773126 0.996782 -0.0801619 -7.58233 -0.899206 0.0357658 0.436061 70.3127
0.441574 0.0691112 0.894559 97.4618 0.0010033 0.99699 -0.07752 -7.64048 -0.897225 0.0351283 0.440175 70.6349
0.445242 0.0678359 0.892837 98.0839 0.000257008 0.997116 -0.075887 -7.70159 -0.89541 0.0340176 0.443941 70.957
0.448487 0.069711 0.891067 98.6968 -0.00213281 0.997034 -0.0769277 -7.75446 -0.893787 0.0326006 0.447305 71.274
0.451773 0.070271 0.889361 99.3049 -0.00181234 0.996963 -0.0778524 -7.81197 -0.892131 0.0335598 0.450529 71.58
0.45364 0.068406 0.888556 99.9032 0.000939618 0.997012 -0.0772353 -7.86305 -0.891184 0.035872 0.452221 71.8954
0.455302 0.066942 0.887817 100.49 0.00281516 0.997056 -0.0766224 -7.91774 -0.890333 0.0373857 0.453773 72.1963
0.457418 0.0669988 0.886724 101.079 0.00174108 0.997088 -0.0762358 -7.96934 -0.88925 0.0364155 0.45597 72.5057
0.459165 0.0661219 0.885887 101.656 0.00334624 0.99709 -0.0761564 -8.02281 -0.888345 0.0379328 0.457608 72.8075
0.462192 0.0680112 0.884168 102.205 0.00295489 0.996931 -0.0782298 -8.07002 -0.886775 0.0387698 0.460573 73.0986
0.464782 0.0680741 0.882804 102.777 0.00492587 0.996826 -0.0794598 -8.12377 -0.885412 0.0412801 0.462971 73.3996
0.46787 0.0671908 0.88124 103.321 0.00753129 0.996767 -0.0799978 -8.17795 -0.883765 0.0440655 0.465851 73.6899
0.470678 0.0654512 0.879874 103.839 0.0102464 0.996772 -0.0796281 -8.22351 -0.882246 0.0464947 0.468488 73.9646
0.474375 0.064385 0.877965 104.38 0.0116091 0.996778 -0.0793706 -8.27361 -0.880246 0.0478439 0.472099 74.2596
0.477021 0.0640622 0.876554 104.892 0.0122547 0.996758 -0.0795162 -8.32358 -0.878806 0.0486729 0.47469 74.545
0.48005 0.0633791 0.874949 105.393 0.0130593 0.99676 -0.079368 -8.3708 -0.877144 0.0495269 0.477667 74.8214
0.484022 0.0626943 0.872807 105.911 0.0147186 0.996706 -0.0797563 -8.41904 -0.874932 0.0514503 0.481505 75.1097
0.488616 0.0640176 0.870147 106.405 0.0141635 0.996591 -0.0812735 -8.46322 -0.872384 0.0520359 0.486044 75.3809
0.492594 0.0639167 0.867909 106.913 0.0164433 0.996438 -0.0827147 -8.5156 -0.870104 0.0550161 0.489788 75.6732
0.497314 0.0670441 0.864976 107.403 0.0146827 0.996216 -0.0856583 -8.5628 -0.867447 0.0552993 0.494448 75.9571
0.502623 0.0727417 0.86144 107.894 0.0113637 0.995812 -0.0907187 -8.61685 -0.864431 0.0553865 0.499691 76.2564
0.508283 0.0800194 0.857464 108.36 0.00591327 0.995326 -0.09639 -8.66448 -0.86117 0.0540639 0.505434 76.5452
0.514285 0.0864353 0.853252 108.836 0.000626461 0.99487 -0.101159 -8.71432 -0.857619 0.0525591 0.511593 76.8557
0.520757 0.091023 0.848838 109.316 -0.00352818 0.994521 -0.10448 -8.7687 -0.853698 0.0514141 0.518225 77.1624
0.525811 0.0916542 0.845649 109.804 -0.00728121 0.994626 -0.103274 -8.82334 -0.85057 0.0481451 0.523653 77.484
0.531816 0.0905351 0.842007 110.295 -0.0134085 0.995045 -0.0985213 -8.87544 -0.846754 0.0411051 0.530394 77.8195
0.537566 0.0883351 0.838582 110.793 -0.0197437 0.995544 -0.0922127 -8.93137 -0.84299 0.0330138 0.536915 78.156
0.543762 0.0863918 0.834781 111.29 -0.0259886 0.995944 -0.086142 -8.98606 -0.838837 0.025146 0.543802 78.5006
0.54922 0.0847115 0.831373 111.797 -0.0289334 0.99618 -0.0823903 -9.03855 -0.835177 0.021196 0.549573 78.8589
0.555368 0.0878694 0.82695 112.3 -0.0338324 0.995966 -0.0831073 -9.08658 -0.830916 0.0181774 0.5561 79.2116
0.561892 0.0918799 0.822092 112.825 -0.0381169 0.995633 -0.0852228 -9.13413 -0.826332 0.0165504 0.56294 79.583
0.56775 0.095349 0.81766 113.348 -0.041089 0.995314 -0.087535 -9.18613 -0.822175 0.0161011 0.569007 79.9697
0.573774 0.0976939 0.813166 113.869 -0.0433659 0.995091 -0.0889513 -9.2333 -0.817865 0.0157743 0.575194 80.355
0.580434 0.0988638 0.808284 114.416 -0.0466451 0.99501 -0.0882066 -9.28712 -0.812971 0.0134956 0.582148 80.7692
0.586707 0.100404 0.803551 114.962 -0.051849 0.994906 -0.086457 -9.33867 -0.808138 0.00906156 0.588923 81.1898
0.592891 0.0988188 0.799196 115.513 -0.0526608 0.995076 -0.0839718 -9.39152 -0.803559 0.00769981 0.595176 81.6139
0.601196 0.0967676 0.793221 116.087 -0.0529668 0.995283 -0.0812733 -9.44679 -0.797345 0.00684679 0.603486 82.059
0.60827 0.0968805 0.787795 116.651 -0.0542536 0.995277 -0.0805058 -9.50282 -0.791874 0.00622851 0.610653 82.516
0.615931 0.0988383 0.781576 117.218 -0.0578223 0.995094 -0.0802724 -9.55278 -0.785676 0.00424971 0.618624 82.9772
0.623568 0.0995595 0.775403 117.803 -0.0590622 0.995023 -0.080261 -9.60803 -0.779535 0.00425119 0.626345 83.4834
0.630871 0.100277 0.769381 118.388 -0.060869 0.994954 -0.0797657 -9.65833 -0.773497 0.00349044 0.633791 83.9699
0.635426 0.0994907 0.765725 118.968 -0.0610862 0.995034 -0.0785931 -9.71214 -0.769742 0.00316488 0.638348 84.4696
0.639585 0.0977819 0.762476 119.58 -0.0594988 0.995198 -0.0777177 -9.76935 -0.766414 0.00434074 0.642332 84.985
0.642915 0.0955717 0.759952 120.184 -0.0565231 0.995399 -0.0773635 -9.82601 -0.76385 0.00678336 0.645359 85.5055
0.646618 0.0917176 0.75728 120.814 -0.0510158 0.995722 -0.0770356 -9.88514 -0.761106 0.0111793 0.648531 86.0492
0.650476 0.0852969 0.754722 121.444 -0.0433044 0.996223 -0.0752677 -9.94227 -0.758291 0.0162771 0.651713 86.5817
0.654315 0.0793212 0.752051 122.071 -0.0371025 0.996653 -0.0728395 -9.99931 -0.755312 0.019757 0.655068 87.13
0.657678 0.073918 0.749663 122.707 -0.0322351 0.997024 -0.0700284 -10.0594 -0.752609 0.0218907 0.658104 87.6752
0.661387 0.0718211 0.746598 123.344 -0.0305399 0.997158 -0.0688701 -10.1126 -0.749423 0.0227488 0.661701 88.2549
0.663457 0.0736236 0.744583 123.962 -0.0321155 0.997032 -0.0699692 -10.1731 -0.747525 0.0225089 0.663853 88.8208
0.667487 0.0780014 0.740525 124.626 -0.0371815 0.996749 -0.0714758 -10.2271 -0.743693 0.0201754 0.668217 89.4431
0.669736 0.0812876 0.738137 125.254 -0.0428819 0.996566 -0.070839 -10.2801 -0.74136 0.0157907 0.670922 90.0393
0.67321 0.0791166 0.735206 125.893 -0.0443491 0.99679 -0.0666565 -10.3367 -0.73812 0.0122681 0.674558 90.6289
0.676477 0.076178 0.732513 126.541 -0.0467766 0.997072 -0.0604926 -10.3856 -0.734977 0.0066574 0.67806 91.2547
0.679922 0.0700774 0.729928 127.176 -0.0457315 0.997538 -0.053171 -10.435 -0.731857 0.00277144 0.681453 91.8596
0.684924 0.0654122 0.725673 127.841 -0.0424859 0.997853 -0.0498463 -10.4778 -0.727375 0.00331006 0.686232 92.4886
0.689071 0.0624617 0.721997 128.482 -0.037467 0.998017 -0.0505825 -10.5255 -0.723725 0.00780393 0.690045 93.1011
0.694699 0.0594529 0.71684 129.137 -0.0274852 0.998045 -0.0561391 -10.5722 -0.718776 0.0192973 0.694974 93.7203
0.699935 0.0614188 0.71156 129.772 -0.0223584 0.997692 -0.0641232 -10.6222 -0.713856 0.0289728 0.699693 94.3542
0.705223 0.0617219 0.706294 130.43 -0.0195089 0.997516 -0.0676919 -10.6792 -0.708718 0.0339588 0.704675 95.0045
0.711392 0.0572089 0.700463 131.066 -0.0156637 0.997724 -0.065579 -10.726 -0.702621 0.0356805 0.710669 95.668
0.717329 0.0508593 0.694876 131.716 -0.0112007 0.998045 -0.0614863 -10.7908 -0.696645 0.0363228 0.716496 96.3329
0.722688 0.0471976 0.689561 132.334 -0.0054972 0.998027 -0.0625495 -10.8416 -0.691152 0.0414132 0.721522 96.9936
0.727309 0.0502341 0.68447 132.984 -0.00553348 0.997715 -0.0673438 -10.9059 -0.686288 0.0451922 0.725924 97.6801
0.730783 0.0520945 0.680619 133.599 -0.00593157 0.997531 -0.0699821 -10.9562 -0.682584 0.0471046 0.729288 98.3482
0.734239 0.0489276 0.677126 134.231 -0.00352889 0.997661 -0.0682622 -11.018 -0.678882 0.0477312 0.732694 99.0409
0.737535 0.0426103 0.673963 134.863 0.00101303 0.997936 -0.0642015 -11.0799 -0.675308 0.0480336 0.73597 99.7267
0.73836 0.038613 0.673301 135.492 0.00350531 0.998126 -0.0610854 -11.1394 -0.674398 0.0474631 0.736841 100.411
0.739044 0.033545 0.672822 136.131 0.00780144 0.998266 -0.0583401 -11.1946 -0.673613 0.0483649 0.737501 101.122
0.738742 0.0324731 0.673205 136.766 0.00778132 0.998361 -0.0566963 -11.2518 -0.673943 0.0471224 0.737279 101.827
0.73901 0.032689 0.672901 137.374 0.00720601 0.998381 -0.0564144 -11.3016 -0.673656 0.0465398 0.737578 102.506
0.738186 0.035217 0.673677 138.016 0.00450438 0.998357 -0.0571255 -11.3564 -0.674582 0.0452038 0.736815 103.222
0.737575 0.03869 0.674156 138.615 0.00148375 0.998262 -0.0589138 -11.406 -0.675264 0.0444536 0.736235 103.901
0.734869 0.0428755 0.676852 139.257 -0.00311228 0.998202 -0.0598525 -11.4641 -0.678202 0.0418772 0.733682 104.618
0.733196 0.0451431 0.678517 139.881 -0.00597292 0.998183 -0.0599569 -11.5175 -0.679991 0.0399075 0.732134 105.32
0.731376 0.0471672 0.680342 140.502 -0.00938707 0.998207 -0.0591131 -11.5728 -0.68191 0.0368475 0.730507 106.004
0.728462 0.0465575 0.683503 141.115 -0.0101179 0.998311 -0.0572175 -11.6272 -0.685012 0.0347652 0.727702 106.671
0.726727 0.0451264 0.685443 141.755 -0.0105823 0.998457 -0.054514 -11.6773 -0.686845 0.0323632 0.726083 107.363
0.723763 0.0413088 0.688811 142.401 -0.00653718 0.998572 -0.0530167 -11.7293 -0.690018 0.0338686 0.723 108.043
0.721504 0.0442155 0.690997 143.055 -0.00608061 0.998325 -0.0575317 -11.7972 -0.692384 0.0373077 0.720564 108.748
0.717082 0.0566403 0.694683 143.648 -0.0146253 0.997696 -0.0662492 -11.8414 -0.696835 0.0373462 0.716259 109.371
0.714187 0.0625187 0.697158 144.301 -0.0175588 0.99729 -0.0714458 -11.9048 -0.699735 0.0387844 0.713349 110.041
0.710458 0.0606513 0.701121 144.937 -0.0164292 0.997437 -0.0696365 -11.9654 -0.703548 0.037955 0.709634 110.71
0.706681 0.0590621 0.705063 145.566 -0.0206313 0.997806 -0.0629061 -12.0261 -0.707232 0.0299081 0.706349 111.361
0.704078 0.0569077 0.707839 146.204 -0.0209609 0.998015 -0.0593873 -12.0814 -0.709813 0.0269764 0.703873 112.001
0.700453 0.0572069 0.711402 146.841 -0.0222595 0.998049 -0.0583405 -12.1366 -0.713351 0.0250294 0.70036 112.644
0.696388 0.0552144 0.715539 147.482 -0.0186691 0.998092 -0.0588482 -12.1903 -0.717423 0.0276227 0.69609 113.292
0.692952 0.0544032 0.718928 148.125 -0.0158616 0.998058 -0.0602372 -12.2465 -0.720809 0.0303381 0.692469 113.906
0.690392 0.0536934 0.72144 148.792 -0.0116 0.997935 -0.0631709 -12.3009 -0.723342 0.0352441 0.68959 114.534
0.685659 0.0545841 0.725874 149.443 -0.0107041 0.997833 -0.0649237 -12.3597 -0.727844 0.0367457 0.684757 115.157
0.68224 0.0554322 0.729024 150.086 -0.0103963 0.997756 -0.0661365 -12.4113 -0.731054 0.0375418 0.681286 115.768
0.678499 0.0567167 0.732408 150.761 -0.0123972 0.997757 -0.0657802 -12.4704 -0.734497 0.035552 0.67768 116.393
0.673233 0.0565764 0.737263 151.416 -0.0114728 0.997748 -0.0660892 -12.532 -0.739341 0.0360349 0.672366 117.003
0.668055 0.0595154 0.741728 152.076 -0.0142481 0.997637 -0.0672163 -12.585 -0.743976 0.034336 0.667324 117.603
0.662449 0.0658358 0.746209 152.761 -0.0177088 0.997229 -0.0722615 -12.6567 -0.748898 0.0346551 0.661779 118.211
0.655662 0.0727484 0.751542 153.434 -0.0216095 0.996748 -0.0776315 -12.7124 -0.754745 0.0346595 0.655102 118.801
0.649511 0.0762191 0.756522 154.099 -0.0245604 0.996547 -0.0793151 -12.7799 -0.759956 0.0329356 0.64914 119.366
0.642146 0.070352 0.763347 154.819 -0.0236701 0.997125 -0.0719857 -12.8481 -0.766217 0.0281568 0.641965 120.008
0.635475 0.0648782 0.769391 155.54 -0.026378 0.997706 -0.062344 -12.8973 -0.771671 0.0193231 0.635729 120.614
0.628603 0.0598414 0.775421 156.246 -0.025227 0.99808 -0.0565741 -12.9627 -0.777317 0.0160012 0.628905 121.193
0.62144 0.0615806 0.781038 156.977 -0.0310668 0.998059 -0.053973 -13.0048 -0.782846 0.00927659 0.622147 121.787
0.613371 0.063529 0.787236 157.689 -0.0314252 0.997934 -0.0560472 -13.0613 -0.78917 0.00963863 0.6141 122.346
0.607491 0.0620722 0.791897 158.45 -0.0219822 0.997874 -0.0613542 -13.1083 -0.794022 0.0198645 0.607564 122.938
0.599665 0.071309 0.797068 159.196 -0.0254944 0.997219 -0.0700349 -13.1783 -0.799845 0.0216767 0.599815 123.499
0.593278 0.0728074 0.801698 159.917 -0.0217792 0.996989 -0.0744258 -13.2407 -0.804703 0.0266949 0.593077 124.027
0.586385 0.0684041 0.807139 160.701 -0.0175353 0.997267 -0.0717777 -13.2993 -0.809843 0.0279359 0.585981 124.596
0.579092 0.0625123 0.812862 161.463 -0.0121339 0.997607 -0.0680755 -13.3657 -0.815172 0.0295588 0.578464 125.147
0.572062 0.0615601 0.817897 162.209 -0.0121617 0.997707 -0.0665874 -13.4303 -0.820121 0.0281451 0.571498 125.684
0.56539 0.0628829 0.822423 162.962 -0.0130825 0.997648 -0.0672869 -13.49 -0.82472 0.027284 0.564883 126.197
0.558959 0.0612191 0.826933 163.705 -0.0101954 0.997703 -0.0669699 -13.5522 -0.829133 0.0290025 0.558299 126.697
0.554223 0.054717 0.830568 164.483 -0.00331607 0.997974 -0.0635328 -13.6149 -0.832362 0.0324571 0.553281 127.215
0.548553 0.0519352 0.834502 165.218 -0.00252673 0.998168 -0.06046 -13.6758 -0.836112 0.0310569 0.547679 127.721
0.544775 0.0512718 0.837013 165.94 -0.00383995 0.998271 -0.0586505 -13.7249 -0.838573 0.0287373 0.54403 128.198
0.539412 0.0528692 0.840381 166.695 -0.0046425 0.998199 -0.0598178 -13.7869 -0.84203 0.028365 0.538685 128.687
0.535848 0.0556196 0.842481 167.417 -0.00340643 0.997962 -0.0637177 -13.8435 -0.844308 0.0312732 0.534945 129.152
0.53299 0.0613529 0.843894 168.135 -0.00415067 0.997545 -0.0699022 -13.9023 -0.846112 0.0337544 0.531936 129.611
