1 9.31323e-10 -3.63798e-12 0 -9.31323e-10 1 -4.65661e-10 7.45058e-09 -1.81899e-11 -9.31323e-10 1 0
0.999033 -0.00038452 0.0439726 0.0455203 0.000500516 0.999996 -0.00262695 -0.0366471 -0.0439715 0.00264641 0.999029 1.01285
0.996148 -0.00453617 0.0875692 0.133138 0.00522969 0.999957 -0.00769189 -0.0719211 -0.0875305 0.00812022 0.996129 2.05359
0.99096 -0.00435076 0.13409 0.263111 0.005846 0.999925 -0.0107593 -0.108284 -0.134033 0.0114459 0.990911 2.99835
0.983476 -0.00322312 0.181013 0.426046 0.00579064 0.99989 -0.0136575 -0.132859 -0.180949 0.01448 0.983386 3.99311
0.97403 -0.00538382 0.226356 0.653102 0.00875468 0.999865 -0.0138906 -0.172484 -0.226251 0.0155115 0.973946 4.94505
0.962173 -0.00664295 0.272358 0.918881 0.0111042 0.999828 -0.0148421 -0.207249 -0.272213 0.017305 0.962081 5.90016
0.948206 -0.00971794 0.317507 1.22446 0.0160746 0.999719 -0.0174069 -0.244248 -0.317249 0.0216091 0.948096 6.86345
0.933251 -0.0111726 0.359051 1.59115 0.0190849 0.999647 -0.0184998 -0.298092 -0.358717 0.0241174 0.933135 7.78127
0.915756 -0.011687 0.401566 1.97002 0.0211329 0.999594 -0.019101 -0.321655 -0.40118 0.0259781 0.915631 8.65913
0.896417 -0.0124775 0.443036 2.45512 0.0228208 0.999577 -0.0180227 -0.366701 -0.442624 0.0262663 0.896323 9.60424
0.874427 -0.012421 0.484997 2.91677 0.0233654 0.99959 -0.0165268 -0.409685 -0.484593 0.0257836 0.87436 10.4636
0.849622 -0.0128731 0.527236 3.44074 0.0247704 0.999573 -0.0155107 -0.441921 -0.526811 0.0262381 0.849577 11.2891
0.824523 -0.0133927 0.56567 3.98117 0.0266527 0.999529 -0.0151843 -0.478576 -0.565201 0.0275965 0.824492 12.0925
0.797025 -0.0152242 0.603754 4.59633 0.0299314 0.99945 -0.0143109 -0.520963 -0.603204 0.0294774 0.797042 12.8516
0.765707 -0.0150739 0.643013 5.23005 0.0320645 0.999377 -0.0147548 -0.547848 -0.64239 0.0319157 0.765713 13.6427
0.737425 -0.0179528 0.67519 5.86034 0.0364127 0.99925 -0.0131997 -0.587358 -0.674446 0.0343193 0.737526 14.305
0.705342 -0.0173396 0.708656 6.52609 0.0369241 0.999242 -0.0123017 -0.619869 -0.707905 0.0348434 0.705448 14.9742
0.668237 -0.0165796 0.743764 7.28045 0.0393264 0.999141 -0.0130606 -0.645506 -0.742908 0.0379771 0.668315 15.6724
0.634371 -0.0174247 0.772833 7.97625 0.0430457 0.998991 -0.0128098 -0.683529 -0.771829 0.0413933 0.634481 16.2354
0.596811 -0.016248 0.802218 8.76733 0.0443894 0.998932 -0.0127913 -0.714184 -0.801153 0.0432439 0.596895 16.8434
0.56029 -0.0151506 0.828158 9.53754 0.0472967 0.998787 -0.0137265 -0.748927 -0.826945 0.04686 0.560327 17.3505
0.521298 -0.0138751 0.853262 10.3411 0.0514139 0.998562 -0.0151733 -0.779559 -0.851825 0.0517793 0.521262 17.8364
0.480768 -0.0125842 0.876758 11.2288 0.0543905 0.9984 -0.0154948 -0.80638 -0.875159 0.0551367 0.480683 18.335
0.443325 -0.0146161 0.896242 12.0808 0.0594193 0.998147 -0.0131136 -0.833173 -0.89439 0.0590677 0.443372 18.7344
0.406905 -0.0151582 0.913345 12.9541 0.0635938 0.997907 -0.0117701 -0.867853 -0.911254 0.0628724 0.407017 19.1122
0.369966 -0.0134897 0.928948 13.8799 0.0647398 0.997838 -0.0112934 -0.893384 -0.926787 0.0643181 0.370039 19.4685
0.337409 -0.0135716 0.94126 14.7726 0.0654973 0.997811 -0.00909152 -0.91193 -0.939077 0.0647176 0.33756 19.7657
0.302257 -0.0151646 0.953106 15.7526 0.0685761 0.997629 -0.00587445 -0.934357 -0.950757 0.0671359 0.30258 20.0856
0.270317 -0.0151718 0.962652 16.6971 0.0691472 0.9976 -0.00369427 -0.955978 -0.960285 0.0675634 0.270717 20.335
0.237464 -0.0125524 0.971315 17.6682 0.0664994 0.997781 -0.0033631 -0.978297 -0.969118 0.0653905 0.237772 20.5974
0.205365 -0.010757 0.978626 18.6379 0.0666747 0.99777 -0.00302424 -0.988473 -0.976412 0.0658707 0.205624 20.8163
0.176332 -0.0105452 0.984274 19.6634 0.0684927 0.99765 -0.00158191 -1.00372 -0.981945 0.0676945 0.17664 20.9659
0.144783 -0.0109995 0.989403 20.6631 0.0699807 0.997548 0.000849508 -1.01792 -0.986986 0.0691161 0.145197 21.0986
0.113678 -0.0114519 0.993452 21.7226 0.0694545 0.997579 0.00355202 -1.0364 -0.991087 0.0685959 0.114198 21.2732
0.0846924 -0.0114491 0.996342 22.7877 0.0698645 0.997541 0.00552416 -1.03857 -0.993955 0.0691411 0.0852841 21.33
0.0558124 -0.0113768 0.998377 23.8585 0.0724847 0.997343 0.00731284 -1.04472 -0.995807 0.0719589 0.0564888 21.3837
0.0320061 -0.0110873 0.999426 24.9227 0.0765208 0.997031 0.00861017 -1.05015 -0.996554 0.0762013 0.0327595 21.4119
0.00931557 -0.0102886 0.999904 25.9981 0.0810935 0.996661 0.00949969 -1.04888 -0.996663 0.0809972 0.0101188 21.3859
-0.0122626 -0.0107429 0.999867 27.1367 0.086257 0.996204 0.0117614 -1.05874 -0.996198 0.0863897 -0.0112894 21.4001
-0.0295355 -0.0109148 0.999504 28.2485 0.0908365 0.995774 0.0135583 -1.05394 -0.995428 0.091192 -0.0284192 21.3417
-0.0453059 -0.0111109 0.998912 29.4048 0.093825 0.995471 0.0153281 -1.05032 -0.994557 0.0944173 -0.0440582 21.2674
-0.0604385 -0.0115417 0.998105 30.5422 0.0962053 0.995211 0.0173337 -1.05346 -0.993525 0.0970707 -0.0590386 21.2207
-0.0725987 -0.012514 0.997283 31.6838 0.0966884 0.995123 0.0195255 -1.04656 -0.992664 0.0978432 -0.0710347 21.1376
-0.0841373 -0.0121081 0.996381 32.8306 0.0965097 0.995126 0.0202424 -1.04049 -0.991769 0.0978635 -0.0825587 21.0207
-0.0965598 -0.00963332 0.995281 34.0123 0.0967174 0.99513 0.0190152 -1.03479 -0.990617 0.098097 -0.0951579 20.9354
-0.106359 -0.00618821 0.994309 35.1929 0.0970526 0.995141 0.0165748 -1.02788 -0.98958 0.0982631 -0.105241 20.7973
-0.116563 -0.00389726 0.993176 36.4299 0.0978332 0.995084 0.0153868 -1.02028 -0.988353 0.0989591 -0.115609 20.6652
-0.124506 -0.00262158 0.992215 37.5876 0.0975332 0.995121 0.014868 -1.01006 -0.987413 0.0986251 -0.123643 20.4948
-0.128649 -0.00151706 0.991689 38.8772 0.0977279 0.995112 0.0142002 -1.00074 -0.986863 0.0987426 -0.127872 20.332
-0.134722 -0.000272078 0.990884 40.1332 0.0982498 0.995068 0.0136314 -0.995981 -0.986 0.0991906 -0.134031 20.1714
-0.139243 0.00117568 0.990258 41.444 0.0977258 0.995134 0.0125601 -0.987556 -0.985424 0.0985226 -0.138681 19.9854
-0.143167 0.00174866 0.989697 42.7339 0.0978767 0.995121 0.0124003 -0.984386 -0.984847 0.0986436 -0.14264 19.8021
-0.146664 0.00129825 0.989186 44.0486 0.0978255 0.995116 0.0131983 -0.978781 -0.984337 0.0987033 -0.146075 19.6019
-0.148759 -0.000852697 0.988873 45.4162 0.0984714 0.995017 0.0156713 -0.970193 -0.983958 0.099707 -0.147934 19.4028
-0.151011 -0.00110246 0.988532 46.781 0.0991767 0.994937 0.0162602 -0.964648 -0.983544 0.100495 -0.150137 19.2194
-0.153722 -0.0016237 0.988113 48.194 0.100043 0.994835 0.0171985 -0.950542 -0.983037 0.101498 -0.152765 18.9603
-0.153386 -0.000779716 0.988166 49.5733 0.10141 0.994707 0.0165261 -0.935689 -0.982949 0.102745 -0.152495 18.7645
-0.154719 -0.000278692 0.987959 51.0322 0.10191 0.994661 0.0162403 -0.925687 -0.982688 0.103196 -0.153865 18.5093
-0.155821 0.000572388 0.987785 52.4824 0.102764 0.994583 0.0156345 -0.907721 -0.982425 0.103945 -0.155036 18.2763
-0.155238 0.00137303 0.987876 53.9698 0.10188 0.994689 0.0146273 -0.906064 -0.98261 0.102916 -0.154553 18.061
-0.155379 0.00110726 0.987854 55.4662 0.101935 0.994679 0.0149184 -0.894339 -0.982582 0.103015 -0.154665 17.813
-0.153788 0.000802544 0.988104 56.9632 0.102752 0.994591 0.0151844 -0.887634 -0.982747 0.103865 -0.153038 17.5986
-0.153439 0.00085647 0.988158 58.535 0.10275 0.994593 0.0150928 -0.87959 -0.982802 0.103849 -0.152697 17.3446
-0.15252 0.00174186 0.988299 60.0591 0.102791 0.994603 0.0141103 -0.868623 -0.98294 0.10374 -0.151876 17.1098
-0.152153 0.00221656 0.988355 61.637 0.103736 0.99451 0.0137394 -0.86293 -0.982898 0.104618 -0.151548 16.8735
-0.150636 0.00220563 0.988587 63.2685 0.103418 0.994546 0.0135393 -0.850973 -0.983165 0.104277 -0.150042 16.6104
-0.149815 0.000665384 0.988714 64.8665 0.104883 0.994368 0.0152232 -0.847032 -0.983135 0.10598 -0.149041 16.377
-0.148918 -0.000859161 0.988849 66.5006 0.107743 0.994032 0.0170895 -0.837407 -0.982962 0.109087 -0.147937 16.1442
-0.149446 -6.65169e-05 0.98877 68.1282 0.109514 0.993846 0.0166192 -0.830993 -0.982686 0.110768 -0.148519 15.9027
-0.14931 0.00079394 0.98879 69.8263 0.109105 0.993907 0.0156771 -0.83026 -0.982753 0.110223 -0.148487 15.637
-0.147978 0.00103138 0.98899 71.4124 0.110736 0.993729 0.0155326 -0.823191 -0.982772 0.111816 -0.147164 15.4234
-0.148358 0.00160217 0.988933 73.1552 0.111823 0.993612 0.0151657 -0.815436 -0.982591 0.112835 -0.147589 15.1528
-0.147443 0.00025335 0.989071 74.8468 0.111618 0.993616 0.0163846 -0.807842 -0.982752 0.112814 -0.14653 14.9057
-0.146619 7.59074e-06 0.989193 76.5721 0.112512 0.993511 0.0166691 -0.802024 -0.982774 0.11374 -0.145668 14.626
-0.147546 -0.000101242 0.989055 78.29 0.113537 0.993388 0.0170389 -0.7866 -0.982517 0.114808 -0.146558 14.3573
-0.146525 0.000776254 0.989207 80.0547 0.113904 0.993361 0.0160924 -0.781931 -0.982627 0.115033 -0.145641 14.0982
-0.148454 0.00171241 0.988918 81.8297 0.113783 0.993387 0.0153607 -0.778608 -0.982352 0.114802 -0.147667 13.8628
-0.150102 0.00269633 0.988667 83.6206 0.113912 0.993384 0.0145852 -0.767175 -0.982086 0.114811 -0.149416 13.5589
-0.149216 0.00259903 0.988801 85.3993 0.112663 0.993529 0.0143901 -0.767721 -0.982365 0.113548 -0.148544 13.3067
-0.150781 0.00264505 0.988564 87.2265 0.11261 0.993533 0.0145176 -0.761266 -0.982132 0.113512 -0.150104 13.0297
-0.153013 0.00136297 0.988223 89.0376 0.111542 0.993633 0.0159003 -0.759794 -0.981909 0.112661 -0.152191 12.7488
-0.153742 0.00101786 0.988111 90.8827 0.110254 0.993773 0.0161309 -0.749452 -0.981941 0.111423 -0.152896 12.4834
-0.155685 0.00138596 0.987806 92.7622 0.109172 0.993897 0.0158118 -0.741764 -0.981755 0.110302 -0.154887 12.1932
-0.1587 0.00224664 0.987324 94.6172 0.108021 0.994034 0.0151012 -0.735686 -0.9814 0.109049 -0.157996 11.9222
-0.163779 0.0029664 0.986493 96.5178 0.108977 0.99393 0.0151038 -0.727879 -0.980459 0.109979 -0.163108 11.5962
-0.16722 0.00238584 0.985917 98.4107 0.106866 0.994149 0.0157197 -0.72265 -0.980111 0.10799 -0.166497 11.2854
-0.171563 0.00191472 0.985171 100.297 0.106006 0.994228 0.0165281 -0.714808 -0.979453 0.107269 -0.170776 10.9708
-0.177874 0.00211229 0.984051 102.211 0.104268 0.994409 0.0167125 -0.707822 -0.978514 0.105577 -0.1771 10.6292
-0.181032 0.00394252 0.983469 104.14 0.105109 0.994342 0.0153618 -0.708623 -0.977844 0.106152 -0.180422 10.2827
-0.185964 0.00565207 0.98254 106.082 0.104861 0.994387 0.0141267 -0.704491 -0.976945 0.105657 -0.185513 9.89611
-0.192354 0.00612076 0.981307 107.975 0.103218 0.99456 0.0140292 -0.704941 -0.975882 0.103987 -0.191939 9.54099
-0.196466 0.00625202 0.980491 109.964 0.102023 0.994682 0.0141005 -0.704674 -0.975188 0.102803 -0.196059 9.14241
-0.203676 0.00489111 0.979026 111.886 0.0995369 0.994909 0.0157372 -0.699038 -0.973965 0.100655 -0.203126 8.77903
-0.206849 0.0042827 0.978364 113.852 0.0989708 0.994952 0.0165694 -0.695704 -0.973354 0.100257 -0.206229 8.35912
-0.213822 0.00445514 0.976863 115.831 0.09951 0.994887 0.0172441 -0.690598 -0.971791 0.100895 -0.213172 7.93835
-0.218734 0.00567344 0.975768 117.778 0.0995882 0.994891 0.0165397 -0.687408 -0.970689 0.100793 -0.218182 7.50142
-0.224549 0.00642538 0.974442 119.774 0.0991684 0.994937 0.0162917 -0.67776 -0.969404 0.100292 -0.224049 7.03365
-0.229716 0.00626424 0.973238 121.754 0.0997465 0.994865 0.01714 -0.673001 -0.968133 0.101014 -0.229161 6.55272
-0.235479 0.00667127 0.971857 123.739 0.0991038 0.994929 0.017183 -0.670903 -0.966814 0.100361 -0.234946 6.10592
-0.240653 0.00716291 0.970585 125.759 0.0985275 0.994988 0.0170865 -0.663166 -0.965598 0.0997412 -0.240152 5.60845
-0.245823 0.00735929 0.969287 127.747 0.0975614 0.995081 0.0171876 -0.657399 -0.964392 0.0987901 -0.245332 5.10549
-0.248967 0.00685717 0.968488 129.759 0.0984157 0.994978 0.0182547 -0.649554 -0.963499 0.0998593 -0.248391 4.58631
-0.253005 0.0068426 0.967441 131.762 0.101116 0.994685 0.0194085 -0.639771 -0.962166 0.102734 -0.252352 4.05822
-0.257936 0.00712401 0.966136 133.83 0.101626 0.994626 0.0197977 -0.634272 -0.960803 0.103291 -0.257273 3.51876
-0.260996 0.00750262 0.965311 135.818 0.102483 0.994534 0.0199792 -0.621021 -0.959885 0.104143 -0.260338 2.98179
-0.263774 0.00772095 0.964554 137.863 0.101771 0.994609 0.0198694 -0.605525 -0.959201 0.103404 -0.263137 2.42982
-0.269943 0.00813983 0.962842 139.948 0.100794 0.994709 0.0198493 -0.599332 -0.957586 0.102407 -0.269335 1.87552
-0.275264 0.00807212 0.961335 141.946 0.0991131 0.994875 0.0200258 -0.585095 -0.956246 0.100793 -0.274653 1.32171
-0.277023 0.0083014 0.960827 144.041 0.0984841 0.994942 0.0197986 -0.568338 -0.955803 0.100111 -0.27644 0.721245
-0.283008 0.00857925 0.959079 146.068 0.0985217 0.99493 0.0201721 -0.560216 -0.954044 0.100199 -0.282418 0.136813
-0.287515 0.00886102 0.957735 148.166 0.0978106 0.995001 0.0201573 -0.543198 -0.952769 0.0994721 -0.286945 -0.486941
-0.29319 0.00882394 0.956014 150.289 0.097361 0.995034 0.0206746 -0.534619 -0.951084 0.09914 -0.292594 -1.12557
-0.297154 0.00888712 0.954788 152.307 0.0980499 0.994955 0.0212546 -0.524496 -0.949782 0.0999327 -0.296526 -1.72126
-0.302273 0.00857876 0.953183 154.377 0.0978132 0.99496 0.0220637 -0.504334 -0.94819 0.0999031 -0.301588 -2.39944
-0.305898 0.00898856 0.952022 156.552 0.0987826 0.994858 0.0223472 -0.49465 -0.946926 0.100879 -0.305213 -3.06762
-0.310813 0.00988647 0.95042 158.573 0.0985629 0.99489 0.0218836 -0.472288 -0.945347 0.100478 -0.310199 -3.7473
-0.314446 0.0115619 0.949205 160.665 0.0990091 0.994872 0.0206808 -0.463614 -0.944098 0.100483 -0.313978 -4.41179
-0.320184 0.0125959 0.947272 162.77 0.099599 0.994818 0.020437 -0.445504 -0.942105 0.100891 -0.319779 -5.14996
-0.321454 0.0128719 0.946838 164.851 0.0986284 0.994924 0.019959 -0.43592 -0.941775 0.099801 -0.321092 -5.81079
-0.327678 0.0130479 0.944699 166.981 0.0988183 0.994894 0.0205349 -0.413391 -0.939607 0.100082 -0.327294 -6.58314
-0.3295 0.0136204 0.944058 169.11 0.0995551 0.994823 0.0203944 -0.407602 -0.938892 0.100706 -0.32915 -7.27599
-0.33367 0.0135388 0.942593 171.225 0.100552 0.994704 0.0213073 -0.391535 -0.937312 0.101889 -0.333264 -8.04492
-0.336864 0.0139061 0.941451 173.383 0.102683 0.99447 0.0220521 -0.380093 -0.935937 0.104099 -0.336429 -8.78706
-0.339612 0.0138153 0.940464 175.522 0.103721 0.994344 0.0228481 -0.357601 -0.934829 0.105306 -0.339124 -9.55811
-0.344185 0.0132604 0.938808 177.694 0.103302 0.994365 0.0238273 -0.340138 -0.933202 0.105182 -0.343616 -10.3552
-0.346749 0.0135215 0.937861 179.81 0.102193 0.994488 0.0234451 -0.318159 -0.932374 0.103972 -0.346219 -11.122
-0.350138 0.0151034 0.936576 181.954 0.100904 0.99466 0.0216829 -0.297621 -0.931247 0.102096 -0.349792 -11.9242
-0.351329 0.0159502 0.936117 184.227 0.100069 0.994767 0.0206068 -0.285767 -0.930889 0.100916 -0.351086 -12.7623
-0.355711 0.0170494 0.934441 186.379 0.098869 0.99491 0.0194834 -0.263763 -0.929352 0.0993177 -0.355586 -13.5716
-0.359081 0.0178664 0.933135 188.449 0.0974591 0.995068 0.0184512 -0.252691 -0.928204 0.097568 -0.359051 -14.3987
-0.363818 0.0187823 0.931281 190.686 0.0984876 0.994968 0.0184089 -0.248511 -0.926249 0.0984171 -0.363838 -15.2242
-0.367345 0.0179043 0.929913 192.77 0.0978824 0.995007 0.019509 -0.22925 -0.92492 0.0981886 -0.367263 -16.0879
-0.370419 0.0169362 0.928711 195.019 0.0978813 0.994979 0.0208955 -0.21615 -0.923693 0.0986435 -0.370217 -16.9471
-0.377545 0.0167856 0.925839 197.158 0.0980384 0.994941 0.0219403 -0.210323 -0.920787 0.0990513 -0.377281 -17.8039
-0.378485 0.017191 0.925448 199.353 0.096796 0.995081 0.0211026 -0.189723 -0.920532 0.0975667 -0.378287 -18.6966
-0.381939 0.0171167 0.924029 201.523 0.095866 0.995169 0.0211908 -0.165763 -0.919202 0.0966766 -0.381734 -19.6295
-0.385769 0.0179047 0.922422 203.711 0.0963038 0.995131 0.0209596 -0.160505 -0.917555 0.0969182 -0.385616 -20.5114
-0.389287 0.0179808 0.920941 205.902 0.0968261 0.995069 0.0215008 -0.153267 -0.916013 0.0975412 -0.389108 -21.4194
-0.391594 0.0178954 0.919964 208.155 0.0979313 0.994943 0.0223318 -0.137964 -0.914912 0.0988382 -0.391367 -22.3644
-0.394354 0.0181671 0.918779 210.285 0.099489 0.994772 0.0230325 -0.123154 -0.913557 0.100491 -0.3941 -23.2772
-0.397615 0.0183892 0.917368 212.479 0.100656 0.994639 0.0236894 -0.101678 -0.912014 0.101758 -0.397335 -24.2227
-0.400391 0.01883 0.916151 214.68 0.100359 0.994676 0.0234165 -0.0871527 -0.910832 0.10132 -0.400149 -25.1943
-0.403369 0.0193174 0.914833 216.87 0.100138 0.994704 0.023149 -0.0673348 -0.909541 0.100947 -0.403167 -26.1425
-0.406599 0.0204682 0.913378 219.079 0.0999066 0.99475 0.0221827 -0.0547494 -0.908128 0.100272 -0.406509 -27.1116
-0.410512 0.0212051 0.911609 221.217 0.0989596 0.994861 0.0214215 -0.0447679 -0.906469 0.0990062 -0.410501 -28.1144
-0.412452 0.0215077 0.910726 223.433 0.097628 0.995007 0.020716 -0.0292859 -0.905733 0.0974567 -0.412493 -29.0775
-0.414745 0.0221357 0.909669 225.627 0.0978716 0.99499 0.0204106 -0.0215643 -0.904659 0.0974959 -0.414833 -30.1158
-0.418259 0.0220348 0.908061 227.843 0.0996842 0.994781 0.0217762 -0.020716 -0.902841 0.0996274 -0.418273 -31.1079
-0.420935 0.0211162 0.906845 229.959 0.100076 0.994707 0.0232907 -0.000404809 -0.901553 0.100557 -0.420821 -32.0971
-0.424046 0.0209736 0.905398 232.223 0.0994357 0.994766 0.0235272 0.0153942 -0.900165 0.100006 -0.423912 -33.1431
-0.427653 0.02033 0.903715 234.294 0.0975108 0.994951 0.0237613 0.0358105 -0.898668 0.0982835 -0.427476 -34.1585
-0.430389 0.0200419 0.902421 236.505 0.0965203 0.995043 0.0239342 0.0469959 -0.897468 0.097403 -0.430191 -35.171
-0.434863 0.0190886 0.900294 238.727 0.0951782 0.995149 0.0248735 0.0722389 -0.895453 0.096505 -0.43457 -36.2382
-0.43832 0.0191852 0.898614 240.818 0.0946535 0.995198 0.0249222 0.0856856 -0.893821 0.0959808 -0.438032 -37.2603
-0.440751 0.0187852 0.897433 243.025 0.0938424 0.995267 0.0252551 0.108954 -0.892711 0.0953485 -0.440427 -38.3586
-0.446008 0.0180715 0.894847 245.225 0.092701 0.995352 0.0261027 0.12611 -0.890215 0.0945952 -0.44561 -39.4503
-0.448753 0.0181145 0.893473 247.345 0.0920885 0.99541 0.0260708 0.149543 -0.888899 0.0939779 -0.448361 -40.4698
-0.453494 0.0183921 0.89107 249.491 0.0920767 0.995404 0.0263152 0.169497 -0.88649 0.0939805 -0.453103 -41.5511
-0.457484 0.0184277 0.889027 251.68 0.0923938 0.995359 0.0269132 0.18353 -0.884405 0.0944529 -0.457063 -42.6569
-0.460055 0.0187668 0.887692 253.809 0.0922342 0.995378 0.0267579 0.210373 -0.883087 0.0941857 -0.459659 -43.7788
-0.464787 0.0184814 0.88523 255.984 0.0908734 0.995498 0.0269294 0.233002 -0.880747 0.0929603 -0.464374 -44.9028
-0.468522 0.0187401 0.883253 258.03 0.0908382 0.995498 0.0270635 0.262759 -0.87877 0.0929129 -0.468115 -45.9906
-0.4704 0.0195163 0.882238 260.205 0.0918413 0.995409 0.026949 0.294185 -0.877661 0.0937027 -0.470032 -47.1334
-0.477039 0.0208332 0.878635 262.363 0.0932558 0.995275 0.0270327 0.316613 -0.873921 0.0948335 -0.476728 -48.2743
-0.4772 0.0224261 0.878509 264.507 0.0949061 0.995143 0.0261488 0.339511 -0.873655 0.095854 -0.47701 -49.4801
-0.47986 0.0235237 0.87703 266.657 0.0963232 0.99501 0.0260144 0.368533 -0.872041 0.0969616 -0.479732 -50.6182
-0.484569 0.0256175 0.874378 268.798 0.0982994 0.994834 0.0253297 0.39481 -0.869212 0.0982248 -0.484585 -51.8266
-0.487107 0.0275283 0.872908 270.936 0.100001 0.994687 0.0244348 0.418294 -0.867598 0.0991943 -0.487272 -53.0051
-0.491843 0.0286814 0.870212 273.043 0.100922 0.994599 0.0242599 0.44734 -0.864815 0.0997556 -0.492081 -54.1922
-0.493709 0.0289557 0.869145 275.165 0.101041 0.994586 0.0242603 0.474627 -0.863737 0.0997965 -0.493962 -55.3888
-0.497873 0.0293222 0.866754 277.319 0.100295 0.994669 0.0239612 0.510954 -0.861431 0.0988609 -0.49816 -56.6282
-0.502047 0.0300793 0.864317 279.497 0.100569 0.994645 0.0238019 0.541894 -0.858973 0.0988736 -0.502384 -57.9049
-0.503785 0.0303891 0.863294 281.654 0.099899 0.994725 0.0232816 0.572268 -0.858033 0.0979712 -0.504164 -59.1486
-0.508594 0.0305422 0.860465 283.796 0.0987081 0.99485 0.023031 0.600046 -0.85533 0.0966483 -0.508989 -60.385
-0.511101 0.0305077 0.858979 285.997 0.0998225 0.994714 0.0240669 0.628159 -0.853704 0.098046 -0.511445 -61.6656
-0.513902 0.0304489 0.857309 288.108 0.101073 0.994558 0.0252634 0.657995 -0.851874 0.0996339 -0.514183 -62.968
-0.515696 0.03019 0.85624 290.259 0.101791 0.99446 0.0262431 0.693249 -0.850703 0.100691 -0.515912 -64.2796
-0.518372 0.0297134 0.854639 292.524 0.101782 0.994436 0.0271612 0.729382 -0.849076 0.101067 -0.518512 -65.6041
-0.519748 0.0293159 0.853817 294.662 0.101291 0.994476 0.0275142 0.774622 -0.848294 0.100785 -0.519846 -66.9216
-0.523956 0.0290002 0.851251 296.898 0.101887 0.994378 0.0288366 0.811987 -0.845629 0.101841 -0.523965 -68.2608
-0.524255 0.0285076 0.851084 299.067 0.102137 0.99433 0.0296094 0.856404 -0.845414 0.10245 -0.524194 -69.6049
-0.525796 0.0297825 0.850089 301.313 0.102163 0.994364 0.0283525 0.897976 -0.844453 0.101755 -0.525875 -70.9795
-0.531111 0.030792 0.846743 303.532 0.100784 0.994541 0.0270488 0.933666 -0.841287 0.0997038 -0.531314 -72.3364
-0.531614 0.0303244 0.846444 305.75 0.0991188 0.99472 0.0266156 0.975311 -0.841167 0.0980477 -0.531813 -73.7163
-0.537198 0.0282819 0.842982 307.988 0.0969078 0.994889 0.028377 1.02064 -0.837871 0.0969356 -0.537193 -75.1394
-0.541675 0.0259615 0.840187 310.263 0.0942708 0.995094 0.0300291 1.06126 -0.835285 0.0954711 -0.541465 -76.513
-0.546424 0.0248741 0.837139 312.457 0.093376 0.995136 0.0313803 1.11168 -0.832287 0.0953157 -0.546089 -77.9691
-0.550914 0.024379 0.834206 314.674 0.0932247 0.995115 0.0324847 1.16289 -0.829339 0.0956648 -0.550496 -79.3852
-0.555305 0.0259258 0.831243 316.974 0.0953432 0.994909 0.0326629 1.21232 -0.826163 0.0973912 -0.55495 -80.8902
-0.558919 0.0266308 0.828795 319.154 0.0961703 0.994821 0.0328893 1.26715 -0.823627 0.0980879 -0.558585 -82.3617
-0.563987 0.0265116 0.825358 321.401 0.0967299 0.994725 0.034146 1.31325 -0.820099 0.0990947 -0.563577 -83.841
-0.567469 0.0257091 0.822994 323.607 0.0970603 0.994633 0.0358539 1.3741 -0.817654 0.100226 -0.566918 -85.3877
-0.571633 0.0238045 0.820164 325.792 0.0955667 0.994707 0.0377371 1.42906 -0.814925 0.0999522 -0.570882 -86.8517
-0.576046 0.0228497 0.817098 328.059 0.0940473 0.994824 0.0384826 1.49343 -0.811989 0.0990136 -0.575213 -88.4884
-0.580224 0.022339 0.814151 330.207 0.0936011 0.994829 0.0394106 1.55116 -0.809061 0.0990724 -0.579315 -89.9704
-0.584062 0.0228311 0.811388 332.415 0.094836 0.994678 0.0402773 1.61179 -0.80615 0.100473 -0.583119 -91.5405
-0.588204 0.0220321 0.808412 334.674 0.0948965 0.994603 0.0419406 1.6726 -0.803126 0.101385 -0.587121 -93.1626
-0.591126 0.0201315 0.806328 336.798 0.0926222 0.99477 0.0430658 1.74501 -0.801244 0.100141 -0.589899 -94.7158
-0.595338 0.019941 0.803228 339.004 0.092708 0.99472 0.0440184 1.81923 -0.798109 0.100671 -0.594043 -96.3312
-0.598751 0.0187703 0.800715 341.236 0.0923625 0.994674 0.045749 1.89399 -0.795592 0.101348 -0.597296 -97.9707
-0.600936 0.0170749 0.799115 343.415 0.0898312 0.99488 0.0462954 1.97189 -0.794233 0.099606 -0.599394 -99.5802
-0.605124 0.0164103 0.795962 345.583 0.086042 0.99528 0.0448932 2.05394 -0.791468 0.0956521 -0.60368 -101.217
-0.607701 0.0151506 0.794022 347.758 0.0820394 0.995667 0.0437903 2.12809 -0.789917 0.0917525 -0.60631 -102.848
-0.611501 0.0121785 0.79115 349.896 0.0793402 0.995786 0.0459955 2.20745 -0.787256 0.0908963 -0.60989 -104.496
-0.613746 0.0121798 0.78941 352.149 0.0810399 0.995571 0.0476457 2.29568 -0.785333 0.0932161 -0.612015 -106.21
-0.617592 0.0118571 0.78641 354.183 0.0796353 0.99569 0.0475276 2.37127 -0.782457 0.0919786 -0.615874 -107.805
-0.621561 0.0101052 0.783301 356.347 0.0770268 0.99586 0.0482745 2.45624 -0.77957 0.0903407 -0.619765 -109.499
-0.623943 0.00838417 0.781425 358.614 0.0765423 0.99579 0.0504324 2.54914 -0.777713 0.0912791 -0.621958 -111.206
-0.627636 0.00523867 0.778489 360.681 0.0736446 0.995893 0.0526724 2.63603 -0.775016 0.0903906 -0.625444 -112.848
-0.63145 0.00399566 0.775407 362.852 0.0714541 0.996032 0.0530559 2.73724 -0.772117 0.0889081 -0.62923 -114.586
-0.633598 0.00329604 0.773655 365.017 0.0704197 0.996086 0.0534278 2.83135 -0.770451 0.0883324 -0.63135 -116.331
-0.636047 0.00310666 0.771644 367.244 0.0706792 0.996023 0.0542491 2.93475 -0.768406 0.0890441 -0.633737 -118.129
-0.638179 0.00238327 0.769885 369.748 0.0703022 0.995998 0.0551922 3.04476 -0.766672 0.0893471 -0.635792 -120.182
-0.640542 0.000646238 0.767923 371.823 0.0678086 0.996141 0.0557224 3.14567 -0.764924 0.0877643 -0.638114 -121.876
-0.642866 -0.00249055 0.765975 373.65 0.0584369 0.996921 0.0522863 3.22082 -0.763747 0.0783743 -0.640741 -123.387
-0.646345 -0.00132651 0.763044 375.779 0.0489057 0.99787 0.0431609 3.32955 -0.761476 0.065214 -0.644904 -125.134
-0.647846 0.00742244 0.761735 377.893 0.0576346 0.997564 0.0392971 3.38147 -0.759588 0.0693608 -0.646695 -126.954
-0.649826 0.0114106 0.759998 380.011 0.0675764 0.996795 0.0428145 3.44057 -0.757074 0.0791799 -0.648514 -128.737
-0.651829 0.00269463 0.758362 382.207 0.0672212 0.996263 0.0542382 3.5419 -0.755381 0.086332 -0.649574 -130.638
-0.652188 -0.00763024 0.758019 384.189 0.061113 0.996165 0.0626082 3.64766 -0.75559 0.0871571 -0.649221 -132.304
-0.658106 -0.0150029 0.752776 386.438 0.0542432 0.996259 0.067277 3.79214 -0.750969 0.0851084 -0.65483 -134.196
-0.659 -0.0156102 0.751981 388.368 0.0527146 0.996368 0.0668798 3.91484 -0.750294 0.0837142 -0.655783 -135.854
-0.66342 -0.0111916 0.748163 390.473 0.0574513 0.996175 0.0658455 4.04278 -0.746038 0.0866662 -0.660239 -137.701
-0.664828 -0.00399676 0.746986 392.562 0.0627694 0.99615 0.0611956 4.14856 -0.744354 0.0875724 -0.662018 -139.515
-0.668333 -0.00138111 0.743861 394.562 0.063092 0.99629 0.0585358 4.26064 -0.741181 0.0860531 -0.665766 -141.287
-0.669797 -0.00113913 0.742544 396.679 0.063531 0.996244 0.0588352 4.37476 -0.739822 0.0865821 -0.667209 -143.164
-0.675056 -0.00173873 0.737765 398.734 0.0642814 0.996056 0.061165 4.49136 -0.734961 0.0887143 -0.672281 -144.983
-0.675514 -0.00244751 0.737343 400.682 0.064335 0.995985 0.0622462 4.60348 -0.734535 0.0894851 -0.672644 -146.76
-0.678485 -0.00280199 0.734609 402.755 0.0646894 0.99588 0.0635456 4.72775 -0.731761 0.0906361 -0.675508 -148.617
-0.679663 -0.00181297 0.733522 404.803 0.0655662 0.995844 0.0632133 4.84834 -0.730588 0.091058 -0.67672 -150.48
-0.679915 -0.00241427 0.733287 406.86 0.0653642 0.995814 0.0638853 4.97026 -0.730372 0.0913673 -0.676912 -152.37
-0.681504 -0.00198202 0.731812 408.887 0.0673771 0.995579 0.0654418 5.09715 -0.728706 0.0939062 -0.678358 -154.225
-0.681522 -0.00320165 0.731791 410.794 0.0687261 0.995291 0.0683596 5.22272 -0.728563 0.0968817 -0.678092 -156.012
-0.682628 -0.00358099 0.730758 412.87 0.0704562 0.995007 0.0706917 5.36149 -0.727362 0.0997426 -0.678967 -157.933
-0.684625 -0.00304147 0.728889 414.837 0.0695878 0.995151 0.0695144 5.49219 -0.725566 0.0983131 -0.681094 -159.733
-0.685661 -0.00376025 0.727912 416.897 0.0651959 0.995651 0.066555 5.63302 -0.724996 0.093091 -0.682433 -161.636
-0.688051 -0.00400427 0.725651 418.944 0.0621599 0.995984 0.064435 5.75793 -0.722995 0.089441 -0.685039 -163.51
-0.68996 -0.00470818 0.723832 420.882 0.0617542 0.99595 0.0653426 5.88685 -0.721208 0.0897835 -0.686875 -165.365
-0.690248 -0.00641274 0.723545 422.898 0.059582 0.996061 0.0656681 6.00931 -0.721116 0.0884375 -0.687147 -167.239
-0.69182 -0.0078496 0.722028 424.838 0.0566761 0.996266 0.0651359 6.14047 -0.719842 0.085984 -0.688792 -169.068
-0.693856 -0.00831558 0.720066 426.971 0.0558754 0.996297 0.0653473 6.26981 -0.717943 0.0855756 -0.690822 -171.062
-0.693385 -0.0094082 0.720506 428.778 0.056242 0.996158 0.0671326 6.38507 -0.718369 0.0870715 -0.690192 -172.828
-0.695431 -0.0104402 0.718517 430.875 0.0584428 0.99576 0.0710336 6.53202 -0.716213 0.0913911 -0.691872 -174.83
-0.694137 -0.0115444 0.719751 432.875 0.0632308 0.995029 0.0769403 6.68674 -0.717061 0.0989175 -0.689956 -176.741
-0.692924 -0.0115434 0.720918 434.79 0.0677627 0.994404 0.0810539 6.84173 -0.717819 0.105016 -0.688264 -178.553
-0.691755 -0.0150058 0.721977 436.743 0.0619955 0.994859 0.0800777 7.01192 -0.719467 0.100153 -0.687268 -180.434
-0.691167 -0.0181778 0.722466 438.735 0.052142 0.995824 0.0749388 7.16634 -0.720811 0.0894661 -0.687333 -182.318
-0.689232 -0.0188787 0.724295 440.666 0.0486983 0.996193 0.0723066 7.32074 -0.722902 0.085108 -0.685689 -184.126
-0.68815 -0.0192112 0.725315 442.745 0.0479308 0.996262 0.0718625 7.46416 -0.723984 0.0842171 -0.684657 -186.029
-0.68492 -0.0195526 0.728356 444.615 0.0482646 0.996227 0.0721299 7.60015 -0.727018 0.084557 -0.681392 -187.822
-0.68102 -0.0181608 0.732039 446.563 0.0510849 0.996079 0.0722358 7.75132 -0.73048 0.0865902 -0.677422 -189.619
-0.680791 -0.0192814 0.732224 448.675 0.0470877 0.996434 0.070019 7.89273 -0.730962 0.082147 -0.677456 -191.517
-0.678511 -0.0233298 0.73422 450.627 0.041568 0.996675 0.0700833 8.03703 -0.733413 0.0780723 -0.675285 -193.329
-0.678729 -0.029845 0.733783 452.623 0.0329144 0.996934 0.070993 8.17741 -0.733651 0.072337 -0.675665 -195.147
-0.676518 -0.0341593 0.735634 454.622 0.0254369 0.997244 0.0697 8.31461 -0.735987 0.0658655 -0.673784 -196.955
-0.676156 -0.0347733 0.735938 456.592 0.0237776 0.997335 0.0689706 8.45343 -0.736375 0.0641337 -0.673527 -198.741
-0.675792 -0.0345124 0.736284 458.675 0.0258549 0.997179 0.0704721 8.59429 -0.736639 0.066661 -0.672993 -200.619
-0.674809 -0.0356415 0.737132 460.556 0.0275521 0.99692 0.0734253 8.72593 -0.737479 0.0698575 -0.671748 -202.362
-0.672415 -0.0370709 0.739246 462.61 0.0271479 0.996838 0.074682 8.88161 -0.739676 0.0702862 -0.669282 -204.221
-0.671752 -0.0379316 0.739805 464.566 0.0245365 0.997001 0.0733981 9.02655 -0.74037 0.0674575 -0.668806 -206.001
-0.671338 -0.0382039 0.740166 466.569 0.0221571 0.99719 0.071567 9.17165 -0.74082 0.0644456 -0.668605 -207.78
-0.67146 -0.0367458 0.74013 468.53 0.0227807 0.997274 0.0701796 9.30774 -0.740691 0.0639834 -0.668792 -209.532
-0.669448 -0.0352225 0.742024 470.488 0.026617 0.997097 0.071344 9.44557 -0.742382 0.0675115 -0.666567 -211.296
-0.669834 -0.0354814 0.741663 472.448 0.0277771 0.996961 0.072782 9.58482 -0.741991 0.0693531 -0.666813 -213.029
-0.666833 -0.0356995 0.744352 474.472 0.0283215 0.996916 0.0731846 9.73117 -0.744669 0.0698831 -0.663765 -214.845
-0.666972 -0.0369704 0.744165 476.451 0.0265746 0.996952 0.0733469 9.87312 -0.744609 0.0686962 -0.663957 -216.611
-0.666126 -0.0379643 0.744872 478.485 0.0265963 0.996859 0.0745921 10.0248 -0.745365 0.0694986 -0.663025 -218.426
-0.665662 -0.0384483 0.745263 480.475 0.0267682 0.996799 0.0753342 10.173 -0.745773 0.0700964 -0.662502 -220.19
-0.664008 -0.0381913 0.746749 482.437 0.0264938 0.996866 0.0745413 10.3201 -0.747256 0.0692803 -0.660915 -221.884
-0.664218 -0.0375447 0.746596 484.449 0.0255907 0.997011 0.0729045 10.4671 -0.747101 0.0675304 -0.661271 -223.679
-0.66498 -0.0378482 0.745902 486.471 0.0259689 0.99694 0.0737378 10.6115 -0.74641 0.0684043 -0.661962 -225.471
-0.664703 -0.0391651 0.74608 488.445 0.0259975 0.996808 0.0754888 10.7587 -0.746655 0.0695738 -0.661563 -227.184
-0.663702 -0.0407722 0.746885 490.463 0.0241415 0.996825 0.075869 10.9095 -0.747608 0.0683853 -0.66061 -228.974
-0.664662 -0.0415965 0.745985 492.511 0.0234542 0.996795 0.0764792 11.0686 -0.746776 0.0683294 -0.661557 -230.788
-0.664316 -0.0412649 0.746312 494.516 0.0239853 0.996784 0.076464 11.2276 -0.747067 0.0686968 -0.66119 -232.532
-0.665804 -0.0408276 0.745009 496.555 0.0235917 0.996851 0.0757126 11.371 -0.745753 0.0679858 -0.662744 -234.343
-0.666444 -0.0417401 0.744386 498.641 0.0241173 0.996702 0.0774803 11.534 -0.745165 0.0695889 -0.663239 -236.174
-0.666745 -0.0438114 0.743997 500.65 0.0231641 0.99657 0.0794434 11.6984 -0.744926 0.0702026 -0.663444 -237.957
-0.667677 -0.044593 0.743114 502.697 0.0225211 0.996538 0.0800353 11.8642 -0.74411 0.0701734 -0.664361 -239.775
-0.666761 -0.0448052 0.743923 504.677 0.0216683 0.996604 0.0794445 12.0244 -0.744956 0.0690901 -0.663526 -241.514
-0.666394 -0.0445325 0.744269 506.689 0.0214396 0.996658 0.0788303 12.1867 -0.745291 0.0684888 -0.663212 -243.298
-0.666803 -0.0433686 0.743971 508.717 0.0232625 0.996608 0.0789453 12.3497 -0.744871 0.0699476 -0.663532 -245.079
-0.666416 -0.0441429 0.744272 510.663 0.022527 0.996598 0.0792789 12.5059 -0.74524 0.069599 -0.663154 -246.839
-0.66635 -0.0444107 0.744316 512.722 0.0222717 0.996594 0.079402 12.6662 -0.745307 0.0694866 -0.663091 -248.618
-0.665382 -0.0443541 0.745184 514.662 0.022025 0.996632 0.0789868 12.8271 -0.746178 0.0689691 -0.662164 -250.399
-0.664842 -0.0447696 0.745641 516.706 0.021629 0.99663 0.0791247 12.9941 -0.746671 0.0687329 -0.661633 -252.189
-0.666914 -0.0458177 0.743725 518.699 0.021253 0.996532 0.0804501 13.1499 -0.744832 0.0694596 -0.663627 -253.952
-0.665446 -0.0466748 0.744985 520.697 0.02212 0.996372 0.0821831 13.3219 -0.746118 0.0711675 -0.662 -255.705
-0.6666 -0.0473477 0.743911 522.652 0.0209957 0.996392 0.0822311 13.4863 -0.74512 0.0704342 -0.6632 -257.459
-0.666201 -0.0464958 0.744321 524.728 0.0217925 0.996415 0.0817487 13.6573 -0.745453 0.0706817 -0.6628 -259.288
-0.662833 -0.0463148 0.747334 526.695 0.0229159 0.996363 0.0820728 13.8245 -0.748416 0.0715264 -0.659361 -261.056
-0.665295 -0.0471363 0.745091 528.663 0.0221841 0.996316 0.0828377 13.9938 -0.746251 0.0716407 -0.661798 -262.813
-0.666345 -0.0475591 0.744126 530.66 0.0213758 0.996335 0.08282 14.1679 -0.745337 0.071093 -0.662886 -264.58
-0.66444 -0.0477633 0.745814 532.684 0.0213757 0.996333 0.0828504 14.3375 -0.747036 0.0709914 -0.660982 -266.327
-0.66504 -0.0490032 0.745199 534.713 0.0206565 0.996256 0.0839469 14.51 -0.746522 0.0712213 -0.661538 -268.128
-0.665722 -0.050135 0.744514 536.753 0.0208059 0.996105 0.0856811 14.689 -0.74591 0.07253 -0.662086 -269.954
-0.663777 -0.0513165 0.746169 538.725 0.0203162 0.996038 0.0865737 14.8723 -0.747655 0.0726249 -0.660104 -271.681
-0.665707 -0.0510836 0.744463 540.741 0.0186514 0.996203 0.0850359 15.0505 -0.74598 0.0704942 -0.662227 -273.471
-0.665116 -0.0487336 0.745149 542.707 0.0191502 0.996427 0.0822609 15.2223 -0.746495 0.0689827 -0.661806 -275.173
-0.665945 -0.0492423 0.744374 544.68 0.0179373 0.996474 0.0819668 15.3873 -0.745785 0.0679375 -0.662714 -276.959
-0.666392 -0.0504357 0.743894 546.708 0.0194133 0.996198 0.0849325 15.5648 -0.745349 0.0710397 -0.662879 -278.721
-0.666243 -0.0518247 0.743932 548.694 0.019654 0.996016 0.0869872 15.7426 -0.745476 0.0725759 -0.66257 -280.492
-0.668555 -0.0514293 0.741883 550.86 0.0197026 0.996031 0.0868027 15.9343 -0.743402 0.0726494 -0.664888 -282.422
-0.669048 -0.0509877 0.741468 552.888 0.0199921 0.996048 0.0865336 16.1284 -0.74295 0.0727187 -0.665385 -284.232
-0.668517 -0.0498695 0.742023 554.837 0.0211274 0.996073 0.085978 16.2997 -0.743397 0.0731548 -0.664838 -285.947
-0.668522 -0.0499079 0.742016 556.784 0.0216568 0.996016 0.0865038 16.482 -0.743377 0.0738994 -0.664778 -287.734
-0.668467 -0.0509619 0.741994 558.819 0.0219707 0.995861 0.0881916 16.6626 -0.743418 0.0752553 -0.66458 -289.509
-0.667852 -0.0505147 0.742578 560.79 0.0234897 0.995767 0.0888641 16.8476 -0.743923 0.076791 -0.663838 -291.28
-0.667052 -0.0513259 0.743241 562.735 0.0225034 0.995781 0.0889621 17.0281 -0.744671 0.0760678 -0.663083 -293.026
-0.666397 -0.0515194 0.743815 564.722 0.0230485 0.99571 0.0896162 17.2135 -0.745241 0.0768638 -0.662351 -294.788
-0.667942 -0.0522297 0.742379 566.796 0.0232663 0.995581 0.090977 17.4079 -0.74385 0.0780397 -0.663775 -296.612
-0.66665 -0.0532722 0.743465 568.668 0.0221789 0.995583 0.0912249 17.5906 -0.745041 0.0773043 -0.662524 -298.282
-0.666941 -0.0550157 0.743077 570.631 0.0208017 0.995507 0.0923754 17.7887 -0.74482 0.0770663 -0.6628 -300.076
-0.665753 -0.0540841 0.74421 572.635 0.0209988 0.995617 0.0911397 17.9737 -0.745877 0.076304 -0.661699 -301.778
-0.664983 -0.0529966 0.744976 574.634 0.0218556 0.995671 0.0903396 18.1712 -0.746539 0.0763563 -0.660946 -303.589
-0.664972 -0.0528945 0.744993 576.668 0.0225587 0.995612 0.0908241 18.3585 -0.746527 0.0772016 -0.660861 -305.368
-0.665087 -0.0531621 0.744872 578.689 0.0230692 0.995524 0.0916496 18.5514 -0.74641 0.0781386 -0.660883 -307.161
-0.664681 -0.0534244 0.745215 580.655 0.0240987 0.995388 0.0928536 18.7394 -0.746739 0.0796768 -0.660328 -308.876
-0.663692 -0.0532222 0.74611 582.617 0.0238203 0.995456 0.0921977 18.9289 -0.747627 0.0789635 -0.659408 -310.64
-0.662667 -0.053925 0.74697 584.644 0.0227367 0.995496 0.0920371 19.1289 -0.748569 0.0779736 -0.658457 -312.422
-0.663573 -0.053943 0.746164 586.63 0.0226919 0.995487 0.0921476 19.3229 -0.747767 0.0780786 -0.659354 -314.157
-0.66143 -0.0552907 0.747966 588.575 0.0216157 0.995459 0.0927006 19.5097 -0.749695 0.0774828 -0.657232 -315.878
-0.66176 -0.0557588 0.74764 590.59 0.0211556 0.995445 0.0929655 19.7083 -0.749417 0.0773376 -0.657566 -317.65
-0.66082 -0.0567335 0.748397 592.567 0.019907 0.995463 0.0930403 19.9027 -0.75028 0.0763812 -0.656693 -319.379
-0.661263 -0.0579394 0.747913 594.617 0.0179839 0.995502 0.09302 20.1065 -0.749938 0.0749611 -0.657247 -321.157
-0.659752 -0.0573758 0.74929 596.53 0.01778 0.99561 0.0918927 20.2979 -0.751273 0.0739488 -0.655836 -322.889
-0.661154 -0.0575079 0.748043 598.636 0.0185692 0.995498 0.0929441 20.4958 -0.75002 0.075341 -0.65711 -324.632
-0.660853 -0.0590705 0.748187 600.561 0.0182563 0.995338 0.0947088 20.6886 -0.750293 0.0762477 -0.656694 -326.35
-0.659753 -0.0601268 0.749074 602.47 0.0174774 0.995297 0.095284 20.8882 -0.75128 0.0759557 -0.655599 -328.054
-0.658765 -0.0597072 0.749976 604.396 0.0173578 0.995374 0.0944907 21.0883 -0.752149 0.0752651 -0.654682 -329.771
-0.65732 -0.0587567 0.751318 606.338 0.0165884 0.995586 0.0923728 21.2767 -0.753429 0.0731816 -0.653444 -331.422
-0.658346 -0.0574233 0.750522 608.401 0.0170632 0.995691 0.0911491 21.4783 -0.752522 0.072814 -0.65453 -333.222
-0.659661 -0.0571796 0.749385 610.451 0.0177781 0.995636 0.0916186 21.6796 -0.751353 0.0737599 -0.655766 -334.995
-0.65762 -0.0580638 0.751109 612.303 0.0179735 0.995532 0.0926952 21.859 -0.753135 0.0744583 -0.653639 -336.657
-0.657913 -0.058358 0.750829 614.411 0.0188368 0.995406 0.0938734 22.0626 -0.752858 0.0759038 -0.653792 -338.446
-0.658484 -0.0590834 0.750272 616.454 0.0185319 0.995338 0.0946468 22.2684 -0.752367 0.0762274 -0.654319 -340.253
-0.656335 -0.0593729 0.75213 618.338 0.0179846 0.995384 0.0942694 22.4568 -0.754255 0.0753991 -0.652238 -341.872
-0.656984 -0.0595158 0.751552 620.379 0.0173221 0.995424 0.0939707 22.6611 -0.753706 0.0747557 -0.652947 -343.654
-0.656132 -0.0589205 0.752342 622.304 0.018337 0.995408 0.0939486 22.8494 -0.754423 0.0754384 -0.652039 -345.271
-0.654624 -0.06 0.75357 624.354 0.0174206 0.995383 0.0943866 23.0548 -0.755754 0.0749154 -0.650557 -347.082
-0.65491 -0.0609673 0.753243 626.43 0.0169083 0.995309 0.095261 23.2624 -0.755517 0.0751235 -0.650807 -348.874
-0.652358 -0.0610464 0.755448 628.334 0.0170538 0.995316 0.0951563 23.4568 -0.757719 0.0749593 -0.648262 -350.543
-0.652247 -0.0608862 0.755558 630.396 0.0163422 0.995408 0.094322 23.6594 -0.757831 0.0738687 -0.648256 -352.306
-0.650928 -0.0606484 0.756714 632.362 0.0167817 0.995411 0.0942149 23.8502 -0.758954 0.074026 -0.646922 -353.962
-0.651815 -0.0617705 0.755859 634.422 0.0167431 0.995262 0.0957736 24.0576 -0.758194 0.0750821 -0.647692 -355.734
-0.650476 -0.0616727 0.757019 636.458 0.0175169 0.995215 0.0961296 24.2623 -0.759325 0.0757906 -0.646283 -357.462
-0.650074 -0.060846 0.757431 638.379 0.0175929 0.995317 0.0950551 24.456 -0.759667 0.0751183 -0.645959 -359.109
-0.648394 -0.060074 0.758931 640.463 0.0175609 0.995436 0.093798 24.6579 -0.761102 0.0741456 -0.64438 -360.849
-0.648814 -0.060602 0.75853 642.496 0.0173869 0.995383 0.094397 24.858 -0.760748 0.0744346 -0.644765 -362.602
-0.647721 -0.0607464 0.759452 644.502 0.019163 0.995202 0.0959471 25.0522 -0.761636 0.0767004 -0.643449 -364.248
-0.647135 -0.0612005 0.759915 646.53 0.0195319 0.995115 0.0967757 25.2624 -0.762125 0.0774696 -0.642779 -366.022
-0.648742 -0.0617226 0.758501 648.588 0.0188012 0.995101 0.0970564 25.4655 -0.760776 0.0772253 -0.644404 -367.727
-0.647082 -0.0625681 0.759849 650.636 0.01828 0.995067 0.0975038 25.6776 -0.762201 0.076983 -0.642747 -369.454
