1 0 -1.6953e-09 -9.31323e-10 9.31323e-10 1 0 0 1.44792e-09 0 1 0
0.999992 0.000613188 0.00384412 -0.00292532 -0.000616278 1 0.000802712 -0.0444449 -0.00384362 -0.000805074 0.999992 1.20111
0.999993 0.000769861 0.00354079 0.00419653 -0.000774093 0.999999 0.00119403 -0.0719729 -0.00353986 -0.00119677 0.999993 2.40464
0.999993 0.000353471 0.0036759 -0.00138031 -0.000359655 0.999999 0.00168234 -0.0984434 -0.0036753 -0.00168365 0.999992 3.60242
0.99999 -0.000134562 0.00438385 -0.000883151 0.000129315 0.999999 0.00119712 -0.126473 -0.004384 -0.00119654 0.99999 4.79913
0.999975 -0.000442729 0.00704083 0.000386145 0.000433684 0.999999 0.00128618 -0.149892 -0.00704139 -0.00128309 0.999974 6.00462
0.999966 -0.000561678 0.00821097 0.00515301 0.00055895 1 0.000334778 -0.180609 -0.00821116 -0.000330177 0.999966 7.19772
0.99997 -0.000237294 0.00778854 0.0154778 0.000231117 1 0.000794124 -0.206687 -0.00778873 -0.0007923 0.999969 8.39154
0.999979 -0.000726287 0.00651913 0.0159757 0.000712157 0.999997 0.00216981 -0.234174 -0.00652069 -0.00216512 0.999976 9.59706
0.99999 -0.00151077 0.00418551 0.0112104 0.00150035 0.999996 0.0024904 -0.259881 -0.00418925 -0.00248409 0.999988 10.8208
0.999996 -0.00271261 -9.29142e-05 0.00172538 0.00271282 0.999994 0.00222717 -0.288406 8.68719e-05 -0.00222742 0.999998 12.0133
0.999996 -0.00218677 -0.00171751 -0.00296127 0.00218971 0.999996 0.00170878 -0.314043 0.00171377 -0.00171254 0.999997 13.2111
0.999993 -0.00158808 -0.00350877 -0.00154122 0.00159562 0.999996 0.00214612 -0.340131 0.00350535 -0.0021517 0.999992 14.3865
0.999996 -8.13417e-06 -0.00290711 -0.0185812 1.24574e-05 0.999999 0.00148634 -0.366966 0.0029071 -0.00148637 0.999995 15.5773
1 -0.000521367 -5.73159e-05 -0.0348997 0.000521473 0.999998 0.00184751 -0.391545 5.63527e-05 -0.00184754 0.999998 16.78
1 -0.000633957 0.000125842 -0.0375393 0.000633628 0.999996 0.00261758 -0.418729 -0.000127501 -0.0026175 0.999997 17.9838
0.999999 -0.00134732 -0.00112567 -0.0528303 0.00135059 0.999995 0.00291338 -0.442758 0.00112174 -0.0029149 0.999995 19.1649
0.999999 -0.000986717 -0.00127793 -0.062374 0.000988948 0.999998 0.00174508 -0.469389 0.0012762 -0.00174634 0.999998 20.3645
0.999998 -0.000615694 -0.00183508 -0.0781844 0.000618227 0.999999 0.00138016 -0.494299 0.00183423 -0.00138129 0.999997 21.556
0.999996 -0.000526728 -0.00260127 -0.0807242 0.00053124 0.999998 0.00173379 -0.520429 0.00260036 -0.00173516 0.999995 22.7718
0.999999 -0.00038212 -0.00168106 -0.0924684 0.000384158 0.999999 0.0012112 -0.546935 0.0016806 -0.00121184 0.999998 23.9839
0.999997 0.000225838 -0.00261893 -0.0966597 -0.000225119 1 0.000274574 -0.57606 0.00261899 -0.000273984 0.999997 25.1673
0.999995 0.00101282 -0.00309886 -0.11256 -0.00100983 0.999999 0.000965932 -0.60216 0.00309983 -0.000962797 0.999995 26.3845
0.999991 -0.000242231 -0.00434788 -0.121522 0.000254963 0.999996 0.00292778 -0.626159 0.00434715 -0.00292887 0.999986 27.5634
0.999994 -0.000763156 -0.00335187 -0.131116 0.000774306 0.999994 0.00332605 -0.651099 0.00334931 -0.00332862 0.999989 28.7549
0.999981 -0.00106597 -0.00608075 -0.144421 0.00108078 0.999997 0.00243282 -0.676213 0.00607814 -0.00243934 0.999979 29.9594
0.999991 -0.00122963 -0.00411661 -0.167161 0.0012338 0.999999 0.00101185 -0.701576 0.00411536 -0.00101692 0.999991 31.1301
0.999996 -0.00113266 -0.00264688 -0.171217 0.00113481 0.999999 0.000811632 -0.726402 0.00264596 -0.000814632 0.999996 32.3352
0.99999 -0.00116911 -0.00441692 -0.183203 0.00117578 0.999998 0.00150945 -0.752791 0.00441515 -0.00151463 0.999989 33.5228
0.999985 -0.00115516 -0.00544781 -0.196341 0.0011645 0.999998 0.00171134 -0.777817 0.00544583 -0.00171765 0.999984 34.7318
0.999991 -0.00220544 -0.00367505 -0.214775 0.00221058 0.999997 0.00139577 -0.808186 0.00367196 -0.00140389 0.999992 35.9361
0.999969 -0.00186681 -0.00769527 -0.222194 0.00188255 0.999996 0.00203879 -0.828459 0.00769144 -0.00205321 0.999968 37.1375
0.999961 -0.00245406 -0.00845662 -0.240235 0.00247637 0.999994 0.00262853 -0.858023 0.00845011 -0.00264937 0.999961 38.3542
0.999993 -0.00221857 -0.00312981 -0.265506 0.00222969 0.999991 0.00355423 -0.879624 0.0031219 -0.00356118 0.999989 39.5363
0.999996 -0.00182758 -0.00225228 -0.271295 0.00183715 0.999989 0.00425453 -0.907063 0.00224448 -0.00425865 0.999988 40.7213
0.999998 -0.000920465 -0.00184175 -0.274671 0.000927891 0.999991 0.00403488 -0.928328 0.00183802 -0.00403658 0.99999 41.9465
0.999994 0.00045197 -0.00351637 -0.288552 -0.000437689 0.999992 0.00406115 -0.954184 0.00351818 -0.00405959 0.999986 43.1415
0.999986 0.00350798 -0.00406004 -0.292754 -0.00348532 0.999978 0.00557382 -0.972575 0.00407951 -0.00555959 0.999976 44.3408
0.999992 0.00337509 -0.00201143 -0.323481 -0.00335808 0.999959 0.00839594 -0.994849 0.00203968 -0.00838912 0.999963 45.557
0.99999 0.00448593 -8.76353e-06 -0.318578 -0.00448552 0.999922 0.0116251 -1.00996 6.09123e-05 -0.0116249 0.999932 46.7428
0.999987 0.00481206 0.00141809 -0.320134 -0.00483248 0.999879 0.0147664 -1.02119 -0.00134686 -0.0147731 0.99989 47.964
0.999991 0.00396625 0.00116204 -0.314865 -0.00398465 0.99986 0.0162832 -1.0334 -0.00109729 -0.0162877 0.999867 49.1541
0.99999 0.00322111 0.00325499 -0.324075 -0.00326802 0.999889 0.01451 -1.04243 -0.00320789 -0.0145205 0.999889 50.3591
0.999976 0.00405907 0.00552663 -0.313361 -0.00413205 0.999904 0.0132599 -1.05404 -0.00547227 -0.0132824 0.999897 51.55
0.999981 0.00475723 0.00404101 -0.307629 -0.00480727 0.999911 0.0124667 -1.05872 -0.00398134 -0.0124859 0.999914 52.7684
0.99999 0.00442249 0.000991338 -0.311859 -0.00443473 0.999909 0.0127093 -1.07664 -0.000935041 -0.0127135 0.999919 53.9683
0.999991 0.00424242 -0.000208116 -0.33373 -0.00423963 0.99992 0.0119438 -1.08906 0.00025877 -0.0119428 0.999929 55.1649
0.999982 0.00519823 0.00286591 -0.327092 -0.00523159 0.999917 0.0117596 -1.09924 -0.00280454 -0.0117744 0.999927 56.3635
0.999985 0.00493433 0.00224902 -0.346908 -0.0049625 0.999907 0.0126963 -1.11324 -0.00218616 -0.0127073 0.999917 57.5839
0.999984 0.00556482 0.000470661 -0.339213 -0.00557073 0.999891 0.0136448 -1.12707 -0.000394679 -0.0136472 0.999907 58.7989
0.999982 0.00605547 0.000567369 -0.347838 -0.00606252 0.999892 0.0133801 -1.13848 -0.000486285 -0.0133833 0.99991 60.0297
0.999979 0.00631385 -0.001648 -0.357212 -0.006292 0.999896 0.0129409 -1.15294 0.00172953 -0.0129303 0.999915 61.2338
0.999977 0.00560914 -0.00394754 -0.364385 -0.00555909 0.999905 0.012576 -1.16353 0.00401771 -0.0125538 0.999913 62.448
0.999989 0.00464574 -0.000327874 -0.370068 -0.00464169 0.999924 0.0114125 -1.18282 0.000380868 -0.0114108 0.999935 63.6208
0.999987 0.00482804 0.0015557 -0.396352 -0.00484716 0.99991 0.0125323 -1.19482 -0.00149506 -0.0125397 0.99992 64.8189
0.999992 0.00404669 0.000565339 -0.388703 -0.00405429 0.999892 0.014164 -1.20562 -0.00050796 -0.0141662 0.9999 66.0187
0.999985 0.00524008 0.0018699 -0.394668 -0.00526428 0.999899 0.013184 -1.22135 -0.00180063 -0.0131937 0.999911 67.2096
0.999966 0.00807007 0.00157362 -0.402409 -0.00808747 0.999902 0.0113902 -1.23659 -0.00148154 -0.0114026 0.999934 68.3922
0.999932 0.0112855 -0.00299952 -0.403524 -0.0112489 0.999865 0.0119621 -1.24755 0.00313412 -0.0119275 0.999924 69.6003
0.999866 0.0123 -0.0108001 -0.401358 -0.0121659 0.999849 0.0123923 -1.2635 0.0109509 -0.0122593 0.999865 70.7782
0.999844 0.0133868 -0.011486 -0.422841 -0.0132438 0.999835 0.0124332 -1.27572 0.0116506 -0.0122791 0.999857 71.9704
0.999881 0.0137452 -0.00704949 -0.437312 -0.0136519 0.999821 0.0131141 -1.29193 0.00722848 -0.0130163 0.999889 73.1513
0.999889 0.0147611 0.00221688 -0.46294 -0.0147897 0.999799 0.0135112 -1.30207 -0.00201699 -0.0135424 0.999906 74.3414
0.999901 0.0131276 0.00504507 -0.444504 -0.013184 0.999849 0.011311 -1.31544 -0.00489583 -0.0113764 0.999923 75.5187
0.999885 0.0117773 0.00953516 -0.429219 -0.0118393 0.999909 0.00646599 -1.34347 -0.00945814 -0.00657813 0.999934 76.7084
0.999841 0.0130509 0.0121711 -0.434738 -0.0131118 0.999902 0.00494186 -1.35772 -0.0121054 -0.00510066 0.999914 77.8788
0.999843 0.0115341 0.0134595 -0.430414 -0.0116512 0.999895 0.00865935 -1.37351 -0.0133582 -0.00881481 0.999872 79.0608
0.999818 0.010078 0.0162004 -0.418023 -0.0102664 0.99988 0.0115886 -1.39577 -0.0160817 -0.0117528 0.999802 80.2158
0.999671 0.01186 0.0227557 -0.406542 -0.0120558 0.999891 0.0084891 -1.40774 -0.0226526 -0.00876064 0.999705 81.3808
0.999615 0.0108925 0.0255177 -0.378574 -0.011038 0.999924 0.0055659 -1.42901 -0.0254552 -0.00584542 0.999659 82.5614
0.999532 0.0104379 0.0287552 -0.340917 -0.0105139 0.999942 0.00249132 -1.45535 -0.0287275 -0.00279248 0.999583 83.7065
0.999468 0.00960959 0.0311715 -0.304539 -0.00966397 0.999952 0.00159455 -1.48189 -0.0311547 -0.00189495 0.999513 84.8474
0.999316 0.00886533 0.0359076 -0.266095 -0.00899169 0.999954 0.00335911 -1.5056 -0.0358762 -0.00367968 0.999349 86.0074
0.999164 0.00978941 0.0396911 -0.223767 -0.00996012 0.999942 0.00410538 -1.53071 -0.0396486 -0.00449727 0.999204 87.1987
0.99914 0.0102554 0.0401677 -0.16725 -0.010352 0.999944 0.00219866 -1.55832 -0.0401429 -0.00261258 0.999191 88.3383
0.998969 0.0105478 0.0441638 -0.13667 -0.0105579 0.999944 -4.76325e-06 -1.58619 -0.0441614 -0.000461517 0.999024 89.4902
0.998873 0.0104437 0.0462934 -0.0986604 -0.0104386 0.999946 -0.000351691 -1.61059 -0.0462945 -0.000131941 0.998928 90.5872
0.99878 0.00885346 0.0485914 -0.0529124 -0.00889457 0.99996 0.000629883 -1.63882 -0.0485838 -0.00106131 0.998819 91.7664
0.998724 0.00804991 0.0498648 0.000890804 -0.00816211 0.999965 0.00204701 -1.66251 -0.0498465 -0.0024514 0.998754 92.9083
0.998615 0.0074774 0.0520771 0.0538767 -0.00766674 0.999965 0.0034369 -1.68625 -0.0520496 -0.0038314 0.998637 94.0745
0.99857 0.00575537 0.0531584 0.113696 -0.00601989 0.99997 0.00481742 -1.70875 -0.0531291 -0.00513053 0.998575 95.2404
0.998412 0.00468529 0.0561372 0.163896 -0.00484707 0.999985 0.00274604 -1.73314 -0.0561235 -0.00301378 0.998419 96.3818
0.998408 0.00332281 0.056302 0.215593 -0.00328638 0.999994 -0.000739566 -1.75676 -0.0563041 0.000553359 0.998414 97.5394
0.998228 0.00402592 0.0593764 0.277641 -0.00382188 0.999986 -0.00354956 -1.78103 -0.0593899 0.00331634 0.99823 98.6895
0.998162 0.00406939 0.0604583 0.341325 -0.00378246 0.999981 -0.00485949 -1.80821 -0.060477 0.00462188 0.998159 99.8499
0.998135 0.00450956 0.0608808 0.41437 -0.00426599 0.999982 -0.00413015 -1.83798 -0.0608984 0.00386273 0.998137 101.045
0.998145 0.00425368 0.0607284 0.48016 -0.0040969 0.999988 -0.00270594 -1.86806 -0.0607392 0.00245213 0.998151 102.223
0.998248 0.0032367 0.0590762 0.542794 -0.00321664 0.999995 -0.000434624 -1.89678 -0.0590773 0.000243836 0.998254 103.418
0.998311 0.00362046 0.0579813 0.598839 -0.00364654 0.999993 0.000344 -1.92048 -0.0579796 -0.000554851 0.998318 104.599
0.998503 0.00374129 0.0545716 0.657662 -0.00381104 0.999992 0.00117425 -1.94587 -0.0545667 -0.00138047 0.998509 105.79
0.998642 0.00456552 0.0519054 0.709131 -0.0046257 0.999989 0.00103921 -1.96847 -0.0519001 -0.0012779 0.998652 106.995
0.998814 0.00606433 0.0483167 0.77315 -0.00610486 0.999981 0.000691378 -1.99224 -0.0483116 -0.000985525 0.998832 108.215
0.998936 0.0062082 0.0457067 0.807561 -0.00626792 0.99998 0.00116337 -2.0179 -0.0456985 -0.00144862 0.998954 109.443
0.999137 0.00663891 0.0410071 0.85241 -0.00673526 0.999975 0.00221176 -2.03931 -0.0409914 -0.00248605 0.999156 110.634
0.999336 0.00668884 0.03581 0.894036 -0.00681312 0.999971 0.00334979 -2.06398 -0.0357866 -0.00359154 0.999353 111.862
0.999464 0.00681331 0.0320115 0.918417 -0.00694249 0.999968 0.00392626 -2.08721 -0.0319838 -0.00414639 0.99948 113.08
0.999614 0.0072526 0.0268101 0.946123 -0.00736823 0.999964 0.00421648 -2.10969 -0.0267786 -0.0044124 0.999632 114.314
0.999749 0.00823961 0.0208325 0.971333 -0.00833074 0.999956 0.00429179 -2.12965 -0.0207963 -0.00446426 0.999774 115.532
0.999841 0.00888288 0.0154414 0.982956 -0.00894458 0.999952 0.00393146 -2.15244 -0.0154058 -0.00406896 0.999873 116.754
0.999896 0.00976061 0.0106522 0.992574 -0.00979932 0.999946 0.00358804 -2.17438 -0.0106166 -0.00369205 0.999937 117.989
0.999914 0.011465 0.00643183 0.989503 -0.0114885 0.999927 0.0036356 -2.19735 -0.00638968 -0.00370918 0.999973 119.206
0.999892 0.0137117 0.00528638 0.98757 -0.0137314 0.999899 0.00369251 -2.21676 -0.00523521 -0.0037647 0.999979 120.449
0.999886 0.0149089 0.00245453 0.989021 -0.0149179 0.999882 0.00368301 -2.24329 -0.00239933 -0.00371921 0.99999 121.694
0.999846 0.016777 0.0051991 0.979014 -0.0167964 0.999852 0.0037126 -2.26598 -0.00513605 -0.00379935 0.99998 122.918
0.99983 0.0182771 0.00236279 0.959173 -0.0182884 0.999821 0.00487897 -2.2847 -0.0022732 -0.00492136 0.999985 124.165
0.999819 0.0186491 0.0038534 0.9684 -0.0186705 0.99981 0.00558565 -2.31078 -0.0037485 -0.00565658 0.999977 125.423
0.999757 0.0213261 0.00550405 0.93939 -0.0213664 0.999745 0.00736784 -2.32784 -0.00534552 -0.00748366 0.999958 126.686
0.999709 0.0231481 0.00680065 0.942864 -0.0232165 0.999679 0.0101516 -2.33899 -0.00656347 -0.0103066 0.999925 127.947
0.999758 0.0212125 0.00587975 0.950108 -0.0212726 0.99972 0.010363 -2.35833 -0.00565827 -0.0104856 0.999929 129.182
0.999744 0.0219663 0.00548113 0.947191 -0.0220145 0.999718 0.0089074 -2.37446 -0.00528392 -0.00902578 0.999945 130.452
0.999789 0.0193478 0.00689744 0.951553 -0.0194134 0.999766 0.00957811 -2.38654 -0.00671051 -0.00970999 0.99993 131.705
0.999852 0.0162056 0.0057745 0.951356 -0.0162707 0.999803 0.0113983 -2.40473 -0.00558865 -0.0114905 0.999918 132.969
0.999892 0.0132302 0.00633145 0.967384 -0.0133118 0.999827 0.013027 -2.41529 -0.006158 -0.0131099 0.999895 134.225
0.999919 0.0110951 0.00624842 0.982758 -0.0111823 0.999838 0.014094 -2.42906 -0.00609104 -0.0141627 0.999881 135.501
0.999942 0.00709988 0.00812135 0.975925 -0.00720256 0.999894 0.012684 -2.44396 -0.00803044 -0.0127418 0.999887 136.788
0.999921 0.00527888 0.0113979 0.996315 -0.00541292 0.999916 0.011762 -2.45215 -0.0113349 -0.0118227 0.999866 138.041
0.999952 0.00316876 0.00928049 1.0064 -0.00327533 0.999929 0.0114906 -2.47013 -0.00924342 -0.0115204 0.999891 139.346
0.999967 0.00332396 0.00745061 1.01982 -0.00341194 0.999924 0.0118277 -2.48197 -0.00741073 -0.0118528 0.999902 140.62
0.999944 0.00359092 0.00994501 1.02057 -0.0037265 0.9999 0.0136477 -2.49428 -0.009895 -0.013684 0.999857 141.868
0.999933 0.00556606 0.0101495 1.03414 -0.00571893 0.99987 0.0150954 -2.50221 -0.0100642 -0.0151524 0.999835 143.163
0.999931 0.00570074 0.0102357 1.0589 -0.00584074 0.999889 0.0136999 -2.5211 -0.0101565 -0.0137587 0.999854 144.435
0.999925 0.00685337 0.0101889 1.07696 -0.00697483 0.999905 0.0119334 -2.53081 -0.0101061 -0.0120036 0.999877 145.703
0.999947 0.00622859 0.00821033 1.07786 -0.0063085 0.999933 0.00974265 -2.54633 -0.00814909 -0.00979392 0.999919 146.981
0.999959 0.00580654 0.00697612 1.08328 -0.0058489 0.999964 0.00606659 -2.57136 -0.00694065 -0.00610714 0.999957 148.249
0.999958 0.0062129 0.00671893 1.10793 -0.00622935 0.999978 0.00243054 -2.59281 -0.00670368 -0.00247229 0.999975 149.497
0.999966 0.00617079 0.00539821 1.10758 -0.00617976 0.99998 0.00164654 -2.61976 -0.00538794 -0.00167985 0.999984 150.76
0.999935 0.0053387 0.0101008 1.08935 -0.00535345 0.999985 0.00143378 -2.64883 -0.010093 -0.00148776 0.999948 152.054
0.999915 0.00597767 0.0115566 1.11784 -0.00599761 0.999981 0.00169141 -2.67801 -0.0115463 -0.00176058 0.999932 153.287
0.999882 0.00651112 0.013942 1.13351 -0.00654548 0.999976 0.00242042 -2.70485 -0.0139259 -0.00251139 0.9999 154.551
0.999954 0.00785596 0.00556265 1.14585 -0.00787506 0.999963 0.00342075 -2.73196 -0.00553557 -0.0034644 0.999979 155.823
0.999934 0.00787816 0.00834274 1.1408 -0.00790517 0.999964 0.00320895 -2.75675 -0.00831716 -0.00327469 0.99996 157.061
0.999947 0.00843296 0.00583947 1.14875 -0.00845392 0.999958 0.00357447 -2.78438 -0.00580909 -0.00362365 0.999977 158.341
0.999931 0.00784172 0.00872774 1.13616 -0.00788054 0.999959 0.0044224 -2.80766 -0.0086927 -0.00449087 0.999952 159.595
0.999901 0.00856576 0.0111335 1.1586 -0.00861742 0.999952 0.00460073 -2.83276 -0.0110936 -0.00469622 0.999927 160.882
0.999918 0.00884974 0.00925208 1.16329 -0.0088853 0.999953 0.00380897 -2.85756 -0.00921794 -0.00389087 0.99995 162.14
0.999907 0.00982273 0.00945687 1.17495 -0.00984695 0.999948 0.00251842 -2.88319 -0.00943165 -0.0026113 0.999952 163.398
0.99988 0.0102235 0.0116451 1.18003 -0.0102472 0.999946 0.00197255 -2.90649 -0.0116243 -0.00209164 0.99993 164.635
0.999933 0.0099455 0.00592911 1.1943 -0.0099536 0.99995 0.00133734 -2.93522 -0.00591551 -0.00139627 0.999982 165.916
0.999927 0.0105866 0.00589276 1.19346 -0.0105907 0.999944 0.000669918 -2.96583 -0.00588533 -0.000732278 0.999982 167.176
0.999926 0.0106966 0.00583746 1.18666 -0.0107024 0.999942 0.000962784 -2.99125 -0.00582682 -0.00102519 0.999982 168.471
0.999937 0.0106994 0.00339925 1.20493 -0.0107066 0.99994 0.00212624 -3.02033 -0.0033763 -0.0021625 0.999992 169.739
0.99994 0.0108517 0.00158896 1.1886 -0.0108558 0.999938 0.00258202 -3.0461 -0.00156085 -0.00259912 0.999995 170.987
0.999932 0.0115387 0.00156317 1.17887 -0.011543 0.99993 0.00275134 -3.07152 -0.00153131 -0.00276919 0.999995 172.256
0.999935 0.0111282 0.00247974 1.17371 -0.0111349 0.999934 0.00268432 -3.09846 -0.00244971 -0.00271176 0.999993 173.526
0.999928 0.0119992 0.000871305 1.16813 -0.0120009 0.999926 0.00188429 -3.12217 -0.00084863 -0.00189461 0.999998 174.776
0.999913 0.0132219 -0.00025367 1.15857 -0.0132215 0.999912 0.00147409 -3.15021 0.000273137 -0.00147061 0.999999 176.04
0.999891 0.0134695 -0.00597763 1.15072 -0.0134585 0.999908 0.0018735 -3.1783 0.00600231 -0.00179285 0.99998 177.304
0.999886 0.0132137 -0.00729756 1.13401 -0.0132032 0.999912 0.00148469 -3.20288 0.00731654 -0.00138817 0.999972 178.578
0.999923 0.0121164 -0.00269992 1.10002 -0.0121167 0.999927 -7.52821e-05 -3.23301 0.00269881 0.000107991 0.999996 179.825
0.999953 0.00960259 0.00117989 1.09528 -0.00960227 0.999954 -0.0002777 -3.26458 -0.00118251 0.000266359 0.999999 181.074
0.999946 0.0103305 -0.000925284 1.09353 -0.0103278 0.999942 0.00289584 -3.28988 0.000955146 -0.00288613 0.999995 182.374
0.99996 0.00852458 -0.00255097 1.08553 -0.00850595 0.999938 0.00722563 -3.31416 0.0026124 -0.00720365 0.999971 183.64
0.999933 0.00973735 -0.00624506 1.07842 -0.00969023 0.999925 0.00753184 -3.33916 0.00631793 -0.00747082 0.999952 184.903
0.999893 0.0125645 -0.00746345 1.05256 -0.012533 0.999912 0.00425364 -3.35824 0.00751624 -0.00415965 0.999963 186.174
0.999845 0.0139844 -0.0106751 1.03946 -0.0139569 0.999899 0.00263893 -3.38348 0.0107109 -0.00248953 0.99994 187.409
0.999879 0.0131945 -0.00830038 1.01403 -0.013174 0.99991 0.00252723 -3.40931 0.00833298 -0.00241758 0.999962 188.669
0.999912 0.0132259 -0.00121127 0.991481 -0.0132213 0.999906 0.00373375 -3.43742 0.00126053 -0.0037174 0.999992 189.926
0.999894 0.0144861 -0.00146286 0.995534 -0.0144772 0.999878 0.00594865 -3.46315 0.00154885 -0.00592684 0.999981 191.163
0.999897 0.0142272 -0.0019916 0.989025 -0.0142115 0.99987 0.00768247 -3.48649 0.00210064 -0.00765337 0.999969 192.408
0.999899 0.0141712 -0.00142715 0.981923 -0.0141608 0.999875 0.00704699 -3.50711 0.00152684 -0.00702607 0.999974 193.645
0.999917 0.0127821 -0.00148933 0.972841 -0.0127735 0.999902 0.00564459 -3.53459 0.00156134 -0.0056251 0.999983 194.876
0.99991 0.0132835 0.00179546 0.95527 -0.0132921 0.9999 0.00482077 -3.55705 -0.00173125 -0.0048442 0.999987 196.109
0.999904 0.0128002 0.00533818 0.956315 -0.0128196 0.999911 0.00362019 -3.58378 -0.00529137 -0.00368827 0.999979 197.327
0.99988 0.0126901 0.00890576 0.965815 -0.0127276 0.99991 0.00417313 -3.60765 -0.00885201 -0.00428598 0.999952 198.53
0.999888 0.0112081 0.00991047 0.960768 -0.011261 0.999923 0.00530188 -3.6341 -0.00985028 -0.00541289 0.999937 199.766
0.999881 0.0119388 0.00980346 0.981237 -0.0119959 0.999911 0.00578825 -3.66078 -0.00973349 -0.00590516 0.999935 200.961
0.999839 0.0118963 0.0134188 0.988776 -0.0119681 0.999914 0.00527953 -3.68493 -0.0133549 -0.00543928 0.999896 202.178
0.999759 0.011722 0.0185482 0.989764 -0.0118208 0.999916 0.00522524 -3.70712 -0.0184854 -0.00544324 0.999814 203.361
0.999723 0.0107634 0.020943 1.00698 -0.0108808 0.999926 0.00549631 -3.73324 -0.0208823 -0.00572266 0.999766 204.545
0.999693 0.011729 0.0218219 1.02042 -0.0118559 0.999914 0.00569692 -3.75756 -0.0217532 -0.00595389 0.999746 205.725
0.999702 0.011916 0.0213025 1.02922 -0.0120407 0.999911 0.00573723 -3.77833 -0.0212322 -0.00599202 0.999757 206.895
0.999724 0.0106371 0.0209609 1.04871 -0.0107583 0.999926 0.00567766 -3.80474 -0.020899 -0.0059016 0.999764 208.067
0.999652 0.0102699 0.0243112 1.06482 -0.0104309 0.999924 0.00650797 -3.82864 -0.0242425 -0.00675929 0.999683 209.199
0.999674 0.00960483 0.0236755 1.09097 -0.00978154 0.999925 0.00735939 -3.85167 -0.0236031 -0.00758857 0.999693 210.321
0.999671 0.0098245 0.0236754 1.11565 -0.0100172 0.999918 0.00803662 -3.87548 -0.0235944 -0.00827114 0.999687 211.446
0.999687 0.0101738 0.0228352 1.12968 -0.010332 0.999923 0.00682213 -3.89966 -0.0227641 -0.00705593 0.999716 212.542
0.999668 0.0105226 0.0235048 1.14872 -0.0106664 0.999925 0.00599913 -3.92133 -0.0234399 -0.00624785 0.999706 213.604
0.999675 0.0101858 0.02339 1.16811 -0.0103161 0.999932 0.00545772 -3.94512 -0.0233328 -0.00569724 0.999711 214.69
0.999725 0.00911596 0.0216142 1.18655 -0.00925231 0.999938 0.00621697 -3.96986 -0.0215562 -0.00641524 0.999747 215.754
0.999775 0.00908129 0.0191807 1.19872 -0.00920638 0.999937 0.00644316 -3.99052 -0.019121 -0.00661829 0.999795 216.79
0.999815 0.00838013 0.0173395 1.21482 -0.00851548 0.999934 0.00774713 -4.00938 -0.0172734 -0.00789335 0.99982 217.826
0.999884 0.00810239 0.0128721 1.23357 -0.00823045 0.999917 0.00992698 -4.03165 -0.0127906 -0.0100318 0.999868 218.848
0.999921 0.00846656 0.00931268 1.23799 -0.00856302 0.99991 0.0103664 -4.05193 -0.00922407 -0.0104453 0.999903 219.843
0.99995 0.00894792 0.0043894 1.22716 -0.00899074 0.999911 0.00983429 -4.06916 -0.00430101 -0.00987326 0.999942 220.843
0.999955 0.00890193 0.0031705 1.2185 -0.00893292 0.999911 0.00989858 -4.08758 -0.0030821 -0.00992646 0.999946 221.816
0.999955 0.00938276 0.00112576 1.20732 -0.00939413 0.9999 0.0105584 -4.10434 -0.00102658 -0.0105685 0.999944 222.752
0.999951 0.00974585 -0.0014709 1.19622 -0.00973012 0.999899 0.010347 -4.12424 0.00157159 -0.0103322 0.999945 223.675
0.999941 0.00954432 -0.00526382 1.18331 -0.00949054 0.999903 0.0101479 -4.1416 0.00536017 -0.0100974 0.999935 224.584
0.999925 0.00954273 -0.00773307 1.16836 -0.00946755 0.999908 0.00970005 -4.16006 0.00782492 -0.00962611 0.999923 225.457
0.9999 0.010341 -0.00968962 1.14575 -0.0102508 0.999904 0.00932045 -4.17454 0.00978507 -0.00922018 0.99991 226.32
0.999834 0.0110757 -0.0144556 1.13537 -0.0109539 0.999904 0.00847927 -4.19478 0.0145481 -0.00831953 0.99986 227.151
0.999775 0.0126943 -0.0170159 1.11021 -0.0125443 0.999882 0.0088915 -4.20861 0.0171268 -0.00867604 0.999816 227.941
0.999727 0.0139494 -0.0187631 1.09286 -0.0137794 0.999863 0.00915929 -4.22562 0.0188883 -0.00889824 0.999782 228.752
0.999751 0.0136021 -0.0176787 1.06417 -0.0134246 0.999859 0.0101218 -4.24112 0.0178139 -0.00988197 0.999793 229.514
0.999759 0.0134558 -0.0173251 1.04609 -0.0132682 0.999853 0.0108982 -4.25575 0.0174692 -0.0106657 0.999791 230.293
0.999772 0.0133241 -0.0167132 1.02902 -0.0131492 0.999858 0.0105323 -4.27078 0.0168511 -0.0103101 0.999805 231.04
0.999783 0.0137978 -0.0156054 1.01701 -0.0136625 0.999868 0.00874205 -4.28476 0.015724 -0.00852694 0.99984 231.772
0.999784 0.0143039 -0.0150571 1.00386 -0.0142055 0.999877 0.00661792 -4.29863 0.0151499 -0.0064026 0.999865 232.501
0.999803 0.0142415 -0.0138279 0.989652 -0.014168 0.999885 0.0054043 -4.31386 0.0139032 -0.00520733 0.99989 233.237
0.999801 0.0149069 -0.0132603 0.980293 -0.0148469 0.999879 0.00460509 -4.32839 0.0133273 -0.0044073 0.999901 233.951
0.999827 0.0142529 -0.0119719 0.965589 -0.0141974 0.999888 0.00470796 -4.34101 0.0120376 -0.00453718 0.999917 234.671
0.999867 0.013736 -0.00877729 0.952 -0.0136953 0.999895 0.00468335 -4.35464 0.0088407 -0.00456252 0.999951 235.371
0.999876 0.0138431 -0.0075021 0.947277 -0.0138095 0.999894 0.00452 -4.37199 0.00756388 -0.00441584 0.999962 236.109
0.999891 0.0136395 -0.00559454 0.935292 -0.0136153 0.999898 0.00434725 -4.38607 0.00565327 -0.00427061 0.999975 236.804
0.999901 0.0137878 -0.00273225 0.9315 -0.013775 0.999894 0.00464364 -4.40089 0.00279599 -0.00460554 0.999986 237.514
0.999914 0.0131424 0.000139379 0.930593 -0.013143 0.9999 0.00516145 -4.41272 -7.15314e-05 -0.00516283 0.999987 238.208
0.999928 0.0114615 0.00362045 0.92965 -0.0114824 0.999917 0.00578238 -4.42733 -0.00355387 -0.00582354 0.999977 238.903
0.999911 0.011372 0.00701758 0.933709 -0.0114125 0.999918 0.0057581 -4.4417 -0.00695152 -0.00583767 0.999959 239.613
0.999893 0.0110086 0.00960046 0.926291 -0.0110608 0.999924 0.00539827 -4.45776 -0.0095403 -0.00550389 0.999939 240.312
0.999856 0.0108457 0.0130396 0.931656 -0.0109125 0.999928 0.00506394 -4.46708 -0.0129838 -0.00520551 0.999902 241.002
0.999788 0.0115547 0.0170283 0.945919 -0.011633 0.999922 0.00450923 -4.47872 -0.0169749 -0.00470637 0.999845 241.696
0.999721 0.0118139 0.0204368 0.954842 -0.0118951 0.999922 0.00385818 -4.49099 -0.0203896 -0.0041002 0.999784 242.389
0.999644 0.0115336 0.0240417 0.96648 -0.0116451 0.999922 0.00450606 -4.50239 -0.0239879 -0.00478442 0.999701 243.11
0.999581 0.0117407 0.0264462 0.990315 -0.0118807 0.999916 0.00514379 -4.51058 -0.0263836 -0.00545583 0.999637 243.797
0.999551 0.0116511 0.0275961 1.01267 -0.0118037 0.999916 0.00537408 -4.52846 -0.0275311 -0.0056974 0.999605 244.497
0.999503 0.011217 0.0294736 1.023 -0.0113333 0.999929 0.00378342 -4.53809 -0.029429 -0.00411558 0.999558 245.232
0.999398 0.0119627 0.0325525 1.03326 -0.0120175 0.999927 0.00149041 -4.55125 -0.0325323 -0.00188072 0.999469 245.939
0.999369 0.0113128 0.0336741 1.05697 -0.0113121 0.999936 -0.000210666 -4.56665 -0.0336743 -0.000170391 0.999433 246.67
0.999446 0.0111005 0.03138 1.08243 -0.0110815 0.999938 -0.000779259 -4.57898 -0.0313868 0.00043109 0.999507 247.393
0.999413 0.0105601 0.0325827 1.10555 -0.0105355 0.999944 -0.000926438 -4.59439 -0.0325907 0.000582621 0.999469 248.126
0.999397 0.0116362 0.0327179 1.13085 -0.0115993 0.999932 -0.00131935 -4.61449 -0.032731 0.000939048 0.999464 248.83
0.999334 0.0124854 0.0342929 1.14602 -0.0124281 0.999921 -0.00188518 -4.62931 -0.0343137 0.00145773 0.99941 249.592
0.999346 0.0121687 0.0340512 1.17075 -0.0120368 0.999919 -0.00407612 -4.64746 -0.034098 0.00366359 0.999412 250.342
0.999324 0.00786517 0.0359245 1.19521 -0.00764457 0.999951 -0.00627374 -4.66877 -0.0359721 0.00599487 0.999335 251.082
0.999266 0.00558096 0.0379044 1.22223 -0.0053143 0.999961 -0.00713215 -4.68783 -0.0379427 0.00692548 0.999256 251.823
0.999292 0.00595058 0.0371535 1.2557 -0.0058178 0.999976 -0.0036807 -4.70156 -0.0371745 0.00346194 0.999303 252.591
0.99926 0.0107506 0.036918 1.28164 -0.0108491 0.999938 0.00247048 -4.71142 -0.0368891 -0.00286918 0.999315 253.403
0.999244 0.00971702 0.0376371 1.30549 -0.0099713 0.999929 0.00657438 -4.73185 -0.0375705 -0.0069447 0.99927 254.211
0.999256 0.007685 0.0377839 1.34583 -0.00789861 0.999954 0.00550761 -4.74753 -0.0377399 -0.00580195 0.999271 255.034
0.999043 0.010528 0.0424498 1.37416 -0.0104816 0.999944 -0.00131429 -4.7608 -0.0424613 0.000868087 0.999098 255.798
0.998766 0.0123888 0.0480925 1.39169 -0.0121055 0.999908 -0.00617805 -4.76894 -0.0481646 0.00558824 0.998824 256.612
0.998558 0.0137372 0.0518947 1.42248 -0.0134492 0.999892 -0.00589521 -4.78868 -0.0519701 0.00518877 0.998635 257.415
0.998403 0.0124963 0.0550852 1.45369 -0.0123285 0.999918 -0.00338363 -4.80848 -0.055123 0.00269911 0.998476 258.244
0.998313 0.00816587 0.0574921 1.50993 -0.00817028 0.999967 -0.00015838 -4.82603 -0.0574914 -0.000311614 0.998346 259.105
0.99819 0.00605358 0.0598375 1.56354 -0.00618106 0.999979 0.00194561 -4.8455 -0.0598244 -0.00231195 0.998206 259.935
0.997972 0.00577033 0.0633902 1.61543 -0.00593162 0.99998 0.00235641 -4.86349 -0.0633753 -0.00272764 0.997986 260.766
0.997813 0.00799053 0.0656143 1.66655 -0.00801171 0.999968 5.98119e-05 -4.87848 -0.0656117 -0.000585364 0.997845 261.594
0.997634 0.00893444 0.0681688 1.70864 -0.00880314 0.999959 -0.00222634 -4.90018 -0.0681859 0.00162097 0.997671 262.439
0.997451 0.00970878 0.0706886 1.76756 -0.00954668 0.999951 -0.00263057 -4.91744 -0.0707106 0.00194903 0.997495 263.281
0.997224 0.0101844 0.0737651 1.81804 -0.0101744 0.999948 -0.000511528 -4.93991 -0.0737665 -0.000240407 0.997275 264.13
0.99698 0.0107444 0.0769079 1.87896 -0.0109033 0.999939 0.00164749 -4.95938 -0.0768855 -0.00248107 0.997037 265.013
0.996806 0.0121135 0.0789439 1.94035 -0.0122805 0.999923 0.00163021 -4.97794 -0.0789181 -0.00259447 0.996878 265.817
0.996568 0.0118288 0.0819332 1.99639 -0.0119375 0.999928 0.000835867 -4.99543 -0.0819175 -0.00181107 0.996637 266.655
0.99638 0.0104603 0.0843601 2.06617 -0.0105299 0.999944 0.000379987 -5.01394 -0.0843515 -0.00126691 0.996435 267.481
0.996273 0.00738574 0.0859427 2.13225 -0.00748621 0.999972 0.000846807 -5.02919 -0.085934 -0.00148704 0.9963 268.299
0.996296 0.00553113 0.0858086 2.20892 -0.00566775 0.999983 0.00134868 -5.05117 -0.0857997 -0.00183002 0.996311 269.164
0.996274 0.00483288 0.0861133 2.2801 -0.00493634 0.999987 0.00098855 -5.07117 -0.0861074 -0.00140995 0.996285 269.987
0.996322 0.00483812 0.0855464 2.34347 -0.00499135 0.999986 0.00157741 -5.08613 -0.0855376 -0.0019986 0.996333 270.838
0.996367 0.0048126 0.0850242 2.4066 -0.0049589 0.999987 0.00150961 -5.10276 -0.0850158 -0.00192575 0.996378 271.696
0.996384 0.00528835 0.0847953 2.47203 -0.00548585 0.999983 0.00209636 -5.12312 -0.0847828 -0.00255395 0.996396 272.541
0.99646 0.00468247 0.083932 2.53653 -0.00477587 0.999988 0.000912122 -5.14385 -0.0839267 -0.00130974 0.996471 273.436
0.996724 0.00498868 0.0807218 2.60582 -0.00502049 0.999987 0.000191163 -5.16261 -0.0807199 -0.0005958 0.996737 274.267
0.996935 0.00586932 0.078011 2.66131 -0.00583348 0.999983 -0.000687256 -5.17919 -0.0780137 0.000230074 0.996952 275.121
0.997086 0.0067489 0.0759902 2.71696 -0.0067004 0.999977 -0.000893215 -5.2011 -0.0759945 0.000381446 0.997108 275.982
0.997189 0.00790963 0.0745085 2.76973 -0.00784926 0.999969 -0.00110306 -5.22089 -0.0745148 0.000515119 0.99722 276.79
0.997287 0.00894977 0.0730656 2.81837 -0.00895777 0.99996 -0.000218131 -5.24275 -0.0730646 -0.000436966 0.997327 277.673
0.997489 0.00822088 0.0703485 2.87087 -0.00832515 0.999965 0.00118921 -5.26195 -0.0703363 -0.00177189 0.997522 278.507
0.997779 0.00690637 0.0662524 2.92216 -0.00716793 0.999967 0.00371109 -5.27963 -0.0662246 -0.00417774 0.997796 279.355
0.998021 0.0050024 0.0626818 2.97352 -0.00537473 0.999969 0.00577291 -5.30105 -0.062651 -0.00609838 0.998017 280.201
0.998346 0.0051848 0.0572532 3.01143 -0.00561006 0.999958 0.00726952 -5.31912 -0.057213 -0.00757869 0.998333 281.014
0.998651 0.00436225 0.0517322 3.04581 -0.00475886 0.99996 0.00754606 -5.33313 -0.0516973 -0.00778207 0.998633 281.858
0.998847 0.00415271 0.0478291 3.07708 -0.00454984 0.999956 0.00819729 -5.34796 -0.0477929 -0.00840545 0.998822 282.668
0.999005 0.00298577 0.0445059 3.10554 -0.00336063 0.99996 0.00835014 -5.36273 -0.0444792 -0.0084914 0.998974 283.456
0.999226 0.00273784 0.0392364 3.13388 -0.00305965 0.999962 0.00814439 -5.3779 -0.0392126 -0.00825814 0.999197 284.251
0.999364 0.00343215 0.0354935 3.14634 -0.00370847 0.999963 0.00772212 -5.39225 -0.0354656 -0.00784883 0.99934 285.004
0.999492 0.00363041 0.0316561 3.16495 -0.00387764 0.999963 0.00775207 -5.40648 -0.0316268 -0.00787089 0.999469 285.751
0.999631 0.00309514 0.0269914 3.17971 -0.00330274 0.999965 0.00765006 -5.42158 -0.0269667 -0.00773638 0.999606 286.488
0.999738 0.00203568 0.0228028 3.18907 -0.00220044 0.999972 0.00720272 -5.4394 -0.0227875 -0.00725101 0.999714 287.205
0.999801 0.00328601 0.0196801 3.192 -0.00340147 0.999977 0.00583613 -5.45349 -0.0196605 -0.00590191 0.999789 287.906
0.999898 0.00484093 0.0134291 3.18722 -0.00489267 0.999981 0.00382248 -5.47025 -0.0134104 -0.00388779 0.999902 288.567
0.999971 0.00580271 0.00484745 3.18313 -0.00581338 0.999981 0.00218914 -5.48764 -0.00483465 -0.00221725 0.999986 289.236
0.999966 0.00591391 -0.00571851 3.1762 -0.0059069 0.999982 0.00124234 -5.50564 0.00572575 -0.00120852 0.999983 289.844
0.999806 0.00600301 -0.0187479 3.1554 -0.00598624 0.999982 0.000950636 -5.52113 0.0187532 -0.000838223 0.999824 290.482
0.99932 0.00699982 -0.0361938 3.11852 -0.0069311 0.999974 0.00202377 -5.53932 0.036207 -0.00177153 0.999343 291.093
0.998377 0.00932384 -0.0561814 3.07005 -0.00918172 0.999954 0.00278713 -5.55183 0.0562047 -0.00226677 0.998417 291.676
0.996847 0.0113613 -0.0785323 3.00048 -0.0111821 0.999934 0.00272119 -5.56675 0.078558 -0.00183445 0.996908 292.266
0.994564 0.0131252 -0.103301 2.91878 -0.0129046 0.999913 0.00280356 -5.58193 0.103329 -0.00145526 0.994646 292.839
0.991265 0.0147301 -0.131064 2.82496 -0.0144189 0.999891 0.00332301 -5.59401 0.131098 -0.00140418 0.991368 293.404
0.986729 0.0158714 -0.161599 2.70566 -0.0153167 0.999872 0.00467753 -5.60238 0.161652 -0.00214029 0.986846 293.924
0.980848 0.0158451 -0.194127 2.56773 -0.0148197 0.999867 0.00673354 -5.61518 0.194208 -0.00372767 0.980953 294.455
0.973377 0.0161159 -0.228641 2.41937 -0.0144793 0.999856 0.00883371 -5.62536 0.22875 -0.00528798 0.973471 294.956
0.963779 0.0176245 -0.266119 2.25533 -0.0150434 0.999818 0.0117346 -5.63331 0.266277 -0.00730624 0.963869 295.445
0.952216 0.0192733 -0.304817 2.06618 -0.0156084 0.999774 0.0144556 -5.63946 0.305027 -0.00900714 0.952301 295.941
0.938216 0.0205687 -0.345438 1.8725 -0.0157329 0.999735 0.0167972 -5.64511 0.345692 -0.0103247 0.938291 296.384
0.922298 0.020718 -0.385923 1.64374 -0.014459 0.999713 0.019114 -5.64854 0.386209 -0.0120487 0.922333 296.841
0.903978 0.0207058 -0.427076 1.40592 -0.0131912 0.999702 0.0205469 -5.64902 0.427375 -0.0129402 0.903982 297.271
0.88308 0.0201652 -0.468788 1.16095 -0.01124 0.999699 0.0218292 -5.65207 0.469087 -0.0140078 0.883041 297.659
0.859361 0.0198173 -0.510985 0.874574 -0.0092387 0.999687 0.023233 -5.65283 0.511286 -0.0152447 0.859276 298.069
0.831757 0.0204719 -0.554762 0.582258 -0.00775836 0.999651 0.0252572 -5.65283 0.555085 -0.0167038 0.831626 298.445
0.801338 0.02192 -0.59781 0.272822 -0.00770753 0.999624 0.0263218 -5.64889 0.598162 -0.016485 0.801206 298.772
0.76783 0.0214376 -0.640294 -0.0545521 -0.00569696 0.999629 0.0266368 -5.64747 0.640628 -0.0168048 0.767668 299.129
0.730281 0.0204818 -0.68284 -0.387732 -0.00138939 0.999593 0.0284969 -5.64448 0.683146 -0.019862 0.730012 299.411
0.688266 0.0198426 -0.725187 -0.748875 0.00525111 0.999463 0.0323311 -5.64398 0.725439 -0.0260605 0.687793 299.733
0.642348 0.0211308 -0.766122 -1.11896 0.00960191 0.999319 0.0356133 -5.63973 0.766353 -0.0302324 0.641708 299.973
0.592465 0.0251433 -0.805203 -1.49091 0.00942511 0.999228 0.0381368 -5.63722 0.805541 -0.0301839 0.591771 300.157
0.540598 0.0315594 -0.840689 -1.89943 0.0051922 0.999152 0.0408469 -5.62876 0.841265 -0.0264467 0.539976 300.37
0.486579 0.0360783 -0.872891 -2.29866 0.00257002 0.999084 0.0427267 -5.61862 0.873633 -0.0230333 0.48604 300.523
0.430336 0.0387228 -0.901838 -2.68349 0.00241222 0.999027 0.0440469 -5.61354 0.902666 -0.0211304 0.429824 300.65
0.373243 0.0409802 -0.926828 -3.09243 0.00405652 0.998942 0.0458023 -5.60151 0.927725 -0.0208551 0.372682 300.765
0.315288 0.0444364 -0.947955 -3.48229 0.00693393 0.998769 0.0491245 -5.59438 0.948971 -0.0220614 0.314592 300.85
0.256871 0.0482512 -0.965241 -3.91471 0.00922423 0.998585 0.0523729 -5.57909 0.966402 -0.0223567 0.256062 300.897
0.195442 0.0516793 -0.979353 -4.32196 0.0124955 0.998398 0.0551779 -5.576 0.980636 -0.0230215 0.194483 300.936
0.131333 0.0557123 -0.989772 -4.72915 0.013206 0.998233 0.0579408 -5.55451 0.99125 -0.0206805 0.130365 300.956
0.0666989 0.0614458 -0.995879 -5.18495 0.0158551 0.997911 0.062633 -5.53839 0.997647 -0.0199674 0.0655853 300.906
0.000629476 0.068303 -0.997664 -5.62283 0.0184618 0.997494 0.0683029 -5.51669 0.999829 -0.0184616 -0.000633094 300.856
-0.0665858 0.0750721 -0.994953 -6.05708 0.0213268 0.997045 0.0738027 -5.49395 0.997553 -0.0163049 -0.0679901 300.793
-0.133168 0.0812921 -0.987754 -6.5335 0.0241101 0.996601 0.0787697 -5.468 0.9908 -0.0133253 -0.134675 300.663
-0.199332 0.0872468 -0.97604 -6.96858 0.0290141 0.996117 0.083116 -5.44396 0.979503 -0.0117513 -0.201089 300.539
-0.263639 0.091705 -0.960253 -7.4437 0.0339211 0.995736 0.0857807 -5.41586 0.964025 -0.00995776 -0.265625 300.339
-0.325615 0.0941828 -0.9408 -7.90334 0.0386379 0.995521 0.0862881 -5.38589 0.944713 -0.00825374 -0.327796 300.117
-0.385859 0.0953533 -0.917617 -8.34634 0.0430033 0.995422 0.0853555 -5.35454 0.921555 -0.00652537 -0.388193 299.912
-0.441776 0.0954591 -0.892032 -8.81203 0.0461466 0.995425 0.0836695 -5.31691 0.895938 -0.00420104 -0.44416 299.62
-0.494229 0.0955781 -0.864062 -9.25533 0.0490896 0.99542 0.0820298 -5.28184 0.867944 -0.00187487 -0.496658 299.324
-0.541196 0.095792 -0.835422 -9.71196 0.0513744 0.995401 0.0808547 -5.24415 0.839325 0.000838979 -0.543629 298.958
-0.582819 0.0968503 -0.80681 -10.1752 0.0536083 0.995292 0.0807506 -5.20184 0.810832 0.0038113 -0.585267 298.584
-0.621007 0.100562 -0.777328 -10.6337 0.0589732 0.994919 0.0815977 -5.16109 0.781584 0.00483123 -0.623782 298.181
-0.658503 0.107502 -0.74486 -11.1077 0.0676655 0.994194 0.0836667 -5.12277 0.74953 0.00469346 -0.661954 297.718
-0.694618 0.113206 -0.710416 -11.5571 0.0749566 0.993555 0.0850344 -5.08088 0.715463 0.00581608 -0.698627 297.262
-0.728211 0.115481 -0.675553 -12.0184 0.0791168 0.993277 0.08451 -5.0368 0.680771 0.00809354 -0.732452 296.722
-0.759602 0.111983 -0.640675 -12.442 0.0793931 0.993664 0.0795504 -4.98828 0.645524 0.00956156 -0.76368 296.168
-0.787629 0.108876 -0.606455 -12.8833 0.0807635 0.994015 0.0735639 -4.95028 0.610834 0.00896164 -0.791708 295.561
-0.813866 0.103953 -0.571678 -13.2857 0.0801947 0.994547 0.0666779 -4.89691 0.575492 0.00842132 -0.817764 294.906
-0.837722 0.100585 -0.536754 -13.6954 0.0803054 0.994896 0.0611047 -4.86401 0.54016 0.00808446 -0.841523 294.249
-0.859548 0.0991743 -0.501339 -14.0764 0.0804399 0.995017 0.0589184 -4.81915 0.504684 0.0103155 -0.863242 293.519
-0.879998 0.0966644 -0.465038 -14.4379 0.07928 0.99523 0.0568494 -4.7859 0.468315 0.0131591 -0.883464 292.796
-0.898438 0.0951863 -0.428659 -14.8013 0.0796754 0.995356 0.0540309 -4.74675 0.431811 0.0143899 -0.901849 291.989
-0.915663 0.0975877 -0.389921 -15.126 0.0836267 0.995104 0.0526674 -4.71116 0.393152 0.0156178 -0.919341 291.175
-0.93054 0.101274 -0.351908 -15.4321 0.0886523 0.994713 0.051844 -4.68592 0.355298 0.0170455 -0.934598 290.307
-0.943864 0.101571 -0.314333 -15.711 0.0898471 0.994618 0.0516033 -4.63962 0.317882 0.0204646 -0.947909 289.421
-0.954979 0.105119 -0.277426 -15.9627 0.0944101 0.994189 0.0517192 -4.61146 0.28125 0.023199 -0.959354 288.512
-0.964808 0.104715 -0.241205 -16.2028 0.0954436 0.994186 0.0498402 -4.57592 0.245022 0.0250647 -0.969194 287.537
-0.97299 0.102132 -0.207024 -16.3963 0.0948841 0.994486 0.0446705 -4.53807 0.210445 0.0238206 -0.977315 286.593
-0.979577 0.100917 -0.173908 -16.5569 0.0953018 0.99463 0.040362 -4.51108 0.177048 0.022964 -0.983934 285.55
-0.984737 0.0999506 -0.14249 -16.7005 0.0953281 0.994685 0.0389233 -4.4823 0.145623 0.0247459 -0.989031 284.534
-0.988898 0.0985167 -0.111243 -16.8032 0.094888 0.994783 0.0374687 -4.45323 0.114354 0.0264971 -0.993087 283.464
-0.991889 0.0971972 -0.0819039 -16.9036 0.0946115 0.994903 0.0348903 -4.42585 0.0848777 0.0268583 -0.996029 282.349
-0.993785 0.0963747 -0.0557029 -16.959 0.0946109 0.994951 0.0334847 -4.40536 0.0586487 0.0280066 -0.997886 281.259
-0.995131 0.0939732 -0.0297268 -16.9791 0.092973 0.995108 0.033412 -4.37805 0.0327212 0.0304855 -0.998999 280.076
-0.995756 0.0918185 -0.00625378 -16.9949 0.0915601 0.995236 0.0334962 -4.3547 0.00929957 0.0327815 -0.999419 278.91
